# Radial distribution function (200 data points):
"Pair separation distance" Al-Al Al-Be Al-Cl Al-F Al-K Be-Be Be-Cl Be-F Be-K Cl-Cl Cl-F Cl-K F-F F-K K-K
0.0125 0.0 0.0 0.0 0.0 0.0 0.0 0.0 0.0 0.0 0.0 0.0 0.0 0.0 0.0 0.0 
0.0375 0.0 0.0 0.0 0.0 0.0 0.0 0.0 0.0 0.0 0.0 0.0 0.0 0.0 0.0 0.0 
0.0625 0.0 0.0 0.0 0.0 0.0 0.0 0.0 0.0 0.0 0.0 0.0 0.0 0.0 0.0 0.0 
0.0875 0.0 0.0 0.0 0.0 0.0 0.0 0.0 0.0 0.0 0.0 0.0 0.0 0.0 0.0 0.0 
0.1125 0.0 0.0 0.0 0.0 0.0 0.0 0.0 0.0 0.0 0.0 0.0 0.0 0.0 0.0 0.0 
0.1375 0.0 0.0 0.0 0.0 0.0 0.0 0.0 0.0 0.0 0.0 0.0 0.0 0.0 0.0 0.0 
0.1625 0.0 0.0 0.0 0.0 0.0 0.0 0.0 0.0 0.0 0.0 0.0 0.0 0.0 0.0 0.0 
0.1875 0.0 0.0 0.0 0.0 0.0 0.0 0.0 0.0 0.0 0.0 0.0 0.0 0.0 0.0 0.0 
0.2125 0.0 0.0 0.0 0.0 0.0 0.0 0.0 0.0 0.0 0.0 0.0 0.0 0.0 0.0 0.0 
0.2375 0.0 0.0 0.0 0.0 0.0 0.0 0.0 0.0 0.0 0.0 0.0 0.0 0.0 0.0 0.0 
0.2625 0.0 0.0 0.0 0.0 0.0 0.0 0.0 0.0 0.0 0.0 0.0 0.0 0.0 0.0 0.0 
0.2875 0.0 0.0 0.0 0.0 0.0 0.0 0.0 0.0 0.0 0.0 0.0 0.0 0.0 0.0 0.0 
0.3125 0.0 0.0 0.0 0.0 0.0 0.0 0.0 0.0 0.0 0.0 0.0 0.0 0.0 0.0 0.0 
0.3375 0.0 0.0 0.0 0.0 0.0 0.0 0.0 0.0 0.0 0.0 0.0 0.0 0.0 0.0 0.0 
0.3625 0.0 0.0 0.0 0.0 0.0 0.0 0.0 0.0 0.0 0.0 0.0 0.0 0.0 0.0 0.0 
0.3875 0.0 0.0 0.0 0.0 0.0 0.0 0.0 0.0 0.0 0.0 0.0 0.0 0.0 0.0 0.0 
0.4125 0.0 0.0 0.0 0.0 0.0 0.0 0.0 0.0 0.0 0.0 0.0 0.0 0.0 0.0 0.0 
0.4375 0.0 0.0 0.0 0.0 0.0 0.0 0.0 0.0 0.0 0.0 0.0 0.0 0.0 0.0 0.0 
0.4625 0.0 0.0 0.0 0.0 0.0 0.0 0.0 0.0 0.0 0.0 0.0 0.0 0.0 0.0 0.0 
0.4875 0.0 0.0 0.0 0.0 0.0 0.0 0.0 0.0 0.0 0.0 0.0 0.0 0.0 0.0 0.0 
0.5125 0.0 0.0 0.0 0.0 0.0 0.0 0.0 0.0 0.0 0.0 0.0 0.0 0.0 0.0 0.0 
0.5375 0.0 0.0 0.0 0.0 0.0 0.0 0.0 0.0 0.0 0.0 0.0 0.0 0.0 0.0 0.0 
0.5625 0.0 0.0 0.0 0.0 0.0 0.0 0.0 0.0 0.0 0.0 0.0 0.0 0.0 0.0 0.0 
0.5875 0.0 0.0 0.0 0.0 0.0 0.0 0.0 0.0 0.0 0.0 0.0 0.0 0.0 0.0 0.0 
0.6125 0.0 0.0 0.0 0.0 0.0 0.0 0.0 0.0 0.0 0.0 0.0 0.0 0.0 0.0 0.0 
0.6375 0.0 0.0 0.0 0.0 0.0 0.0 0.0 0.0 0.0 0.0 0.0 0.0 0.0 0.0 0.0 
0.6625 0.0 0.0 0.0 0.0 0.0 0.0 0.0 0.0 0.0 0.0 0.0 0.0 0.0 0.0 0.0 
0.6875 0.0 0.0 0.0 0.0 0.0 0.0 0.0 0.0 0.0 0.0 0.0 0.0 0.0 0.0 0.0 
0.7125 0.0 0.0 0.0 0.0 0.0 0.0 0.0 0.0 0.0 0.0 0.0 0.0 0.0 0.0 0.0 
0.7375 0.0 0.0 0.0 0.0 0.0 0.0 0.0 0.0 0.0 0.0 0.0 0.0 0.0 0.0 0.0 
0.7625 0.0 0.0 0.0 0.0 0.0 0.0 0.0 0.0 0.0 0.0 0.0 0.0 0.0 0.0 0.0 
0.7875 0.0 0.0 0.0 0.0 0.0 0.0 0.0 0.0 0.0 0.0 0.0 0.0 0.0 0.0 0.0 
0.8125 0.0 0.0 0.0 0.0 0.0 0.0 0.0 0.0 0.0 0.0 0.0 0.0 0.0 0.0 0.0 
0.8375 0.0 0.0 0.0 0.0 0.0 0.0 0.0 0.0 0.0 0.0 0.0 0.0 0.0 0.0 0.0 
0.8625 0.0 0.0 0.0 0.0 0.0 0.0 0.0 0.0 0.0 0.0 0.0 0.0 0.0 0.0 0.0 
0.8875 0.0 0.0 0.0 0.0 0.0 0.0 0.0 0.0 0.0 0.0 0.0 0.0 0.0 0.0 0.0 
0.9125 0.0 0.0 0.0 0.0 0.0 0.0 0.0 0.0 0.0 0.0 0.0 0.0 0.0 0.0 0.0 
0.9375 0.0 0.0 0.0 0.0 0.0 0.0 0.0 0.0 0.0 0.0 0.0 0.0 0.0 0.0 0.0 
0.9625 0.0 0.0 0.0 0.0 0.0 0.0 0.0 0.0 0.0 0.0 0.0 0.0 0.0 0.0 0.0 
0.9875 0.0 0.0 0.0 0.0 0.0 0.0 0.0 0.0 0.0 0.0 0.0 0.0 0.0 0.0 0.0 
1.0125 0.0 0.0 0.0 0.0 0.0 0.0 0.0 0.0 0.0 0.0 0.0 0.0 0.0 0.0 0.0 
1.0375 0.0 0.0 0.0 0.0 0.0 0.0 0.0 0.0 0.0 0.0 0.0 0.0 0.0 0.0 0.0 
1.0625 0.0 0.0 0.0 0.0 0.0 0.0 0.0 0.0 0.0 0.0 0.0 0.0 0.0 0.0 0.0 
1.0875 0.0 0.0 0.0 0.0 0.0 0.0 0.0 0.0 0.0 0.0 0.0 0.0 0.0 0.0 0.0 
1.1125 0.0 0.0 0.0 0.0 0.0 0.0 0.0 0.0 0.0 0.0 0.0 0.0 0.0 0.0 0.0 
1.1375 0.0 0.0 0.0 0.0 0.0 0.0 0.0 0.0 0.0 0.0 0.0 0.0 0.0 0.0 0.0 
1.1625 0.0 0.0 0.0 0.0 0.0 0.0 0.0 0.0 0.0 0.0 0.0 0.0 0.0 0.0 0.0 
1.1875 0.0 0.0 0.0 0.0 0.0 0.0 0.0 0.0 0.0 0.0 0.0 0.0 0.0 0.0 0.0 
1.2125 0.0 0.0 0.0 0.0 0.0 0.0 0.0 0.0 0.0 0.0 0.0 0.0 0.0 0.0 0.0 
1.2375 0.0 0.0 0.0 0.0 0.0 0.0 0.0 0.0 0.0 0.0 0.0 0.0 0.0 0.0 0.0 
1.2625 0.0 0.0 0.0 0.0 0.0 0.0 0.0 7.4221252778e-04 0.0 0.0 0.0 0.0 0.0 0.0 0.0 
1.2875 0.0 0.0 0.0 0.0 0.0 0.0 0.0 0.0042820169 0.0 0.0 0.0 0.0 0.0 0.0 0.0 
1.3125 0.0 0.0 0.0 0.0 0.0 0.0 0.0 0.0391442833 0.0 0.0 0.0 0.0 0.0 0.0 0.0 
1.3375 0.0 0.0 0.0 0.0 0.0 0.0 0.0 0.2188935745 0.0 0.0 0.0 0.0 0.0 0.0 0.0 
1.3625 0.0 0.0 0.0 0.0 0.0 0.0 0.0 0.7303056431 0.0 0.0 0.0 0.0 0.0 0.0 0.0 
1.3875 0.0 0.0 0.0 0.0 0.0 0.0 0.0 2.0979301724 0.0 0.0 0.0 0.0 0.0 0.0 0.0 
1.4125 0.0 0.0 0.0 0.0 0.0 0.0 0.0 4.5070017593 0.0 0.0 0.0 0.0 0.0 0.0 0.0 
1.4375 0.0 0.0 0.0 0.0 0.0 0.0 0.0 8.147305678 0.0 0.0 0.0 0.0 0.0 0.0 0.0 
1.4625 0.0 0.0 0.0 0.0 0.0 0.0 0.0 12.5260344141 0.0 0.0 0.0 0.0 0.0 0.0 0.0 
1.4875 0.0 0.0 0.0 0.0010693283 0.0 0.0 0.0 16.5066866312 0.0 0.0 0.0 0.0 0.0 0.0 0.0 
1.5125 0.0 0.0 0.0 0.0031028147 0.0 0.0 0.0 19.4587853008 0.0 0.0 0.0 0.0 0.0 0.0 0.0 
1.5375 0.0 0.0 0.0 0.0230209509 0.0 0.0 0.0 20.2279090434 0.0 0.0 0.0 0.0 0.0 0.0 0.0 
1.5625 0.0 0.0 0.0 0.1324489519 0.0 0.0 0.0 19.3890728464 0.0 0.0 0.0 0.0 0.0 0.0 0.0 
1.5875 0.0 0.0 0.0 0.4988452714 0.0 0.0 0.0 17.2702486205 0.0 0.0 0.0 0.0 0.0 0.0 0.0 
1.6125 0.0 0.0 0.0 1.4450324275 0.0 0.0 0.0 14.5422312488 0.0 0.0 0.0 0.0 0.0 0.0 0.0 
1.6375 0.0 0.0 0.0 3.3463448272 0.0 0.0 0.0 11.8925100839 0.0 0.0 0.0 0.0 0.0 0.0 0.0 
1.6625 0.0 0.0 0.0 6.1941583057 0.0 0.0 0.0 9.0712302695 0.0 0.0 0.0 0.0 0.0 0.0 0.0 
1.6875 0.0 0.0 0.0 10.0135217573 0.0 0.0 0.0 6.7953744455 0.0 0.0 6.6470618773e-04 0.0 0.0 0.0 0.0 
1.7125 0.0 0.0 0.0 13.518755679 0.0 0.0 0.0 5.0784081894 0.0 0.0 4.8408053279e-04 0.0 0.0 0.0 0.0 
1.7375 0.0 0.0 0.0 16.0292759589 0.0 0.0 0.0056430074 3.5789990547 0.0 0.0 0.001567502 0.0 0.0 0.0 0.0 
1.7625 0.0 0.0 0.0 17.4347410188 0.0 0.0 0.0054840601 2.5569430144 0.0 0.0 0.00182802 0.0 0.0 0.0 0.0 
1.7875 0.0 0.0 0.0 17.478217265 0.0 0.0 0.0213269401 1.8057549769 0.0 0.0 0.00236966 0.0 0.0 0.0 0.0 
1.8125 0.0 0.0 0.0 16.595822449 0.0 0.0 0.0414853548 1.3345896248 0.0 0.0 0.0051856693 0.0 0.0 0.0 0.0 
1.8375 0.0 0.0 0.0 14.7651676208 0.0 0.0 0.1093197033 0.9418312901 0.0 0.0 0.0054659852 0.0 0.0 0.0 0.0 
1.8625 0.0 0.0 0.0 12.7485546375 0.0 0.0 0.216083363 0.6957229489 0.0 0.0 0.0058658994 0.0 0.0 0.0 0.0 
1.8875 0.0 0.0 0.0 10.6949742575 0.0 0.0 0.3602256652 0.5120464378 0.0 0.0 0.0054458895 0.0 0.0 0.0 0.0 
1.9125 0.0 0.0 0.0010350138 8.863168405 0.0 0.0 0.6241133377 0.3764862796 0.0 0.0 0.0045281855 0.0 0.0 0.0 0.0 
1.9375 0.0 0.0 0.0050423824 7.0700504487 0.0 0.0 0.7941752309 0.2562160566 0.0 0.0 0.0040339059 0.0 0.0 0.0 0.0 
1.9625 0.0 0.0 0.0196589363 5.7103066507 0.0 0.0 1.0247220541 0.2027327805 0.0 0.0 0.0025802354 0.0 1.5358543977e-04 0.0 0.0 
1.9875 0.0 0.0 0.0613359642 4.4576391149 0.0 0.0 1.3714338239 0.1581317826 0.0 0.0 0.0022761393 0.0 1.996613417e-04 1.4974600628e-04 0.0 
2.0125 0.0 0.0 0.1345985411 3.4467508354 0.0 0.0 1.3726247056 0.1326122779 0.0 0.0 0.0030378143 0.0 5.8419505685e-04 6.9373163e-04 0.0 
2.0375 0.0 0.0 0.3255537904 2.7121883235 0.0 0.0 1.5757897752 0.1091448719 0.0 0.0 0.0026217567 0.0 0.0015673546 0.0022441668 0.0 
2.0625 0.0 0.0 0.6202899857 2.1404973354 0.0 0.0 1.711359602 0.0806510473 0.0 0.0 0.0010011854 0.0 0.0027347194 0.0066745694 0.0 
2.0875 0.0 0.0 1.013836495 1.6015851086 0.0 0.0 1.5950332518 0.0735726462 0.0 0.0 9.7734880625e-04 0.0 0.0065156587 0.0140833248 0.0 
2.1125 0.0 0.0 1.462493623 1.3219562428 0.0 0.0 1.6122210734 0.0569961081 0.0 0.0 5.3019635405e-04 0.0 0.0144478506 0.0294258976 0.0 
2.1375 0.0 0.0 1.9728652413 1.0721568331 0.0 0.0 1.4802703711 0.0401346746 0.0 0.0 4.1429341481e-04 0.0 0.0302520504 0.0617879788 0.0 
2.1625 0.0 0.0 2.4909536726 0.8522091937 0.0 0.0 1.3272403465 0.0354173621 0.0 0.0 5.0596231568e-04 0.0 0.0611792767 0.1102365395 0.0 
2.1875 0.0 0.0 2.9620351854 0.7143351859 0.0 0.0 1.2816498399 0.0375792391 0.0 0.0 0.0010878201 0.0 0.1040021925 0.1987743965 0.0 
2.2125 0.0 0.0 3.2365290261 0.5751895969 0.0 0.0 1.146125691 0.0345597111 0.0 0.0 1.9334104099e-04 0.0 0.175175039 0.3220940905 0.0 
2.2375 0.0 0.0 3.3627280521 0.4730844924 0.0 0.0 0.9788737269 0.035445891 0.0 0.0 2.835671283e-04 0.0 0.2786440879 0.4846339452 0.0 
2.2625 0.0 0.0 3.4108524093 0.4033685498 0.0 0.0 0.7332741032 0.0365157931 0.0 0.0 3.6978018315e-04 0.0 0.418853095 0.6880800314 0.0 
2.2875 0.0 0.0 3.3338124616 0.3430518104 0.0 0.0 0.6543909226 0.028487167 0.0 0.0 2.7130635267e-04 0.0 0.614094393 0.9409243444 0.0 
2.3125 0.0094390057 0.0 3.0546982132 0.2874472199 0.0 0.0 0.5829765883 0.0261047501 0.0 0.0 3.53962713e-04 0.0 0.8460814974 1.2221392267 0.0 
2.3375 0.0115477293 0.0 2.742354751 0.2430797015 0.0 0.0 0.4448185321 0.022951112 0.0 0.0 8.6607969651e-05 0.0 1.1259036055 1.532473893 0.0 
2.3625 0.0045218513 0.0 2.353623606 0.2286361068 0.0 0.0 0.3896705365 0.0243756047 0.0 0.0 0.0013565554 0.0 1.4493946522 1.8565997269 0.0 
2.3875 0.0221382476 0.0016603686 2.0987058705 0.2000744125 0.0 0.0 0.3267605343 0.0238677982 0.0012452764 0.0 0.0018264054 0.0014943317 1.7940282382 2.1709319032 0.0 
2.4125 0.0130090831 0.0097568123 1.6989862558 0.1787393817 0.0 0.0780544987 0.2146498715 0.0272377678 6.0980077139e-04 0.0 0.0041466452 0.0026831234 2.1439240009 2.4248219507 0.0 
2.4375 0.0127436009 0.0318590023 1.4081679039 0.166728779 0.0 0.0477885035 0.1930655542 0.0296686959 5.9735629406e-04 0.0 0.0086815781 0.0080045743 2.4873252355 2.6698590664 0.0 
2.4625 0.0249723266 0.0109253929 1.1930529034 0.1454117768 0.0 0.018729245 0.1657538178 0.030435023 0.0011705778 0.0 0.0110814699 0.0193145339 2.8227833554 2.8588192682 0.0 
2.4875 0.0469063857 0.0198842287 0.9764685857 0.1346009329 0.0 0.0367093453 0.1358245777 0.0380477069 0.0020075423 0.0 0.0198842287 0.0321206772 3.0781040984 3.0505800559 4.3018764057e-04 
2.5125 0.0739639283 0.0044978064 0.837191707 0.1315608386 0.0 0.0359824516 0.1196416515 0.0406676666 0.0036544677 0.0 0.0336585849 0.0607203871 3.2837735247 3.170531877 2.1083467728e-04 
2.5375 0.0940718297 0.0367468085 0.6667340932 0.1177122765 0.0 0.0573250212 0.1111223489 0.0540178085 0.0060632234 0.0 0.0488732553 0.1105711467 3.4139622428 3.2001187841 6.2010239328e-04 
2.5625 0.1383678753 0.0302679727 0.5661552232 0.1111026777 0.0 0.0864799221 0.0778319299 0.0657607741 0.0224307298 0.0 0.0704090699 0.2014982184 3.4718986217 3.2385829986 0.0012161239 
2.5875 0.2186391159 0.0424084492 0.4450059936 0.1048431105 0.0 0.1314661925 0.0678535187 0.0763352086 0.0280955976 0.0 0.1012148321 0.3089455524 3.4570837684 3.2245441053 0.0022529489 
2.6125 0.2033811701 0.0416006939 0.4271004571 0.0881703595 0.0 0.1747229143 0.0574089575 0.0856280949 0.0434207242 0.0 0.1207113467 0.4577116344 3.3629249804 3.167481165 0.0057850965 
2.6375 0.2267544368 0.0530605382 0.3319684955 0.0899081342 0.0 0.2163237327 0.0375505347 0.0940464027 0.0635195866 0.0 0.1744195128 0.6599914638 3.1907750578 3.0812951813 0.0082907091 
2.6625 0.3328841764 0.0560740725 0.2883809443 0.0923442067 0.0 0.2363121627 0.0400529089 0.1044713374 0.105889878 0.0025633862 0.2296366778 0.9337334393 2.9974317572 2.9672112811 0.012141038 
2.6875 0.4437798793 0.05372532 0.2353431092 0.0895422001 0.0 0.4088365818 0.0345938646 0.1166232557 0.132675333 0.0062897936 0.287889093 1.1937831631 2.7891849331 2.8677322792 0.0206383851 
2.7125 0.5745610848 0.0707481933 0.1615631468 0.0926158167 1.6079134836e-04 0.6020028083 0.0308719389 0.1279899133 0.1765489005 0.0024697551 0.3588862895 1.5399309015 2.5498292023 2.7474618684 0.0242995925 
2.7375 0.616316479 0.0820913343 0.1505428777 0.0964046951 0.0039466988 0.6024240994 0.0197019202 0.1367136452 0.2533780607 0.0042434905 0.4125405284 1.9098548924 2.313581127 2.6037358423 0.0358754918 
2.7625 0.7837991226 0.1190580946 0.1572558999 0.0876399863 0.0023253534 0.8520094893 0.0223233927 0.1483575475 0.2927619943 0.0148822618 0.4756742935 2.3251673814 2.1094572642 2.4631499772 0.0483092171 
2.7875 0.8867351992 0.118150157 0.1339847142 0.0953118535 0.0041108946 0.9171862706 0.0226555971 0.1659583391 0.3562775354 0.0292330285 0.5430644074 2.6818563093 1.8756591188 2.3233215882 0.0680581446 
2.8125 1.2491304895 0.1782762863 0.1115124153 0.1061880565 0.0061319864 1.094783906 0.0301514256 0.1912880623 0.4491306106 0.030438582 0.6315048586 3.0421532129 1.6989091962 2.2125440657 0.0836791797 
2.8375 1.4905273035 0.2480293857 0.104383931 0.1072638931 0.0102855788 1.0755776678 0.0239800923 0.2010095969 0.5679843545 0.0575522214 0.6872529874 3.304491979 1.5285104766 2.0885786089 0.1111944536 
2.8625 1.8819644846 0.3222594668 0.0877839408 0.1201253926 0.0186252111 1.2405256893 0.0443539911 0.2222031001 0.7010442836 0.0870447076 0.766088141 3.5433814434 1.3949416838 1.9600868979 0.1419089487 
2.8875 2.0387072423 0.477892956 0.0658379844 0.1232570312 0.0253987052 1.5324358447 0.0551676904 0.2410748611 0.8404984932 0.1231397337 0.8155964107 3.7707286665 1.2733879706 1.8471527617 0.1758044455 
2.9125 2.3965967967 0.5746030495 0.058018172 0.1249622166 0.0451872301 1.5363658236 0.0548941166 0.2522953681 0.9828222548 0.160665707 0.8737313555 3.9860994557 1.171544025 1.7164174102 0.2195555463 
2.9375 2.62652736 0.6899021615 0.0684418043 0.1318016583 0.0773260769 1.7571117055 0.0559380131 0.266665283 1.1672947145 0.1905841011 0.9180963502 4.0483491743 1.0935790158 1.6043447175 0.2663739392 
2.9625 2.9102157149 0.875652851 0.0621152761 0.150075971 0.1077042223 1.9896299385 0.0601741737 0.2952093201 1.3512903332 0.3007414619 0.924342169 4.1367318075 1.0467798975 1.51247597 0.3205346402 
2.9875 3.1147995523 1.0635987123 0.0606558787 0.1630391845 0.1509769359 2.3414017515 0.0445375333 0.3128231507 1.4983698709 0.397020297 0.9692215584 4.1698265568 0.9855033848 1.4233619046 0.3736480334 
3.0125 3.3024859531 1.3244706822 0.0717508527 0.1747710329 0.1961937379 2.4341059625 0.0619476839 0.3236870772 1.6730567653 0.479562676 0.9883471382 4.0655514048 0.9464012212 1.3510643849 0.4136200705 
3.0375 2.8913717062 1.6269094818 0.0611373298 0.1803688003 0.2750410497 2.6496262241 0.0640095534 0.3521038333 1.8227720475 0.5588526391 0.9997902436 3.9857487164 0.9343061112 1.2507635987 0.4729552036 
3.0625 2.7326831924 1.7780604819 0.0613541869 0.1919841128 0.3491537609 2.6489266543 0.072050805 0.3791749297 1.9925604712 0.7047658573 1.0063903057 3.8314831964 0.909654027 1.1965107093 0.554571716 
3.0875 2.5734392702 1.9300794526 0.0583789464 0.1974922691 0.4503766933 2.7729999543 0.094716862 0.3844769897 2.1149337058 0.7796567863 1.0352334595 3.7130945951 0.9014980159 1.1467913569 0.6080364595 
3.1125 2.3694394376 2.1170596184 0.0636974098 0.2058116719 0.5262119229 2.769664983 0.1189930141 0.4247308118 2.1604119583 0.8389300579 1.0326893722 3.5601185766 0.8911450001 1.0756112417 0.6771666022 
3.1375 2.0715983592 2.3353553903 0.0661475714 0.2299461359 0.6399633313 2.6160979898 0.1257573014 0.4289256581 2.3027863645 1.0951268851 1.0454296763 3.3492976689 0.8856331359 1.0159342771 0.7620971783 
3.1625 1.7866269967 2.4897328539 0.0696481711 0.2385481402 0.8235233813 2.5635447743 0.1317258887 0.4348279158 2.4035006584 1.1646385473 1.0325152098 3.1370066175 0.8737170643 0.9688849577 0.847151476 
3.1875 1.6419608986 2.5467782319 0.0462034383 0.261524502 0.9711105731 2.7023422278 0.1503474786 0.4565616975 2.5110893361 1.3337889333 1.0394376335 2.9977973798 0.865577014 0.9214343083 0.9287554806 
3.2125 1.5358016989 2.6310997655 0.0498890998 0.2799383769 1.1304145516 2.366063923 0.1535190313 0.4878860492 2.5407674801 1.4271217188 1.0313470883 2.792092991 0.8538387978 0.8709385007 0.9952600281 
3.2375 1.3580674997 2.6348676624 0.0534558484 0.3100198415 1.302760562 2.1183685867 0.1647018032 0.5081465994 2.6223953835 1.4961858539 1.0298829035 2.6130157784 0.8612268424 0.8286023333 1.0796281078 
3.2625 1.2792406388 2.5252850423 0.0693564202 0.3458188173 1.4797147785 1.899298891 0.1936644656 0.5450703278 2.6533832382 1.633823855 1.0527948909 2.4336767707 0.8656955736 0.7951535736 1.1426720307 
3.2875 1.2213272225 2.4721367705 0.0809158475 0.3655370493 1.6103260729 1.6839953984 0.2233067221 0.5388916632 2.6867410983 1.7540874377 1.0717846948 2.2994681316 0.8629783144 0.7630056829 1.2207981462 
3.3125 1.1431586786 2.2650412652 0.0883245337 0.3798069956 1.8092944341 1.3895588264 0.2189137369 0.552675244 2.688550504 1.8639236757 1.0683904658 2.1800159633 0.8547094975 0.7302919783 1.3068758714 
3.3375 1.0694522132 2.1284251543 0.0819082574 0.3940347965 1.9773961837 1.2005847277 0.2319601066 0.5638627317 2.6136933444 1.8874925248 1.0798465184 2.0415675649 0.8640797196 0.7049080713 1.3491443427 
3.3625 1.0815115433 1.8616731209 0.0954274891 0.4235641183 2.0929173654 1.1024386242 0.2526317212 0.5866907143 2.5996143128 1.945917178 1.1108513108 1.8779125358 0.8813265748 0.6826675393 1.399276188 
3.3875 1.2470574015 1.8136767367 0.1270151057 0.4529380664 2.2678175977 0.8462175225 0.266731722 0.5976514349 2.5417454677 1.9077998787 1.1215681266 1.7636954679 0.8971644635 0.6625250187 1.4516527565 
3.4125 1.1064007164 1.644971878 0.1264612768 0.4885880735 2.358856351 0.6826958387 0.313064806 0.6381986992 2.5084500449 1.9423671891 1.1071457218 1.6020798865 0.9085509923 0.650478589 1.5098549933 
3.4375 1.0444448086 1.4793631606 0.1239877733 0.5062700584 2.4792548692 0.5742844538 0.3488958272 0.6593858809 2.5201536138 1.9934158279 1.1300668562 1.5207725139 0.9216651418 0.6319782154 1.5467684968 
3.4625 1.0873086408 1.3775558409 0.1376766411 0.5214187008 2.5753189353 0.5778629659 0.3656641063 0.6603584303 2.468203114 2.0071738561 1.1359901749 1.4209745064 0.9403759297 0.6101802681 1.5660693252 
3.4875 1.0396122732 1.1742327247 0.1646571534 0.5292736635 2.624223383 0.4412126938 0.4052620298 0.6625971936 2.3769166648 2.0139842073 1.1519775518 1.3067132558 0.9719291825 0.5927944468 1.6210627097 
3.5125 1.1015777943 1.0448112506 0.1672311693 0.5474647302 2.6951642641 0.3912288824 0.4547460421 0.6844587653 2.3377364065 1.977685014 1.1654018003 1.2437626441 1.0038345 0.5726037429 1.6800907235 
3.5375 1.0023644338 0.9022792527 0.1727414764 0.5839982925 2.6677931927 0.3199196344 0.4651313834 0.6754804338 2.2763076117 2.0111827231 1.1341642643 1.161580545 1.0238247639 0.5588312497 1.7094996423 
3.5625 1.0649075626 0.7874946681 0.1807658215 0.612495853 2.7138177406 0.2170084739 0.5078445729 0.6936254528 2.2567762684 2.0288726268 1.163232536 1.0909150214 1.0498996741 0.5573193356 1.7421501806 
3.5875 1.051097921 0.6677217203 0.1988457634 0.6439445519 2.6971765855 0.1941393548 0.5868303225 0.7218638036 2.1837919754 2.0381102448 1.1568940643 1.0056639192 1.0711062857 0.544557673 1.7824143747 
3.6125 0.8354688582 0.6316782774 0.200164414 0.6554901068 2.6603373605 0.2567326179 0.6487937852 0.7432735643 2.1388492304 2.0315817736 1.1599020125 0.9617138595 1.0551390284 0.5422139404 1.7873376746 
3.6375 0.7973197697 0.4821114158 0.2120145751 0.6686851956 2.6773635448 0.240340409 0.6549276146 0.7898687401 2.125912848 2.0277863654 1.1533120789 0.892317416 1.0559748093 0.5335682258 1.7836423548 
3.6625 0.7479010525 0.5207084686 0.2602131209 0.7060374086 2.5683521873 0.1693360873 0.6896212157 0.8345094055 2.0202588984 2.0174701447 1.1435830432 0.8595923134 1.0383594801 0.5305974315 1.8263492343 
3.6875 0.8009013818 0.4649497014 0.268390127 0.7281079842 2.5309481312 0.1440787248 0.7487917496 0.8586430769 1.9844756248 1.9357498705 1.1036291115 0.786742921 1.0298380674 0.5203060351 1.8377867781 
3.7125 0.6775340449 0.4243743646 0.2798948075 0.7423690173 2.4691652452 0.1565652996 0.781178442 0.8613666563 1.9125172366 1.9486611601 1.111270282 0.7514619362 1.0056001496 0.5160045495 1.844180861 
3.7375 0.5853895328 0.3712887314 0.289713616 0.7376653401 2.3717930939 0.1707386137 0.8471887405 0.9038305981 1.9068352619 1.9805679192 1.1125450027 0.7515039757 0.9811259559 0.5146507296 1.8584021544 
3.7625 0.5339568669 0.3389600979 0.3265248754 0.7554731965 2.3291806923 0.1744942516 0.8897201149 0.9385751625 1.9082801664 1.9739110647 1.1040271354 0.6905058444 0.9557209499 0.5187192622 1.8491752529 
3.7875 0.5392468085 0.3001924525 0.3488830085 0.7620269948 2.2408047052 0.1979290896 0.9227454156 0.9761202934 1.8884909258 1.9267209295 1.1210373751 0.6380244202 0.9273527649 0.5196360218 1.8179168348 
3.8125 0.5018114265 0.270873988 0.3667217069 0.7665538519 2.2057346982 0.1640871274 0.9294363714 1.0056034021 1.8451255624 1.8680928767 1.08899808 0.6194289058 0.8907315606 0.5169436348 1.7882322578 
3.8375 0.4104603103 0.2731403422 0.4141450271 0.7890006905 2.1399742459 0.2410061843 0.9659527867 1.0663720302 1.7960985886 1.7827516661 1.0751446553 0.593405427 0.8709829609 0.5209248255 1.7844097886 
3.8625 0.4339231622 0.2689816093 0.4539699048 0.8009181174 2.0455924512 0.1960266917 1.0250483122 1.1005883714 1.7547243665 1.8507964772 1.069614251 0.575281245 0.8420345574 0.5240066257 1.7350086965 
3.8875 0.3891146522 0.2448666776 0.4726991516 0.8098553076 1.9921250677 0.1784833839 1.1148635792 1.1545056782 1.7383342209 1.8802754805 1.0748144129 0.5522651653 0.8243244649 0.5261345717 1.6981461037 
3.9125 0.3577779073 0.2318549226 0.4956130826 0.8092767266 1.9947251844 0.2040323319 1.1132745965 1.1839285199 1.6928887176 1.8465297006 1.0605971581 0.5278872878 0.820173908 0.5310057366 1.6936132642 
3.9375 0.2995292195 0.2447918825 0.5547802065 0.8368301054 1.942005427 0.1867987931 1.1383738217 1.210529434 1.6554356282 1.8146587073 1.0564204296 0.5087520072 0.8062692735 0.5383342058 1.680674068 
3.9625 0.2829024061 0.2579877055 0.6095260931 0.8352452429 1.9126051161 0.1754075288 1.1616680049 1.238476611 1.6241019255 1.8479635237 1.0533191964 0.5091791228 0.7840721559 0.5448144281 1.6433436341 
3.9875 0.3126996361 0.2648819887 0.6342881958 0.874556993 1.7903343853 0.2267866015 1.2189333403 1.2476239287 1.5602739614 1.7188638676 1.0594089066 0.4911626359 0.7646855314 0.5478723071 1.6318144199 
4.0125 0.3480049674 0.2686457265 0.6884855031 0.893085383 1.7622895129 0.208097565 1.2701005617 1.269086527 1.5082664613 1.7090806115 1.0532734803 0.4589609431 0.7599259654 0.5525295295 1.5861377164 
4.0375 0.3173886318 0.2827468238 0.6402735058 0.9066380444 1.7115036822 0.2490726641 1.3293164842 1.2778037287 1.4816993143 1.6704241103 1.0388187978 0.4498983856 0.7578258364 0.5601050563 1.5709104368 
4.0625 0.3341390913 0.2907468866 0.7340355323 0.9375679107 1.6692856875 0.2580593668 1.3240165914 1.2678600058 1.4380358216 1.6876394432 1.0363664172 0.4444642495 0.7628043728 0.5679456565 1.5368779353 
4.0875 0.3549890373 0.2872012371 0.7139811425 0.9650792392 1.6366080357 0.236218769 1.4003184578 1.2880862189 1.3400954173 1.6045202368 1.0229065757 0.4388740798 0.7643475724 0.5812709456 1.503504849 
4.1125 0.3700858546 0.2798028135 0.7518861204 0.9981499032 1.6478986699 0.2148885607 1.4887748099 1.2889116602 1.2881771779 1.5375276521 1.0019458948 0.435694951 0.7613784308 0.5977287603 1.4835494924 
4.1375 0.3722614048 0.2836189614 0.787941021 1.0259303172 1.5997104577 0.2554229243 1.5401670617 1.2723461741 1.2221738139 1.5723437158 0.9904825542 0.433762859 0.7630898079 0.615725777 1.4231224092 
4.1625 0.3525084499 0.2698437618 0.8624075527 1.0913923805 1.5864928655 0.2589189131 1.5758001699 1.2330057312 1.1680028817 1.5327999656 0.9858583425 0.4328288476 0.7685175826 0.6311745959 1.3989866154 
4.1875 0.3108900233 0.2693300723 0.8966154632 1.084741709 1.5449372058 0.3335590875 1.6635854687 1.2648123411 1.1082541164 1.4824272613 0.9683198722 0.4307931808 0.7734581256 0.6497453059 1.3623196775 
4.2125 0.3299672572 0.2608092491 0.896245117 1.1007945932 1.4754523242 0.355212597 1.7072605448 1.2480442596 1.0576375071 1.5322143371 0.9561139068 0.4338953873 0.789261323 0.6691320629 1.3401475258 
4.2375 0.3295991851 0.3025425356 0.8616664411 1.1181951033 1.4420183965 0.3526149065 1.6912865649 1.2016710163 0.9961766416 1.4959726938 0.9442067914 0.4398989551 0.7733875336 0.6905128184 1.3110643226 
4.2625 0.3590827007 0.3281751955 0.9034715223 1.1460954379 1.441887208 0.3406771077 1.6496273159 1.1656079711 0.9534661483 1.3994640526 0.9323040573 0.4238538923 0.7786672768 0.7050313395 1.2930444551 
4.2875 0.3947228945 0.335171223 0.9292120173 1.1537921824 1.3930071279 0.3336266552 1.6891393985 1.1618368066 0.9022206942 1.4106229242 0.9193010403 0.4188868004 0.7968039386 0.7267593956 1.2603190962 
4.3125 0.4220509877 0.3669197293 0.9801489578 1.2033033285 1.3463689442 0.3603039783 1.7462529252 1.1474511229 0.8307220431 1.3095522898 0.9106835722 0.4112579837 0.8135147292 0.7507684657 1.2522614764 
4.3375 0.4044558329 0.3360404183 0.968480559 1.2163019833 1.3077531026 0.4165291413 1.7445930701 1.125270076 0.8116470247 1.3244419363 0.893223603 0.4048708528 0.8182496152 0.7748297221 1.2312652351 
4.3625 0.395855088 0.3943631718 1.0131105342 1.2271010422 1.2910669476 0.50128383 1.8261053808 1.1023395533 0.7666584171 1.2844801378 0.8753569421 0.4178857166 0.8252057659 0.7997836181 1.1881713549 
4.3875 0.3631686064 0.4331473947 1.0600065641 1.2419186368 1.2569140914 0.4365889744 1.7965046313 1.0982941388 0.7390485237 1.3050470425 0.8654835599 0.4226874505 0.8391718632 0.8265937087 1.1666033513 
4.4125 0.4303595548 0.4545024665 1.0503624916 1.2582669889 1.2328075593 0.364574171 1.7852468006 1.0736101713 0.7049041597 1.2588016977 0.8680267962 0.4290673419 0.8505717951 0.8482729524 1.1593002921 
4.4375 0.415911362 0.4662180521 1.1193078348 1.2424070239 1.1667467232 0.3893161054 1.8078686405 1.0709797677 0.6701283703 1.2123591904 0.8499827982 0.4263371832 0.8741888876 0.8757434484 1.1390650264 
4.4625 0.442315132 0.4781185775 1.1554690712 1.2403279897 1.1156892253 0.4462756901 1.8464122004 1.0612117482 0.6298475595 1.1734911949 0.8495159556 0.412234693 0.8926999012 0.9011730202 1.088487617 
4.4875 0.4543200766 0.5343744073 1.2016609363 1.2337531665 1.0769148263 0.4342673284 1.7604746305 1.0325011223 0.6232018154 1.1523311757 0.8284918251 0.421084213 0.8995243774 0.9313292307 1.0626903976 
4.5125 0.4982582253 0.528004985 1.2356060318 1.2492089771 1.0356171718 0.4280744641 1.8857586489 1.0163282573 0.5950513926 1.1525382053 0.8393001775 0.4230895579 0.9167463312 0.9586358112 1.0316010688 
4.5375 0.4523305867 0.54196927 1.3284912556 1.2169792012 1.0023443539 0.3751034133 1.8862737087 1.0077456592 0.5581731859 1.1456099542 0.8352486545 0.4143375755 0.9218131907 0.9858315869 1.0184548961 
4.5625 0.5219516546 0.5933335446 1.3421613974 1.2351264509 0.9574607496 0.3682759932 1.9191271201 1.0005967803 0.538518391 1.1018817717 0.8290301802 0.4184365475 0.9394921395 1.0122474869 0.997158401 
4.5875 0.5120809384 0.6102697601 1.3315303652 1.2106456846 0.9113571619 0.3467339609 1.8111115532 0.9820755995 0.5159691408 1.0724198089 0.8161739676 0.4169914357 0.9558419449 1.0445444896 0.9877322313 
4.6125 0.5344227509 0.6655075765 1.3584184062 1.1929979568 0.8959996307 0.3590004106 1.8155544929 0.9790768633 0.4969619996 1.1020378404 0.8237658121 0.4219589399 0.9752863024 1.0578236812 0.9852909736 
4.6375 0.4987512503 0.6860763523 1.3698643164 1.214605986 0.8706876606 0.348539109 1.7458640826 0.9726749568 0.4975593815 1.0390690166 0.8422148319 0.4352448135 0.9932117729 1.0762850281 0.9555533031 
4.6625 0.5677198683 0.7305474992 1.5002781182 1.1978424829 0.8402602345 0.4754218529 1.7154369824 0.9506804428 0.4908502063 1.0035058188 0.8639224852 0.4446957565 1.0048837585 1.1028415578 0.9492110758 
4.6875 0.5364104798 0.7533580802 1.5155031842 1.197483272 0.8065001917 0.5130071318 1.7367294335 0.9654419479 0.4690720122 0.984560186 0.8512429422 0.4519502376 1.0232772922 1.1157353235 0.9342270146 
4.7125 0.6023322115 0.8378668358 1.522309429 1.1916304654 0.7809720125 0.536984849 1.6643973247 0.9607127744 0.4558777624 0.989279516 0.8640128838 0.4540718312 1.0368566578 1.1447219799 0.9213844942 
4.7375 0.626916041 0.8404329616 1.4771041536 1.1984498128 0.757359558 0.4604881054 1.6443473611 0.9532883913 0.4384283215 0.9576128469 0.8651441365 0.4654219066 1.0535194047 1.1696495394 0.9155403322 
4.7625 0.6353735008 0.8303808669 1.5113766331 1.1908384911 0.7312776227 0.5019840115 1.6877178162 0.9665695882 0.429534324 1.0090754912 0.8794734845 0.4747566991 1.0588660043 1.1787744098 0.9047995793 
4.7875 0.6408677069 0.8432035164 1.5554255659 1.1767823153 0.7002264265 0.5933807312 1.6599794985 0.9276477471 0.4358220428 0.9731939508 0.8910208363 0.486380187 1.0728959532 1.1905294507 0.8970973626 
4.8125 0.6315023092 0.8961720648 1.5515668471 1.1658477975 0.663087641 0.6068470206 1.6202202474 0.9241135901 0.4254058912 0.9676206393 0.8973162881 0.4962353591 1.0799459114 1.2012812613 0.8923218043 
4.8375 0.6524938406 0.9302081612 1.5569257988 1.1636027813 0.6592850342 0.6442702612 1.6178342115 0.9295509489 0.4235985969 0.984629383 0.9241011424 0.5051333644 1.0862286731 1.2182061689 0.8851322453 
4.8625 0.6340598068 0.9186661973 1.6266195902 1.1499005502 0.6353607502 0.5379901391 1.5654552351 0.9129120245 0.420980286 0.9117011464 0.9427636723 0.5213880996 1.1058102436 1.221104269 0.8803884391 
4.8875 0.625476768 0.9584216438 1.5767402951 1.1348652591 0.6202600593 0.6026289046 1.5442514258 0.9140466029 0.4144559491 0.9075329808 0.9574905604 0.5457535731 1.10792327 1.225402394 0.8718878377 
4.9125 0.6620055194 0.9588883263 1.5941469403 1.1138661192 0.602981923 0.677692854 1.5586935641 0.9297196886 0.4278965622 0.942181315 0.9803603656 0.5511548914 1.1102302526 1.2344706743 0.8633120148 
4.9375 0.6361663692 1.0054948512 1.5292839066 1.1190497717 0.5888841708 0.695305513 1.515230272 0.9096525573 0.4470133119 0.9334097995 1.0009720655 0.5637565051 1.1140190623 1.2391438056 0.8620711045 
4.9625 0.6046638681 1.0772496752 1.5059204878 1.1133117258 0.5793627846 0.801307732 1.5106091949 0.9009427581 0.4454031557 0.936573089 1.0138176171 0.5740303411 1.1204937106 1.2418888695 0.8545060623 
4.9875 0.5783251689 1.0851206458 1.5407800025 1.1234537121 0.5666254985 0.6939902026 1.4566945668 0.8910773326 0.4481544462 0.8950647324 1.0251003857 0.5919462485 1.1228988497 1.2445345994 0.8342257332 
