# Radial distribution function (200 data points):
"Pair separation distance" g(r)
0.0125 0.0 
0.0375 0.0 
0.0625 0.0 
0.0875 0.0 
0.1125 0.0 
0.1375 0.0 
0.1625 0.0 
0.1875 0.0 
0.2125 0.0 
0.2375 0.0 
0.2625 0.0 
0.2875 0.0 
0.3125 0.0 
0.3375 0.0 
0.3625 0.0 
0.3875 0.0 
0.4125 0.0 
0.4375 0.0 
0.4625 0.0 
0.4875 0.0 
0.5125 0.0 
0.5375 0.0 
0.5625 0.0 
0.5875 0.0 
0.6125 0.0 
0.6375 0.0 
0.6625 0.0 
0.6875 0.0 
0.7125 0.0 
0.7375 0.0 
0.7625 0.0 
0.7875 0.0 
0.8125 0.0 
0.8375 0.0 
0.8625 0.0 
0.8875 0.0 
0.9125 0.0 
0.9375 0.0 
0.9625 0.0 
0.9875 0.0 
1.0125 0.0 
1.0375 0.0 
1.0625 0.0 
1.0875 0.0 
1.1125 0.0 
1.1375 0.0 
1.1625 0.0 
1.1875 0.0 
1.2125 0.0 
1.2375 0.0 
1.2625 2.8500961067e-05 
1.2875 1.6442944813e-04 
1.3125 0.0015031405 
1.3375 0.0084055133 
1.3625 0.0280437367 
1.3875 0.0805605186 
1.4125 0.1730688676 
1.4375 0.312856538 
1.4625 0.4809997215 
1.4875 0.6339183599 
1.5125 0.7473960777 
1.5375 0.778077714 
1.5625 0.7521694569 
1.5875 0.6919110347 
1.6125 0.6416555478 
1.6375 0.6494218493 
1.6625 0.7051187608 
1.6875 0.8377850437 
1.7125 0.9737376733 
1.7375 1.0609154832 
1.7625 1.1026470568 
1.7875 1.0764844085 
1.8125 1.0079973217 
1.8375 0.8880392687 
1.8625 0.7633243016 
1.8875 0.6390977112 
1.9125 0.5304156059 
1.9375 0.4238747678 
1.9625 0.3454153742 
1.9875 0.2748502889 
2.0125 0.2168606828 
2.0375 0.1782283894 
2.0625 0.1503006243 
2.0875 0.1259242265 
2.1125 0.1212003416 
2.1375 0.1248050626 
2.1625 0.1389655858 
2.1875 0.1735164009 
2.2125 0.2217915618 
2.2375 0.2899008837 
2.2625 0.3793500943 
2.2875 0.4966599206 
2.3125 0.6293258818 
2.3375 0.7815835756 
2.3625 0.9499007825 
2.3875 1.1208842698 
2.4125 1.2731157071 
2.4375 1.4240821127 
2.4625 1.55628788 
2.4875 1.6727347386 
2.5125 1.7582896934 
2.5375 1.7999915563 
2.5625 1.8322950787 
2.5875 1.8335852804 
2.6125 1.8056165486 
2.6375 1.7576784911 
2.6625 1.702876659 
2.6875 1.6484542568 
2.7125 1.5873548304 
2.7375 1.5214489637 
2.7625 1.4674207802 
2.7875 1.4050679772 
2.8125 1.3691963378 
2.8375 1.3217601162 
2.8625 1.2850848176 
2.8875 1.2518570578 
2.9125 1.2190456967 
2.9375 1.1887604334 
2.9625 1.1729279354 
2.9875 1.1531709026 
3.0125 1.1316828155 
3.0375 1.1094234268 
3.0625 1.0967755177 
3.0875 1.0890794991 
3.1125 1.0689816554 
3.1375 1.0577458157 
3.1625 1.0451949621 
3.1875 1.0409679361 
3.2125 1.0252474122 
3.2375 1.0220050284 
3.2625 1.0216435437 
3.2875 1.0199137834 
3.3125 1.0172460755 
3.3375 1.0130019032 
3.3625 1.0139502203 
3.3875 1.0179076348 
3.4125 1.0164482792 
3.4375 1.0208941801 
3.4625 1.0180429754 
3.4875 1.019247078 
3.5125 1.0268938884 
3.5375 1.0204864567 
3.5625 1.0313710283 
3.5875 1.0310635239 
3.6125 1.0231638995 
3.6375 1.0173918524 
3.6625 1.0113868755 
3.6875 0.9984179544 
3.7125 0.9872612257 
3.7375 0.9806640583 
3.7625 0.9715358564 
3.7875 0.9582048078 
3.8125 0.9399223202 
3.8375 0.9328674577 
3.8625 0.9193354946 
3.8875 0.9122056543 
3.9125 0.909179942 
3.9375 0.9053192521 
3.9625 0.8983151196 
3.9875 0.8890120495 
4.0125 0.88257916 
4.0375 0.8789122895 
4.0625 0.8784285794 
4.0875 0.8759712506 
4.1125 0.877602196 
4.1375 0.8748201986 
4.1625 0.8788586268 
4.1875 0.8784223517 
4.2125 0.8819973584 
4.2375 0.8768251925 
4.2625 0.8770241437 
4.2875 0.8809572465 
4.3125 0.8890714403 
4.3375 0.8911188229 
4.3625 0.8942139666 
4.3875 0.9019951811 
4.4125 0.9089411569 
4.4375 0.9149885906 
4.4625 0.9180492634 
4.4875 0.9216009963 
4.5125 0.9314320276 
4.5375 0.935117364 
4.5625 0.9438100771 
4.5875 0.9494628195 
4.6125 0.9576305258 
4.6375 0.9659539609 
4.6625 0.9773210459 
4.6875 0.9821453051 
4.7125 0.9926200732 
4.7375 1.0020666481 
4.7625 1.0071386591 
4.7875 1.0118858431 
4.8125 1.0149228321 
4.8375 1.0243756409 
4.8625 1.0291059659 
4.8875 1.0309000322 
4.9125 1.0358779995 
4.9375 1.0392658128 
4.9625 1.0417600055 
4.9875 1.0424098102 
