# Radial distribution function (200 data points):
"Pair separation distance" Al-Al Al-Be Al-Cl Al-F Al-K Be-Be Be-Cl Be-F Be-K Cl-Cl Cl-F Cl-K F-F F-K K-K
0.0125 0.0 0.0 0.0 0.0 0.0 0.0 0.0 0.0 0.0 0.0 0.0 0.0 0.0 0.0 0.0 
0.0375 0.0 0.0 0.0 0.0 0.0 0.0 0.0 0.0 0.0 0.0 0.0 0.0 0.0 0.0 0.0 
0.0625 0.0 0.0 0.0 0.0 0.0 0.0 0.0 0.0 0.0 0.0 0.0 0.0 0.0 0.0 0.0 
0.0875 0.0 0.0 0.0 0.0 0.0 0.0 0.0 0.0 0.0 0.0 0.0 0.0 0.0 0.0 0.0 
0.1125 0.0 0.0 0.0 0.0 0.0 0.0 0.0 0.0 0.0 0.0 0.0 0.0 0.0 0.0 0.0 
0.1375 0.0 0.0 0.0 0.0 0.0 0.0 0.0 0.0 0.0 0.0 0.0 0.0 0.0 0.0 0.0 
0.1625 0.0 0.0 0.0 0.0 0.0 0.0 0.0 0.0 0.0 0.0 0.0 0.0 0.0 0.0 0.0 
0.1875 0.0 0.0 0.0 0.0 0.0 0.0 0.0 0.0 0.0 0.0 0.0 0.0 0.0 0.0 0.0 
0.2125 0.0 0.0 0.0 0.0 0.0 0.0 0.0 0.0 0.0 0.0 0.0 0.0 0.0 0.0 0.0 
0.2375 0.0 0.0 0.0 0.0 0.0 0.0 0.0 0.0 0.0 0.0 0.0 0.0 0.0 0.0 0.0 
0.2625 0.0 0.0 0.0 0.0 0.0 0.0 0.0 0.0 0.0 0.0 0.0 0.0 0.0 0.0 0.0 
0.2875 0.0 0.0 0.0 0.0 0.0 0.0 0.0 0.0 0.0 0.0 0.0 0.0 0.0 0.0 0.0 
0.3125 0.0 0.0 0.0 0.0 0.0 0.0 0.0 0.0 0.0 0.0 0.0 0.0 0.0 0.0 0.0 
0.3375 0.0 0.0 0.0 0.0 0.0 0.0 0.0 0.0 0.0 0.0 0.0 0.0 0.0 0.0 0.0 
0.3625 0.0 0.0 0.0 0.0 0.0 0.0 0.0 0.0 0.0 0.0 0.0 0.0 0.0 0.0 0.0 
0.3875 0.0 0.0 0.0 0.0 0.0 0.0 0.0 0.0 0.0 0.0 0.0 0.0 0.0 0.0 0.0 
0.4125 0.0 0.0 0.0 0.0 0.0 0.0 0.0 0.0 0.0 0.0 0.0 0.0 0.0 0.0 0.0 
0.4375 0.0 0.0 0.0 0.0 0.0 0.0 0.0 0.0 0.0 0.0 0.0 0.0 0.0 0.0 0.0 
0.4625 0.0 0.0 0.0 0.0 0.0 0.0 0.0 0.0 0.0 0.0 0.0 0.0 0.0 0.0 0.0 
0.4875 0.0 0.0 0.0 0.0 0.0 0.0 0.0 0.0 0.0 0.0 0.0 0.0 0.0 0.0 0.0 
0.5125 0.0 0.0 0.0 0.0 0.0 0.0 0.0 0.0 0.0 0.0 0.0 0.0 0.0 0.0 0.0 
0.5375 0.0 0.0 0.0 0.0 0.0 0.0 0.0 0.0 0.0 0.0 0.0 0.0 0.0 0.0 0.0 
0.5625 0.0 0.0 0.0 0.0 0.0 0.0 0.0 0.0 0.0 0.0 0.0 0.0 0.0 0.0 0.0 
0.5875 0.0 0.0 0.0 0.0 0.0 0.0 0.0 0.0 0.0 0.0 0.0 0.0 0.0 0.0 0.0 
0.6125 0.0 0.0 0.0 0.0 0.0 0.0 0.0 0.0 0.0 0.0 0.0 0.0 0.0 0.0 0.0 
0.6375 0.0 0.0 0.0 0.0 0.0 0.0 0.0 0.0 0.0 0.0 0.0 0.0 0.0 0.0 0.0 
0.6625 0.0 0.0 0.0 0.0 0.0 0.0 0.0 0.0 0.0 0.0 0.0 0.0 0.0 0.0 0.0 
0.6875 0.0 0.0 0.0 0.0 0.0 0.0 0.0 0.0 0.0 0.0 0.0 0.0 0.0 0.0 0.0 
0.7125 0.0 0.0 0.0 0.0 0.0 0.0 0.0 0.0 0.0 0.0 0.0 0.0 0.0 0.0 0.0 
0.7375 0.0 0.0 0.0 0.0 0.0 0.0 0.0 0.0 0.0 0.0 0.0 0.0 0.0 0.0 0.0 
0.7625 0.0 0.0 0.0 0.0 0.0 0.0 0.0 0.0 0.0 0.0 0.0 0.0 0.0 0.0 0.0 
0.7875 0.0 0.0 0.0 0.0 0.0 0.0 0.0 0.0 0.0 0.0 0.0 0.0 0.0 0.0 0.0 
0.8125 0.0 0.0 0.0 0.0 0.0 0.0 0.0 0.0 0.0 0.0 0.0 0.0 0.0 0.0 0.0 
0.8375 0.0 0.0 0.0 0.0 0.0 0.0 0.0 0.0 0.0 0.0 0.0 0.0 0.0 0.0 0.0 
0.8625 0.0 0.0 0.0 0.0 0.0 0.0 0.0 0.0 0.0 0.0 0.0 0.0 0.0 0.0 0.0 
0.8875 0.0 0.0 0.0 0.0 0.0 0.0 0.0 0.0 0.0 0.0 0.0 0.0 0.0 0.0 0.0 
0.9125 0.0 0.0 0.0 0.0 0.0 0.0 0.0 0.0 0.0 0.0 0.0 0.0 0.0 0.0 0.0 
0.9375 0.0 0.0 0.0 0.0 0.0 0.0 0.0 0.0 0.0 0.0 0.0 0.0 0.0 0.0 0.0 
0.9625 0.0 0.0 0.0 0.0 0.0 0.0 0.0 0.0 0.0 0.0 0.0 0.0 0.0 0.0 0.0 
0.9875 0.0 0.0 0.0 0.0 0.0 0.0 0.0 0.0 0.0 0.0 0.0 0.0 0.0 0.0 0.0 
1.0125 0.0 0.0 0.0 0.0 0.0 0.0 0.0 0.0 0.0 0.0 0.0 0.0 0.0 0.0 0.0 
1.0375 0.0 0.0 0.0 0.0 0.0 0.0 0.0 0.0 0.0 0.0 0.0 0.0 0.0 0.0 0.0 
1.0625 0.0 0.0 0.0 0.0 0.0 0.0 0.0 0.0 0.0 0.0 0.0 0.0 0.0 0.0 0.0 
1.0875 0.0 0.0 0.0 0.0 0.0 0.0 0.0 0.0 0.0 0.0 0.0 0.0 0.0 0.0 0.0 
1.1125 0.0 0.0 0.0 0.0 0.0 0.0 0.0 0.0 0.0 0.0 0.0 0.0 0.0 0.0 0.0 
1.1375 0.0 0.0 0.0 0.0 0.0 0.0 0.0 0.0 0.0 0.0 0.0 0.0 0.0 0.0 0.0 
1.1625 0.0 0.0 0.0 0.0 0.0 0.0 0.0 0.0 0.0 0.0 0.0 0.0 0.0 0.0 0.0 
1.1875 0.0 0.0 0.0 0.0 0.0 0.0 0.0 0.0 0.0 0.0 0.0 0.0 0.0 0.0 0.0 
1.2125 0.0 0.0 0.0 0.0 0.0 0.0 0.0 0.0 0.0 0.0 0.0 0.0 0.0 0.0 0.0 
1.2375 0.0 0.0 0.0 0.0 0.0 0.0 0.0 0.0 0.0 0.0 0.0 0.0 0.0 0.0 0.0 
1.2625 0.0 0.0 0.0 0.0 0.0 0.0 0.0 0.0034141771 0.0 0.0 0.0 0.0 0.0 0.0 0.0 
1.2875 0.0 0.0 0.0 0.0 0.0 0.0 0.0 0.0172351152 0.0 0.0 0.0 0.0 0.0 0.0 0.0 
1.3125 0.0 0.0 0.0 0.0 0.0 0.0 0.0 0.1176731907 0.0 0.0 0.0 0.0 0.0 0.0 0.0 
1.3375 0.0 0.0 0.0 0.0 0.0 0.0 0.0 0.3224546519 0.0 0.0 0.0 0.0 0.0 0.0 0.0 
1.3625 0.0 0.0 0.0 0.0 0.0 0.0 0.0 1.0355235285 0.0 0.0 0.0 0.0 0.0 0.0 0.0 
1.3875 0.0 0.0 0.0 0.0 0.0 0.0 0.0 2.5723299028 0.0 0.0 0.0 0.0 0.0 0.0 0.0 
1.4125 0.0 0.0 0.0 0.0 0.0 0.0 0.0 5.1782779541 0.0 0.0 0.0 0.0 0.0 0.0 0.0 
1.4375 0.0 0.0 0.0 0.0 0.0 0.0 0.0 9.0263842527 0.0 0.0 0.0 0.0 0.0 0.0 0.0 
1.4625 0.0 0.0 0.0 0.0 0.0 0.0 0.0 13.6073132317 0.0 0.0 0.0 0.0 0.0 0.0 0.0 
1.4875 0.0 0.0 0.0 8.1981824769e-04 0.0 0.0 0.0 17.8642495264 0.0 0.0 0.0 0.0 0.0 0.0 0.0 
1.5125 0.0 0.0 0.0 0.0023788242 0.0 0.0 0.0 20.9586308436 0.0 0.0 0.0 0.0 0.0 0.0 0.0 
1.5375 0.0 0.0 0.0 0.0226372648 0.0 0.0 0.0 22.4972206843 0.0 0.0 0.0 0.0 0.0 0.0 0.0 
1.5625 0.0 0.0 0.0 0.1623468538 0.0 0.0 0.0 22.1531012313 0.0 0.0 0.0 0.0 0.0 0.0 0.0 
1.5875 0.0 0.0 0.0 0.6521289895 0.0 0.0 0.0 20.2386720323 0.0 0.0 0.0 0.0 0.0 0.0 0.0 
1.6125 0.0 0.0 0.0 1.9342168448 0.0 0.0 0.0 17.265109079 0.0 0.0 0.0 0.0 0.0 0.0 0.0 
1.6375 0.0 0.0 0.0 4.5176971492 0.0 0.0 0.0 14.4455700286 0.0 0.0 0.0 0.0 0.0 0.0 0.0 
1.6625 0.0 0.0 0.0 8.2580441322 0.0 0.0 0.0 11.3952148814 0.0 0.0 0.0 0.0 0.0 0.0 0.0 
1.6875 0.0 0.0 0.0 12.8290627753 0.0 0.0 0.0 8.8843783871 0.0 0.0 0.0 0.0 0.0 0.0 0.0 
1.7125 0.0 0.0 0.0 17.1046870463 0.0 0.0 0.0 6.7823705733 0.0 0.0 0.0 0.0 0.0 0.0 0.0 
1.7375 0.0 0.0 0.0 20.3501573959 0.0 0.0 0.0 4.9414514471 0.0 0.0 0.0 0.0 0.0 0.0 0.0 
1.7625 0.0 0.0 0.0 21.3936196168 0.0 0.0 0.0 3.6710063795 0.0 0.0 0.0 0.0 0.0 0.0 0.0 
1.7875 0.0 0.0 0.0 21.171822657 0.0 0.0 0.0 2.8192099742 0.0 0.0 0.0 0.0 0.0 0.0 0.0 
1.8125 0.0 0.0 0.0 19.3038551003 0.0 0.0 0.0 2.0880598424 0.0 0.0 0.0 0.0 0.0 0.0 0.0 
1.8375 0.0 0.0 0.0 16.5861322146 0.0 0.0 0.0 1.565426365 0.0 0.0 0.0 0.0 0.0 0.0 0.0 
1.8625 0.0 0.0 0.0 13.6711924741 0.0 0.0 0.0 1.1546270768 0.0 0.0 0.0 0.0 0.0 0.0 0.0 
1.8875 0.0 0.0 0.0 10.8959501773 0.0 0.0 0.0 0.870678044 0.0 0.0 0.0 0.0 0.0 0.0 0.0 
1.9125 0.0 0.0 0.0 8.3301241621 0.0 0.0 0.0 0.6345604064 0.0 0.0 0.0 0.0 0.0 0.0 0.0 
1.9375 0.0 0.0 0.0 6.1684084497 0.0 0.0 0.0 0.5034030163 0.0 0.0 0.0 0.0 0.0 0.0 0.0 
1.9625 0.0 0.0 0.0022607773 4.8062712616 0.0 0.0 0.0 0.3807996781 0.0 0.0 0.0 0.0 0.0 0.0 0.0 
1.9875 0.0 0.0 0.0253489999 3.5851384408 0.0 0.0 0.0 0.3051523625 0.0 0.0 0.0 0.0 0.0 3.4441575901e-04 0.0 
2.0125 0.0 0.0 0.0698697176 2.6270565917 0.0 0.0 0.0 0.2180069553 0.0 0.0 0.0 0.0 2.7992675302e-04 5.8784618134e-04 0.0 
2.0375 0.0 0.0 0.212886611 2.0010554907 0.0 0.0 0.0 0.1976148806 0.0 0.0 0.0 0.0 0.0012562582 0.0017614925 0.0 
2.0625 0.0 0.0 0.3827642467 1.4959190924 0.0 0.0 0.0 0.1618304719 0.0 0.0 0.0 0.0 0.0019189384 0.005157147 0.0 
2.0875 0.0 0.0 0.6453976101 1.1495520512 0.0 0.0 0.0 0.1245712299 0.0 0.0 0.0 0.0 0.004891268 0.0096784665 0.0 
2.1125 0.0 0.0 1.0214125078 0.8879638743 0.0 0.0 0.0 0.0923734449 0.0 0.0 0.0 0.0 0.0102637161 0.0232457927 0.0 
2.1375 0.0 0.0 1.2863808459 0.7118768076 0.0 0.0 0.0 0.0884386832 0.0 0.0 0.0 0.0 0.0220848563 0.0460432033 0.0 
2.1625 0.0 0.0 1.7772227055 0.571189199 0.0 0.0 0.0 0.0538217327 0.0 0.0 0.0 0.0 0.041942161 0.0880058061 0.0 
2.1875 0.0 0.0 2.1043974956 0.4192721628 0.0 0.0 0.0 0.0415102186 0.0 0.0 0.0 0.0 0.0831152095 0.1495149742 0.0 
2.2125 0.0 0.0 2.3915122875 0.3461126312 0.0 0.0 0.0 0.0480814924 0.0 0.0 0.0 0.0 0.1426695535 0.2482589195 0.0 
2.2375 0.0 0.0 2.6696895609 0.2837088662 0.0 0.0 0.0 0.0402192646 0.0 0.0 0.0 0.0 0.2419949668 0.3741682425 0.0 
2.2625 0.0 0.0 2.7411430785 0.2436311752 0.0 0.0 0.0 0.0364117865 0.0 0.0 0.0 0.0 0.3696106411 0.5528545073 0.0 
2.2875 0.0 0.0 2.5309622955 0.2064414923 0.0 0.0 0.0 0.0332802406 0.0 0.0 0.0 0.0 0.5490806358 0.7451003861 0.0 
2.3125 0.0 0.0 2.4708363205 0.1970834572 0.0 0.0 0.0 0.0414689374 0.0 0.0 0.0 3.0529279083e-04 0.7887578465 0.9832653958 0.0 
2.3375 0.0 0.0 2.2174754549 0.1771204868 0.0 0.0 0.0 0.0361046915 0.0 0.0 0.0 4.4819617081e-04 1.0917726724 1.2452383612 0.0 
2.3625 0.0 0.0078001923 1.9820288511 0.1571413731 0.0 0.0 0.0 0.0336383291 0.0 0.0 0.0 5.8501441886e-04 1.4335290822 1.5249680547 0.0 
2.3875 0.0 0.0152753884 1.771945051 0.1244307678 0.0 0.0 0.0 0.0358016915 0.0 0.0 3.8188470928e-04 0.0017184812 1.8037289972 1.8087611238 0.0 
2.4125 0.0 0.0392711634 1.5985233542 0.1061256438 0.0 0.0 0.0 0.0320246987 0.0021038123 0.0 5.6101661939e-04 0.0032258456 2.1705499247 2.0693331763 0.0 
2.4375 0.0 0.0586205549 1.4662466292 0.0932738517 0.0 0.0 0.0 0.0279363582 0.0027478385 0.0 0.0028394331 0.0039843658 2.5557188012 2.3196336759 0.0 
2.4625 0.0 0.0700005417 1.3102665505 0.0851074963 0.0 0.0 0.0 0.0343271887 0.0016827053 0.0 0.0049359356 0.0079423692 2.8983290544 2.5275916767 0.0 
2.4875 0.0 0.0985033941 1.2995412066 0.0787147658 0.0 0.0158309026 0.0 0.0345201627 0.0026384838 0.0 0.0059805632 0.0135881914 3.1857859253 2.6918306146 0.0 
2.5125 0.0 0.1258635969 1.100703017 0.0745698707 0.0 0.0051724766 0.0 0.0351297368 0.0029095181 0.0 0.0105173691 0.034784905 3.4344166915 2.8483373786 0.0 
2.5375 0.0 0.1842484681 0.9682341517 0.0711356853 0.0 0.020284235 0.0 0.0357087054 0.0095082352 0.0 0.0171570821 0.0581903992 3.5405146192 2.9613134309 0.0 
2.5625 0.0 0.3149309989 0.8685465443 0.0672681563 0.0 0.0248629736 0.0059671137 0.0387448005 0.0124314868 0.0 0.0250287268 0.1006950431 3.5935629824 3.0090413795 4.6618075493e-04 
2.5875 0.0043350852 0.4145425242 0.7686106096 0.0646198641 0.0 0.0243848544 0.0029261825 0.0479568803 0.0198126942 0.0 0.0389344841 0.1759367243 3.5530764884 3.0326630548 8.3822936886e-04 
2.6125 0.0212625734 0.4672450515 0.6793392216 0.0582062948 0.0 0.0239203951 0.0066977106 0.0518275228 0.0275084544 0.0 0.059083376 0.2759217578 3.4340385028 3.0172339234 8.2226358252e-04 
2.6375 0.0062584214 0.4255726585 0.5651354569 0.0546308039 0.0 0.056325793 0.0056325793 0.052805431 0.0425377083 0.0 0.0829240842 0.4200965398 3.2498483172 2.9608445194 0.0034470212 
2.6625 0.0102357417 0.4667498236 0.5459744647 0.0481079862 0.0 0.0829095081 0.0055273005 0.0522022829 0.0598790892 0.0 0.1007964668 0.5934938957 3.0370405358 2.9140437047 0.0033106227 
2.6875 0.0080369572 0.4746827818 0.4659425908 0.0475938556 0.0 0.0632910376 0.0045207884 0.0727093467 0.0827869375 0.0 0.1302740523 0.7854869841 2.7856219064 2.8378307335 0.0034612286 
2.7125 0.0059171207 0.5946706271 0.4443757621 0.052884266 0.0 0.1020703315 0.0026627043 0.0680468877 0.1115007426 0.0 0.1668628028 1.0143793924 2.5338528341 2.746537881 0.0063100545 
2.7375 0.0387302643 0.5809539646 0.3979534658 0.0553116587 5.4464434182e-04 0.1089288684 0.0017428619 0.0820597475 0.1636656247 6.9714475753e-04 0.1960719631 1.3171678763 2.2763712847 2.6265927255 0.0089866316 
2.7625 0.0589502832 0.5305525486 0.3497082928 0.0546716336 0.0016044936 0.1454740859 0.0017114598 0.0884254248 0.2131302325 0.0143762626 0.2418150124 1.6178643744 2.0492057357 2.5289270359 0.0114320169 
2.7875 0.1027215977 0.5378876386 0.2773483137 0.0585980023 0.0031516854 0.1386741568 0.0016808989 0.0922743443 0.2875912912 0.013447191 0.2863131077 1.9659162855 1.8364987454 2.4360777072 0.0191727527 
2.8125 0.0825574616 0.5118562619 0.3038114587 0.0532036975 0.0060198149 0.2476723848 8.2557461591e-04 0.1105925996 0.3320357908 0.0125487342 0.3275467289 2.2358624535 1.6304525349 2.3067715733 0.0272181631 
2.8375 0.1279721711 0.4406928992 0.3044295733 0.0575649467 0.0092937536 0.3609355953 8.1109122549e-04 0.1235224345 0.4265832914 0.0369857599 0.3768870561 2.5838324852 1.4717644567 2.1895449876 0.0308594865 
2.8625 0.1363731001 0.4250590132 0.280007625 0.055678303 0.0139472489 0.3028545469 0.0071728708 0.1293441294 0.5217765426 0.0497319045 0.4089200538 2.8440432912 1.3287798592 2.0874174929 0.040160605 
2.8875 0.1322813543 0.3955386549 0.2887562722 0.0629859409 0.0218655857 0.434700898 0.005482714 0.1424526591 0.6544989872 0.0682989519 0.4510837697 3.0994957271 1.1859904567 1.9835472141 0.0557450054 
2.9125 0.1745007815 0.4452336116 0.2478937573 0.0628716051 0.032398123 0.488858807 0.0100081331 0.1619906152 0.7691346487 0.0868398007 0.4827641106 3.2368611876 1.095895916 1.8876517788 0.0707907008 
2.9375 0.1866793784 0.4931867361 0.2552966634 0.0726325735 0.0428858031 0.5903104667 0.0083248912 0.1677591711 0.9225966069 0.130171026 0.5192335548 3.4766826863 1.0370901389 1.773867974 0.0870920791 
2.9625 0.2480297085 0.5989917461 0.262911491 0.0622141186 0.0572018515 0.6138735286 0.0126495151 0.1912929127 1.0314935503 0.2023922421 0.5796454288 3.6607324754 0.9624586147 1.6887141459 0.1092880903 
2.9875 0.2812933596 0.7414437687 0.2677977822 0.0614821108 0.0885647265 0.6036425419 0.0073168793 0.2135614144 1.1551523188 0.2727732602 0.6204713643 3.7343522706 0.9102401091 1.5992716486 0.1322182954 
3.0125 0.313423248 0.8407258808 0.2360268949 0.0726590247 0.1239800826 0.5972631792 0.0079155361 0.2278714941 1.3546360662 0.3425268353 0.6255672175 3.7512445222 0.8859004051 1.5106230988 0.1579734124 
3.0375 0.3177225824 0.9484490951 0.2378200716 0.0693052044 0.1773918317 0.6370180489 0.0141559566 0.250530941 1.4883661289 0.3538989161 0.6486967131 3.7621224272 0.8556735112 1.4119276495 0.1893359201 
3.0625 0.3512392085 1.1279884715 0.2107435251 0.0689519702 0.2390592851 0.4595508588 0.0146220728 0.2676361535 1.6891540325 0.3587281855 0.6820152517 3.7276711609 0.8481672573 1.350764744 0.2219421761 
3.0875 0.3181718256 1.2399567081 0.2201322775 0.0799235447 0.2724536551 0.4624147944 0.0137011791 0.2875820404 1.8449493975 0.4269287406 0.718055961 3.7653409123 0.8307291297 1.2965632722 0.2513845242 
3.1125 0.3475350963 1.5122270678 0.2112174508 0.086134776 0.3607829994 0.4314228782 0.0168524562 0.3067147025 2.0437816231 0.5414357121 0.7279699321 3.5974938206 0.8026918503 1.2185554642 0.2923374508 
3.1375 0.423100822 1.6275376569 0.2136143175 0.0865182212 0.4443387879 0.4278920334 0.018575158 0.3383332357 2.1071194902 0.6586220322 0.7639033744 3.4864078995 0.8050617231 1.1699308989 0.32729387 
3.1625 0.457066049 1.7869106011 0.2137327905 0.0952220935 0.5424938701 0.4342127465 0.0333005264 0.3559945983 2.2534988594 0.7015310901 0.8126525526 3.3600884116 0.8118817071 1.1025188077 0.372233366 
3.1875 0.4513528703 2.0193041784 0.2365317573 0.0983763574 0.6237346726 0.3631533774 0.0417787071 0.3784186743 2.3713433485 0.8191197597 0.8080966085 3.2595425935 0.8195723623 1.0618252583 0.427779815 
3.2125 0.4499800432 2.3022807052 0.2079751512 0.1107372762 0.7594731529 0.4113098832 0.0442949105 0.3927218404 2.5202617603 0.8555245571 0.8233580149 3.1409046447 0.8161161486 1.0105600396 0.4763185967 
3.2375 0.4015207786 2.4973900152 0.2064370624 0.1266867284 0.9440497703 0.4454803811 0.0467287113 0.4266590946 2.5807877847 0.8847302673 0.8539931595 2.9565255641 0.8103321015 0.9815949918 0.5429292145 
3.2625 0.373576145 2.8130692741 0.2077846879 0.1314844872 1.0951643739 0.3343779181 0.051537147 0.4451981226 2.6834594847 0.9419027153 0.8751600648 2.8145264256 0.8320675793 0.9478994049 0.5926867771 
3.2875 0.3531456587 3.1138584888 0.1933573188 0.1422485484 1.3037771818 0.2507602729 0.074925961 0.4672801872 2.7721472635 1.0175428904 0.8936230045 2.6974856582 0.8385111333 0.9066614058 0.6658459429 
3.3125 0.374286652 3.1979686379 0.1983851512 0.1517646407 1.4089065459 0.2231832951 0.0660622554 0.5158013932 2.8271743912 0.995576043 0.9318646516 2.5371476992 0.8408223993 0.8613325308 0.7257176814 
3.3375 0.3074674618 3.3456628897 0.2165300515 0.165784892 1.5304160342 0.1876072648 0.0855958146 0.5341188601 2.8179563872 1.0674853369 0.9598261263 2.4092143874 0.8431741439 0.8367363403 0.7862008547 
3.3625 0.3337171304 3.418354414 0.2244889466 0.1792927371 1.6711527071 0.1443968353 0.0970346733 0.5556871545 2.8099624147 1.0294916769 1.0040874603 2.3120821266 0.8612067918 0.8069226065 0.8513547161 
3.3875 0.3288096147 3.3529095805 0.2488835853 0.1955468718 1.8395949452 0.1365824553 0.1172332742 0.569212125 2.8008295429 1.1072284379 0.9957240389 2.1795572129 0.8814626978 0.7781909882 0.9297121495 
3.4125 0.2928547948 3.2899432266 0.2403901699 0.2084253805 1.9829618745 0.1289807288 0.1272983714 0.6007417639 2.777642053 1.060558062 1.0124987208 2.0630607763 0.9003337767 0.7541254362 0.9871582135 
3.4375 0.2124665248 3.1630493327 0.2376431939 0.227127329 2.1470786239 0.0856620815 0.161928967 0.6122996633 2.8002519955 1.0991274047 1.0534593832 1.9191760376 0.9253577274 0.7385188258 1.0588593181 
3.4625 0.2275663991 3.0412796694 0.2465706144 0.2431510661 2.2492986689 0.0980472252 0.183021487 0.6501302696 2.7477053969 1.1229675522 1.0743433913 1.8609908043 0.9491326968 0.718317916 1.1087762377 
3.4875 0.2374403497 2.8134891691 0.2741899114 0.2642866204 2.4301467954 0.0590617955 0.1723530579 0.6641096214 2.6980502051 1.1730746444 1.102889544 1.7154095819 0.9847174805 0.700421999 1.1665124091 
3.5125 0.2964133644 2.5865594772 0.2727708698 0.2752409812 2.5108020436 0.0741033411 0.220192785 0.6876613617 2.7188317356 1.1992037827 1.1092123324 1.6319937602 1.0094190979 0.6772130111 1.2256411421 
3.5375 0.280641828 2.4657631685 0.2793661833 0.3078942369 2.6166661349 0.0730596494 0.255708773 0.7309226535 2.6802128092 1.1576823308 1.126771141 1.5507562912 1.0211861764 0.6700532023 1.2974610958 
3.5625 0.2767168319 2.2640468065 0.3053032815 0.3253852623 2.7132113954 0.066892292 0.2325793538 0.7239161025 2.6457831075 1.1731878906 1.171558463 1.4381199587 1.0335073514 0.6722728947 1.3570612943 
3.5875 0.2379187215 2.0152617775 0.3254186874 0.3601198658 2.7826130806 0.0431298156 0.2643603993 0.7468434986 2.5440248603 1.1780021173 1.1938079262 1.3937273069 1.0437133489 0.6543733853 1.4169412959 
3.6125 0.2535415502 1.8732050058 0.3456171658 0.3834398938 2.8958156415 0.0300246573 0.2842334221 0.7594778755 2.5262934274 1.2206023999 1.2191678885 1.2874948342 1.0388392409 0.6466247801 1.493101185 
3.6375 0.2599395553 1.5670406737 0.3487796565 0.3966271801 2.9579435079 0.0222100253 0.3109403542 0.8108715717 2.4617653733 1.1537367807 1.2244304687 1.2291398166 1.0333659841 0.6358776513 1.5437509944 
3.6625 0.2769585338 1.4142736069 0.3469554758 0.426053643 2.9082674559 0.0243420586 0.3271572681 0.8243843859 2.382783265 1.1867240428 1.2349537749 1.1858233866 1.030531195 0.6316003527 1.5808645707 
3.6875 0.2870901536 1.2030571587 0.3528327316 0.4421081641 2.8624635939 0.031217052 0.352992819 0.8274519879 2.3082608659 1.1914348101 1.2318328772 1.1218928235 1.0091679152 0.6236906852 1.604939183 
3.7125 0.2642840143 0.8899843151 0.3319870506 0.4644712582 2.852273379 0.011845399 0.3913719845 0.8649115538 2.3153313113 1.179233166 1.2478338203 1.0628876565 1.0018246244 0.6212541632 1.6421794936 
3.7375 0.2545269665 0.7947474669 0.4079703664 0.4695113508 2.8576820377 0.0116874627 0.4165411724 0.8637034972 2.2371264635 1.2222281044 1.2377412633 1.0119005248 0.975059045 0.6186076638 1.6788309773 
3.7625 0.2562814266 0.6911910075 0.3847296776 0.4923806908 2.8221390343 0.013839197 0.4682261664 0.8929165254 2.1590588958 1.2359325566 1.2364553707 0.9750867578 0.96291339 0.6159884264 1.7104742982 
3.7875 0.236723153 0.6244331889 0.4279226228 0.5221945835 2.7567435452 0.02731421 0.5239775945 0.9399692186 2.0962233532 1.2411577008 1.249169869 0.9166193627 0.9282721611 0.6072906769 1.7180211283 
3.8125 0.2236446413 0.5511242946 0.4756442282 0.5267255628 2.6927214178 0.0224643055 0.5162297401 0.9240317657 2.0922692524 1.2853177028 1.2666873054 0.8715588922 0.9093675663 0.6137201459 1.7477580674 
3.8375 0.1941331281 0.4974045502 0.4576417496 0.5433510329 2.7113352042 0.0155207958 0.5348022772 0.9770710481 2.0487450418 1.3686681163 1.2731117503 0.8517590994 0.8881806175 0.6122630582 1.8008280451 
3.8625 0.2305375026 0.4698295939 0.4470676633 0.5785931994 2.6490838263 0.0350183548 0.6198248804 1.0290289475 1.9617118224 1.3877774017 1.2568671186 0.8226577575 0.8670082607 0.613915533 1.7919890734 
3.8875 0.2112574918 0.4169934809 0.4488261439 0.596202251 2.6417689331 0.0367299957 0.6598435704 1.0687708562 1.8875436776 1.3558121718 1.2962807709 0.7706277192 0.8510466045 0.6175005471 1.7761383597 
3.9125 0.1867616863 0.3782635169 0.5173393513 0.6105898405 2.5926515628 0.0447943638 0.657837229 1.1019946772 1.8301697227 1.4180615754 1.2860248553 0.7390003502 0.8284439109 0.6212551652 1.7946075306 
3.9375 0.1853336747 0.3559248981 0.4832715973 0.6416476466 2.5621151995 0.0294849028 0.6937376416 1.1325361772 1.7783082001 1.4641360304 1.2816455427 0.7099016865 0.8110103323 0.623559624 1.8070362359 
3.9625 0.1756084255 0.2890607109 0.5290434882 0.6764390338 2.4779850753 0.0145570142 0.7390804077 1.1723595381 1.6818550358 1.4463849329 1.2591124109 0.6970730238 0.8112647131 0.6296341895 1.7919749491 
3.9875 0.1706752434 0.3073523435 0.5273591212 0.6922272992 2.3452729349 0.04723232 0.7253241495 1.189279015 1.6129580597 1.4716769494 1.2706178618 0.6629466834 0.792695806 0.6310584499 1.7974913971 
4.0125 0.1541332564 0.2846057058 0.5797573713 0.7222742982 2.2970418353 0.0425894524 0.7471406795 1.2043350711 1.5731478986 1.4342505118 1.2640955091 0.6531903756 0.7857500462 0.634025122 1.7770639152 
4.0375 0.1709253625 0.301122416 0.5563086407 0.7433472796 2.2540782179 0.0620939793 0.8472823633 1.2397930956 1.5224291992 1.4892940491 1.2507263097 0.6530884505 0.7844928869 0.6338238768 1.7659540244 
4.0625 0.1565177597 0.3468890797 0.584303659 0.7707180694 2.226750908 0.0652890093 0.858649395 1.2366991382 1.4430354896 1.4640565721 1.2320827437 0.6397333684 0.7744414114 0.630127558 1.719029938 
4.0875 0.1624263408 0.3387501226 0.645188695 0.7879740431 2.1448745741 0.0625384842 0.9189248517 1.2468610281 1.3747473424 1.4608989901 1.2472518936 0.619570717 0.7610070362 0.6288863453 1.7002345019 
4.1125 0.1561672518 0.271576567 0.6489521569 0.7977293513 2.118152425 0.1274221807 0.9355877089 1.2451013343 1.3241770942 1.4691391312 1.2212257641 0.5809775718 0.7568775642 0.6444010774 1.7191436218 
4.1375 0.1415698837 0.2721193574 0.6922512998 0.8192191402 2.0883412248 0.1297017498 1.0002293762 1.2231860483 1.257200968 1.5634401509 1.2352184288 0.5597202717 0.7566200317 0.6555422078 1.7039448166 
4.1625 0.1348490269 0.2443615129 0.7023037827 0.8412359711 1.9779776706 0.0961113406 1.0760701071 1.256121826 1.232368819 1.5495409543 1.2104061214 0.5542891773 0.7523355985 0.6696581211 1.6733208181 
4.1875 0.1348989016 0.2805566113 0.7463302422 0.8700151553 1.893834714 0.1377955038 1.1559925508 1.2146332274 1.1650935714 1.5212623619 1.2141211495 0.5446181077 0.7566985262 0.6844192499 1.6471159766 
4.2125 0.1267600305 0.2741696788 0.7787154904 0.9033696687 1.8419050233 0.1196042223 1.1964102359 1.2218031323 1.1102491942 1.5683241653 1.2092293551 0.5349068834 0.7681887854 0.6960141542 1.6143982418 
4.2375 0.1511306895 0.2563968515 0.7620381128 0.9202202207 1.798945167 0.2000259125 1.216884915 1.234629638 1.0354750505 1.5306710192 1.1963671055 0.5098842352 0.7649854643 0.7070234101 1.5965704653 
4.2625 0.1549542314 0.294133483 0.7454576502 0.9198909863 1.7252636071 0.2066722029 1.282086518 1.2380114243 0.9927005052 1.5285835559 1.1763841696 0.5097165527 0.7735980176 0.7245414498 1.6002774692 
4.2875 0.1507841214 0.3333434307 0.8232339362 0.9455092012 1.6393332573 0.2309128561 1.2572316889 1.2191754739 0.9131049238 1.4522642397 1.1873065394 0.5051662791 0.7796639368 0.7382272908 1.5369026827 
4.3125 0.1412377797 0.2850115968 0.8228466224 0.9701318761 1.6256487948 0.2054190359 1.2469111051 1.1883286393 0.8392333262 1.4410935442 1.168489023 0.4991068071 0.7705164644 0.7505421212 1.5323579738 
4.3375 0.1828099826 0.3008265536 0.8906780038 1.0079617922 1.5603931188 0.300248041 1.2849921941 1.1915190203 0.8004083435 1.424529434 1.1719508315 0.4932832339 0.7810402236 0.7730826623 1.5110297231 
4.3625 0.1791956789 0.2848067493 0.9010873778 1.0126462196 1.441262267 0.23333565 1.3221209697 1.1929857007 0.764345824 1.4444849297 1.1522663422 0.4955809007 0.7777259269 0.794960405 1.462583455 
4.3875 0.1583126432 0.2940091945 0.9512328246 1.0067930237 1.3899708721 0.3511148265 1.3885149612 1.1611242923 0.725128446 1.4199287128 1.131256916 0.4953772226 0.7852259985 0.8060869874 1.4519265957 
4.4125 0.1915553403 0.3376442379 0.9697768608 1.0196408774 1.3171758867 0.3723030835 1.3684653881 1.18902201 0.6675670999 1.4419868619 1.1246795401 0.473764059 0.7863458521 0.8290608995 1.4051244544 
4.4375 0.1842442178 0.3344032552 1.0409061326 1.0278524298 1.2434411951 0.4244986777 1.4820973364 1.1643313341 0.6369552913 1.4313564789 1.1149723081 0.4670314554 0.7970750318 0.8583765376 1.4046750373 
4.4625 0.1938455259 0.3760311706 1.0695026085 1.0270715719 1.2049530807 0.4869822282 1.5344039366 1.1554896781 0.5935608303 1.4103792371 1.0946442275 0.4853835492 0.813071759 0.8755927483 1.3685614829 
4.4875 0.1635865337 0.4329277978 1.1737153628 1.0242174491 1.1260311494 0.6015588501 1.4515242118 1.143461763 0.5768317006 1.3915953302 1.0831031964 0.4738694715 0.8200270443 0.8962747186 1.3384329721 
4.5125 0.1895735903 0.4436449622 1.1825543547 1.0187798771 1.0723647053 0.5211492026 1.4694803977 1.1446574537 0.5624402548 1.3867379397 1.074663107 0.4765709016 0.8252642608 0.9188177808 1.3094625373 
4.5375 0.1853758319 0.4620298775 1.2154451882 1.0309327989 1.00355374 0.4900477076 1.5142315575 1.1264621457 0.5122505164 1.3334372576 1.0672150078 0.466258984 0.8435415334 0.9413313597 1.2746791101 
4.5625 0.207052914 0.4731891089 1.2511015468 1.0419310462 0.9781420172 0.6054729151 1.503329642 1.140098179 0.5064561333 1.3482281864 1.0766228665 0.4806137336 0.8462285708 0.9578484787 1.2686892801 
4.5875 0.2351434516 0.4897672625 1.2807388056 1.0286233064 0.9218692138 0.5461396296 1.52670851 1.122728095 0.4698235982 1.3680797721 1.0752641135 0.4707351239 0.8588597331 0.9917043623 1.2379536659 
4.6125 0.2203233062 0.4987969586 1.3315576655 1.0228321907 0.8759641973 0.6538077058 1.5734358215 1.1057305399 0.4896843219 1.3667957522 1.0387254818 0.4716700779 0.876688945 1.0185290011 1.2094627215 
4.6375 0.2462950631 0.4964701169 1.3923431046 1.0233897262 0.8403553813 0.6877705289 1.5762546647 1.1082645232 0.4620246558 1.3807638627 1.016473221 0.4672057086 0.8888763523 1.0438572044 1.1749887658 
4.6625 0.2209637353 0.5056798473 1.4114976491 1.0484929508 0.8259854734 0.6503743779 1.574717085 1.0990400741 0.4381202687 1.3311496274 1.0165416614 0.4778674557 0.9029222422 1.0573355682 1.1545600289 
4.6875 0.2661663778 0.4809817981 1.4521588457 1.0470806977 0.7643821186 0.7682829751 1.622161887 1.1285858951 0.4359671524 1.2763305254 0.9996099573 0.494628604 0.9099728156 1.0718764198 1.1355439705 
4.7125 0.2966769783 0.5126499769 1.4969771409 1.0563807881 0.7340549741 0.7777968578 1.6514582811 1.1133350896 0.4072773717 1.2682352697 1.004347959 0.488402025 0.9166497704 1.0998418824 1.1030352237 
4.7375 0.3284702172 0.5761160699 1.5545434965 1.0580313431 0.7160230448 0.794341854 1.6372753159 1.1021614461 0.3993531848 1.2255560033 1.0127858639 0.4874072887 0.9326929599 1.1101024399 1.0821043749 
4.7625 0.3128741074 0.5940769095 1.619651361 1.0879013411 0.6800932956 0.8162559152 1.5720484293 1.1179730855 0.3996702795 1.2030489299 1.0182564605 0.4870902803 0.9384623662 1.1258309283 1.0596840875 
4.7875 0.3045497552 0.588838404 1.6694518492 1.086818409 0.6691507387 0.8918052602 1.6300376657 1.1214047508 0.3891853826 1.1711426011 1.0006216475 0.4902792018 0.9516784124 1.1401175841 1.0432367494 
4.8125 0.2945012452 0.5850862505 1.7006507013 1.080803905 0.6414213623 0.8064321332 1.6069429115 1.1118401067 0.3696440995 1.1470510202 1.0098259719 0.4979577438 0.9630131975 1.1518885556 1.0256632463 
4.8375 0.348517935 0.6232393677 1.7307450262 1.0837698507 0.6290531678 0.9599746678 1.5582844608 1.0855527494 0.3553685294 1.049051387 1.0043223348 0.4963473673 0.9658756749 1.1643951456 1.0065868099 
4.8625 0.3768598969 0.6555152604 1.6618048385 1.1021540816 0.6117260124 0.9680818768 1.5547312082 1.0808636456 0.367691583 1.0608299208 1.0029981918 0.5019939547 0.9859581708 1.1667158901 0.9608316203 
4.8875 0.3827346668 0.7012245859 1.7511022278 1.1007418641 0.5876002317 0.9472683003 1.5366796871 1.0796876605 0.3663317525 1.049130398 1.0207169054 0.5197673466 0.9999417791 1.1749584066 0.9437869526 
4.9125 0.3271331645 0.731990523 1.6424009171 1.0908823644 0.5864831647 0.9701242236 1.5356917626 1.0822567829 0.3778342949 1.0222430313 1.0142330795 0.5168921988 1.0038748649 1.171930414 0.9398078416 
4.9375 0.3458539391 0.8272814318 1.6768856222 1.0892390034 0.5716300395 1.0714924103 1.5933092142 1.073278231 0.3669861505 0.986415913 1.0128505236 0.5195733666 1.0089235784 1.1807413859 0.9272176315 
4.9625 0.3624139423 0.845043241 1.7905016622 1.0800966739 0.5500294526 1.0633755428 1.6101786275 1.0714967089 0.4039037091 0.9582578208 1.0073560707 0.5396431994 1.0073376553 1.1831696483 0.9172359878 
4.9875 0.3675408048 0.7770862729 1.7494942306 1.0754579401 0.5419039127 1.0999971228 1.6035280253 1.0672903667 0.3922349526 0.9451049265 1.0195756943 0.5454371175 1.015513785 1.1866795979 0.9073458516 
