# Radial distribution function (200 data points):
# "Pair separation distance" g(r)
0.0125 0.0 
0.0375 0.0 
0.0625 0.0 
0.0875 0.0 
0.1125 0.0 
0.1375 0.0 
0.1625 0.0 
0.1875 0.0 
0.2125 0.0 
0.2375 0.0 
0.2625 0.0 
0.2875 0.0 
0.3125 0.0 
0.3375 0.0 
0.3625 0.0 
0.3875 0.0 
0.4125 0.0 
0.4375 0.0 
0.4625 0.0 
0.4875 0.0 
0.5125 0.0 
0.5375 0.0 
0.5625 0.0 
0.5875 0.0 
0.6125 0.0 
0.6375 0.0 
0.6625 0.0 
0.6875 0.0 
0.7125 0.0 
0.7375 0.0 
0.7625 0.0 
0.7875 0.0 
0.8125 0.0 
0.8375 0.0 
0.8625 0.0 
0.8875 0.0 
0.9125 0.0 
0.9375 0.0 
0.9625 0.0 
0.9875 0.0 
1.0125 0.0 
1.0375 0.0 
1.0625 0.0 
1.0875 0.0 
1.1125 0.0 
1.1375 0.0 
1.1625 0.0 
1.1875 0.0 
1.2125 0.0 
1.2375 0.0 
1.2625 1.3110439981e-04 
1.2875 6.6182842219e-04 
1.3125 0.0045186505 
1.3375 0.0123822586 
1.3625 0.0397641035 
1.3875 0.0987774683 
1.4125 0.1988458734 
1.4375 0.3466131553 
1.4625 0.5225208281 
1.4875 0.6860344033 
1.5125 0.8049484447 
1.5375 0.8651971807 
1.5625 0.8600302661 
1.5875 0.8147276358 
1.6125 0.7743910789 
1.6375 0.8149292449 
1.6625 0.9132395935 
1.6875 1.0801141459 
1.7125 1.2456730039 
1.7375 1.3619208016 
1.7625 1.3732391349 
1.7875 1.3277546481 
1.8125 1.1920835517 
1.8375 1.015473588 
1.8625 0.8317983663 
1.8875 0.6610407671 
1.9125 0.5041822713 
1.9375 0.3746310025 
1.9625 0.2914910616 
1.9875 0.2186318174 
2.0125 0.1607734448 
2.0375 0.1262344194 
2.0625 0.0989987998 
2.0875 0.0828426777 
2.1125 0.0764566772 
2.1375 0.0790695427 
2.1625 0.0929927824 
2.1875 0.1160775833 
2.2125 0.1596167695 
2.2375 0.2206224496 
2.2625 0.3033202816 
2.2875 0.3989435558 
2.3125 0.5264029263 
2.3375 0.6723085985 
2.3625 0.8329575699 
2.3875 1.0012558816 
2.4125 1.1628213911 
2.4375 1.3263486749 
2.4625 1.4675559729 
2.4875 1.5843989505 
2.5125 1.6890742973 
2.5375 1.7490690175 
2.5625 1.7789318376 
2.5875 1.7827084252 
2.6125 1.7581222511 
2.6375 1.7087818689 
2.6625 1.6582417508 
2.6875 1.5924097384 
2.7125 1.526027787 
2.7375 1.4538535631 
2.7625 1.3963595411 
2.7875 1.3478119505 
2.8125 1.2845941024 
2.8375 1.2429486376 
2.8625 1.201790601 
2.8875 1.1639331936 
2.9125 1.1313809493 
2.9375 1.1094567363 
2.9625 1.091209679 
2.9875 1.0693706893 
3.0125 1.0493007371 
3.0375 1.0250781196 
3.0625 1.0174623122 
3.0875 1.0135584247 
3.1125 0.9895384773 
3.1375 0.9831671935 
3.1625 0.9753685013 
3.1875 0.9731327857 
3.2125 0.9671882297 
3.2375 0.9668880645 
3.2625 0.9708665919 
3.2875 0.9752121394 
3.3125 0.9694225317 
3.3375 0.970543973 
3.3625 0.9772315742 
3.3875 0.9803888644 
3.4125 0.9833131859 
3.4375 0.9944140762 
3.4625 1.0020382835 
3.4875 1.0111293487 
3.5125 1.0159525719 
3.5375 1.0262334095 
3.5625 1.035801414 
3.5875 1.0401937304 
3.6125 1.0460270327 
3.6375 1.0450122907 
3.6625 1.0431370546 
3.6875 1.0305930318 
3.7125 1.0305610887 
3.7375 1.0226025007 
3.7625 1.0186202586 
3.7875 1.0062700627 
3.8125 1.003367306 
3.8375 1.0058078754 
3.8625 0.9972912289 
3.8875 0.9936077452 
3.9125 0.9883530825 
3.9375 0.9846980321 
3.9625 0.9802843105 
3.9875 0.9708730707 
4.0125 0.9665323342 
4.0375 0.9646215564 
4.0625 0.9524439815 
4.0875 0.9448595611 
4.1125 0.9438353992 
4.1375 0.9450954513 
4.1625 0.9406156835 
4.1875 0.9394465441 
4.2125 0.9411063751 
4.2375 0.9367060736 
4.2625 0.9392162551 
4.2875 0.9346840855 
4.3125 0.93101104 
4.3375 0.938267839 
4.3625 0.932774359 
4.3875 0.9313098569 
4.4125 0.9300063945 
4.4375 0.9376830885 
4.4625 0.9400954163 
4.4875 0.9397834489 
4.5125 0.9418323844 
4.5375 0.9443400121 
4.5625 0.9520794931 
4.5875 0.9577749982 
4.6125 0.9626505045 
4.6375 0.9663695175 
4.6625 0.9718858251 
4.6875 0.9746619119 
4.7125 0.9805380631 
4.7375 0.9853563376 
4.7625 0.990782083 
4.7875 0.9952318766 
4.8125 0.9985141164 
4.8375 0.9983669571 
4.8625 0.9993168107 
4.8875 1.006093525 
4.9125 1.0030407956 
4.9375 1.0055763402 
4.9625 1.0065610582 
4.9875 1.008088819 
