# Radial distribution function (200 data points):
# "Pair separation distance" g(r)
0.0125 0.0 
0.0375 0.0 
0.0625 0.0 
0.0875 0.0 
0.1125 0.0 
0.1375 0.0 
0.1625 0.0 
0.1875 0.0 
0.2125 0.0 
0.2375 0.0 
0.2625 0.0 
0.2875 0.0 
0.3125 0.0 
0.3375 0.0 
0.3625 0.0 
0.3875 0.0 
0.4125 0.0 
0.4375 0.0 
0.4625 0.0 
0.4875 0.0 
0.5125 0.0 
0.5375 0.0 
0.5625 0.0 
0.5875 0.0 
0.6125 0.0 
0.6375 0.0 
0.6625 0.0 
0.6875 0.0 
0.7125 0.0 
0.7375 0.0 
0.7625 0.0 
0.7875 0.0 
0.8125 0.0 
0.8375 0.0 
0.8625 0.0 
0.8875 0.0 
0.9125 0.0 
0.9375 0.0 
0.9625 0.0 
0.9875 0.0 
1.0125 0.0 
1.0375 0.0 
1.0625 0.0 
1.0875 0.0 
1.1125 0.0 
1.1375 0.0 
1.1625 0.0 
1.1875 0.0 
1.2125 0.0 
1.2375 0.0 
1.2625 0.0 
1.2875 0.0 
1.3125 0.0 
1.3375 0.0 
1.3625 0.0 
1.3875 0.0 
1.4125 0.0 
1.4375 0.0 
1.4625 0.0 
1.4875 0.0 
1.5125 0.0 
1.5375 0.0 
1.5625 0.0 
1.5875 0.0 
1.6125 0.0 
1.6375 0.0 
1.6625 1.2407428041e-04 
1.6875 4.5159488942e-04 
1.7125 5.8467481646e-04 
1.7375 1.7039129235e-04 
1.7625 1.1039457302e-04 
1.7875 8.0496192782e-05 
1.8125 1.5658191498e-04 
1.8375 4.8244240277e-04 
1.8625 4.9429267859e-04 
1.8875 0.0013235358 
1.9125 0.0034455736 
1.9375 0.0084501719 
1.9625 0.0211471413 
1.9875 0.056516368 
2.0125 0.1209316913 
2.0375 0.2167173303 
2.0625 0.343382887 
2.0875 0.4766446754 
2.1125 0.5947983308 
2.1375 0.6629483675 
2.1625 0.6827617646 
2.1875 0.6540406899 
2.2125 0.6204112799 
2.2375 0.5979940937 
2.2625 0.5708335438 
2.2875 0.5366007834 
2.3125 0.5022159443 
2.3375 0.4697363448 
2.3625 0.4439801229 
2.3875 0.4326703254 
2.4125 0.419654554 
2.4375 0.4357221385 
2.4625 0.475018455 
2.4875 0.5582950962 
2.5125 0.6831605734 
2.5375 0.8441907878 
2.5625 1.0285407686 
2.5875 1.2013019843 
2.6125 1.3629725349 
2.6375 1.4765962814 
2.6625 1.5509255999 
2.6875 1.6049518244 
2.7125 1.5966062695 
2.7375 1.5766158039 
2.7625 1.5385026587 
2.7875 1.520805979 
2.8125 1.4613095248 
2.8375 1.4087224286 
2.8625 1.3656829546 
2.8875 1.3350936454 
2.9125 1.3048839354 
2.9375 1.2962504264 
2.9625 1.279632831 
2.9875 1.2713988615 
3.0125 1.2670679942 
3.0375 1.2680777581 
3.0625 1.2762444027 
3.0875 1.2946388323 
3.1125 1.3089878635 
3.1375 1.3168469128 
3.1625 1.3203002151 
3.1875 1.3184375403 
3.2125 1.3130583659 
3.2375 1.3247909901 
3.2625 1.3250245418 
3.2875 1.3337761395 
3.3125 1.3370583283 
3.3375 1.3379069849 
3.3625 1.333790379 
3.3875 1.3403030969 
3.4125 1.3328035795 
3.4375 1.3220566439 
3.4625 1.3153773458 
3.4875 1.3110650575 
3.5125 1.2976665136 
3.5375 1.2855831942 
3.5625 1.2707242326 
3.5875 1.2584913159 
3.6125 1.2297480568 
3.6375 1.2067922326 
3.6625 1.1860529562 
3.6875 1.1714062619 
3.7125 1.1502151891 
3.7375 1.123033902 
3.7625 1.1010313779 
3.7875 1.0709934988 
3.8125 1.0503109314 
3.8375 1.0315824967 
3.8625 1.0144159384 
3.8875 0.9936898645 
3.9125 0.9752684365 
3.9375 0.9677730809 
3.9625 0.9556819 
3.9875 0.9322187057 
4.0125 0.9263469274 
4.0375 0.9175087791 
4.0625 0.9047862236 
4.0875 0.8962411148 
4.1125 0.8812665923 
4.1375 0.8733133789 
4.1625 0.8668428763 
4.1875 0.8539223594 
4.2125 0.8555716616 
4.2375 0.8544871608 
4.2625 0.8533502912 
4.2875 0.8484226999 
4.3125 0.8495630261 
4.3375 0.8417575252 
4.3625 0.8364081508 
4.3875 0.8340918356 
4.4125 0.8381810343 
4.4375 0.8357034371 
4.4625 0.8355146655 
4.4875 0.8323619038 
4.5125 0.8406417725 
4.5375 0.8493720424 
4.5625 0.8529310811 
4.5875 0.8546064919 
4.6125 0.8588511784 
4.6375 0.8676828191 
4.6625 0.8807720936 
4.6875 0.8767360845 
4.7125 0.8796849124 
4.7375 0.8827673057 
4.7625 0.8889344765 
4.7875 0.8948763951 
4.8125 0.8903081126 
4.8375 0.8981326175 
4.8625 0.897054299 
4.8875 0.9041340093 
4.9125 0.9061351182 
4.9375 0.9100223241 
4.9625 0.9213295502 
4.9875 0.9192886347 
