# Radial distribution function (200 data points):
"Pair separation distance" Cl-Cl Cl-F Cl-K Cl-Th F-F F-K F-Th K-K K-Th Th-Th
0.0125 0.0 0.0 0.0 0.0 0.0 0.0 0.0 0.0 0.0 0.0 
0.0375 0.0 0.0 0.0 0.0 0.0 0.0 0.0 0.0 0.0 0.0 
0.0625 0.0 0.0 0.0 0.0 0.0 0.0 0.0 0.0 0.0 0.0 
0.0875 0.0 0.0 0.0 0.0 0.0 0.0 0.0 0.0 0.0 0.0 
0.1125 0.0 0.0 0.0 0.0 0.0 0.0 0.0 0.0 0.0 0.0 
0.1375 0.0 0.0 0.0 0.0 0.0 0.0 0.0 0.0 0.0 0.0 
0.1625 0.0 0.0 0.0 0.0 0.0 0.0 0.0 0.0 0.0 0.0 
0.1875 0.0 0.0 0.0 0.0 0.0 0.0 0.0 0.0 0.0 0.0 
0.2125 0.0 0.0 0.0 0.0 0.0 0.0 0.0 0.0 0.0 0.0 
0.2375 0.0 0.0 0.0 0.0 0.0 0.0 0.0 0.0 0.0 0.0 
0.2625 0.0 0.0 0.0 0.0 0.0 0.0 0.0 0.0 0.0 0.0 
0.2875 0.0 0.0 0.0 0.0 0.0 0.0 0.0 0.0 0.0 0.0 
0.3125 0.0 0.0 0.0 0.0 0.0 0.0 0.0 0.0 0.0 0.0 
0.3375 0.0 0.0 0.0 0.0 0.0 0.0 0.0 0.0 0.0 0.0 
0.3625 0.0 0.0 0.0 0.0 0.0 0.0 0.0 0.0 0.0 0.0 
0.3875 0.0 0.0 0.0 0.0 0.0 0.0 0.0 0.0 0.0 0.0 
0.4125 0.0 0.0 0.0 0.0 0.0 0.0 0.0 0.0 0.0 0.0 
0.4375 0.0 0.0 0.0 0.0 0.0 0.0 0.0 0.0 0.0 0.0 
0.4625 0.0 0.0 0.0 0.0 0.0 0.0 0.0 0.0 0.0 0.0 
0.4875 0.0 0.0 0.0 0.0 0.0 0.0 0.0 0.0 0.0 0.0 
0.5125 0.0 0.0 0.0 0.0 0.0 0.0 0.0 0.0 0.0 0.0 
0.5375 0.0 0.0 0.0 0.0 0.0 0.0 0.0 0.0 0.0 0.0 
0.5625 0.0 0.0 0.0 0.0 0.0 0.0 0.0 0.0 0.0 0.0 
0.5875 0.0 0.0 0.0 0.0 0.0 0.0 0.0 0.0 0.0 0.0 
0.6125 0.0 0.0 0.0 0.0 0.0 0.0 0.0 0.0 0.0 0.0 
0.6375 0.0 0.0 0.0 0.0 0.0 0.0 0.0 0.0 0.0 0.0 
0.6625 0.0 0.0 0.0 0.0 0.0 0.0 0.0 0.0 0.0 0.0 
0.6875 0.0 0.0 0.0 0.0 0.0 0.0 0.0 0.0 0.0 0.0 
0.7125 0.0 0.0 0.0 0.0 0.0 0.0 0.0 0.0 0.0 0.0 
0.7375 0.0 0.0 0.0 0.0 0.0 0.0 0.0 0.0 0.0 0.0 
0.7625 0.0 0.0 0.0 0.0 0.0 0.0 0.0 0.0 0.0 0.0 
0.7875 0.0 0.0 0.0 0.0 0.0 0.0 0.0 0.0 0.0 0.0 
0.8125 0.0 0.0 0.0 0.0 0.0 0.0 0.0 0.0 0.0 0.0 
0.8375 0.0 0.0 0.0 0.0 0.0 0.0 0.0 0.0 0.0 0.0 
0.8625 0.0 0.0 0.0 0.0 0.0 0.0 0.0 0.0 0.0 0.0 
0.8875 0.0 0.0 0.0 0.0 0.0 0.0 0.0 0.0 0.0 0.0 
0.9125 0.0 0.0 0.0 0.0 0.0 0.0 0.0 0.0 0.0 0.0 
0.9375 0.0 0.0 0.0 0.0 0.0 0.0 0.0 0.0 0.0 0.0 
0.9625 0.0 0.0 0.0 0.0 0.0 0.0 0.0 0.0 0.0 0.0 
0.9875 0.0 0.0 0.0 0.0 0.0 0.0 0.0 0.0 0.0 0.0 
1.0125 0.0 0.0 0.0 0.0 0.0 0.0 0.0 0.0 0.0 0.0 
1.0375 0.0 0.0 0.0 0.0 0.0 0.0 0.0 0.0 0.0 0.0 
1.0625 0.0 0.0 0.0 0.0 0.0 0.0 0.0 0.0 0.0 0.0 
1.0875 0.0 0.0 0.0 0.0 0.0 0.0 0.0 0.0 0.0 0.0 
1.1125 0.0 0.0 0.0 0.0 0.0 0.0 0.0 0.0 0.0 0.0 
1.1375 0.0 0.0 0.0 0.0 0.0 0.0 0.0 0.0 0.0 0.0 
1.1625 0.0 0.0 0.0 0.0 0.0 0.0 0.0 0.0 0.0 0.0 
1.1875 0.0 0.0 0.0 0.0 0.0 0.0 0.0 0.0 0.0 0.0 
1.2125 0.0 0.0 0.0 0.0 0.0 0.0 0.0 0.0 0.0 0.0 
1.2375 0.0 0.0 0.0 0.0 0.0 0.0 0.0 0.0 0.0 0.0 
1.2625 0.0 0.0 0.0 0.0 0.0 0.0 0.0 0.0 0.0 0.0 
1.2875 0.0 0.0 0.0 0.0 0.0 0.0 0.0 0.0 0.0 0.0 
1.3125 0.0 0.0 0.0 0.0 0.0 0.0 0.0 0.0 0.0 0.0 
1.3375 0.0 0.0 0.0 0.0 0.0 0.0 0.0 0.0 0.0 0.0 
1.3625 0.0 0.0 0.0 0.0 0.0 0.0 0.0 0.0 0.0 0.0 
1.3875 0.0 0.0 0.0 0.0 0.0 0.0 0.0 0.0 0.0 0.0 
1.4125 0.0 0.0 0.0 0.0 0.0 0.0 0.0 0.0 0.0 0.0 
1.4375 0.0 0.0 0.0 0.0 0.0 0.0 0.0 0.0 0.0 0.0 
1.4625 0.0 0.0 0.0 0.0 0.0 0.0 0.0 0.0 0.0 0.0 
1.4875 0.0 0.0 0.0 0.0 0.0 0.0 0.0 0.0 0.0 0.0 
1.5125 0.0 0.0 0.0 0.0 0.0 0.0 0.0 0.0 0.0 0.0 
1.5375 0.0 0.0 0.0 0.0 0.0 0.0 0.0 0.0 0.0 0.0 
1.5625 0.0 0.0 0.0 0.0 0.0 0.0 0.0 0.0 0.0 0.0 
1.5875 0.0 0.0 0.0 0.0 0.0 0.0 0.0 0.0 0.0 0.0 
1.6125 0.0 0.0 0.0 0.0 0.0 0.0 0.0 0.0 0.0 0.0 
1.6375 0.0 0.0 0.0 0.0 0.0 0.0 0.0 0.0 0.0 0.0 
1.6625 0.0 0.0 0.0 0.0 0.0048466516 0.0 0.0 0.0 0.0 0.0 
1.6875 0.0 0.0 0.0 0.0 0.0176404254 0.0 0.0 0.0 0.0 0.0 
1.7125 0.0 0.0 0.0 0.0 0.02283886 0.0 0.0 0.0 0.0 0.0 
1.7375 0.0 0.0 1.7211241651e-04 0.0 0.0055465915 0.0 0.0 0.0 0.0 0.0 
1.7625 0.0 0.0 0.0 0.0 0.004312288 0.0 0.0 0.0 0.0 0.0 
1.7875 0.0 0.0 0.0 0.0 0.0031443825 0.0 0.0 0.0 0.0 0.0 
1.8125 0.0 0.0 1.5816355049e-04 0.0 0.004077654 0.0 5.8252200515e-04 0.0 0.0 0.0 
1.8375 0.0 0.0014427105 0.0 0.0 0.003967454 0.0 0.0028338957 0.0 0.0 0.0 
1.8625 0.0 0.0011233925 0.0 0.0 0.0019308308 0.0 0.0055166594 0.0 0.0 0.0 
1.8875 0.0 0.0015040179 0.0 0.0 0.0037600448 0.0 0.0214859704 0.0 0.0 0.0 
1.9125 4.6491126044e-04 0.0011985993 1.4205621847e-04 0.0 0.0018311934 0.0 0.0674925583 0.0 0.0 0.0 
1.9375 8.3048372085e-04 0.0011678677 0.0 0.0 0.0026763636 0.0 0.1768948863 0.0 0.0 0.0 
1.9625 0.0020604435 7.5886870669e-04 0.0 0.0 0.0034781482 0.0 0.4531530277 0.0 0.0 0.0 
1.9875 0.0174346872 7.3989798959e-04 0.0 0.0 0.0016955996 0.0 1.139927361 0.0 0.0 0.0 
2.0125 0.0203630821 0.0015635313 0.0 0.0 0.0024806026 0.001322988 2.5528944326 0.0 0.0 0.0 
2.0375 0.0075779229 0.00211209 0.0 0.0 0.0032268042 8.6048110931e-04 4.7752091846 0.0 0.0 0.0 
2.0625 0.0049302209 0.0016031546 1.221451113e-04 0.0 0.0070853707 0.0029391167 7.6175607811 0.0 0.0 0.0 
2.0875 0.0066989533 0.0014532013 0.0 0.0 0.0061481595 0.0024592638 10.5818608678 0.0 4.6843120265e-04 0.0 
2.1125 0.0052076674 8.7323690339e-04 0.0 0.0 0.0030017519 0.0072042045 13.228291605 0.0 4.5740980654e-04 0.0 
2.1375 0.0038459389 0.0010661625 3.4117199776e-04 0.0 0.0073298671 0.0195463124 14.7409910918 0.0 4.4677285422e-04 0.0 
2.1625 0.0020605812 8.3332328184e-04 3.3332931274e-04 0.0 0.0114581951 0.0538535171 15.156327602 0.0 0.001309508 0.0 
2.1875 0.0023691198 9.1618305851e-04 6.5150795272e-04 0.0 0.0300940685 0.0746519529 14.4787462679 0.0 0.0012797478 0.0 
2.2125 0.0021421922 0.001293638 6.3686794765e-04 1.1372641922e-04 0.0492577553 0.1280701638 13.6608174771 0.0 0.0 0.0 
2.2375 0.0018115372 8.756942562e-04 5.189299296e-04 8.8959416503e-04 0.0990021006 0.2051394878 13.0491649088 0.0 0.0020386533 0.0 
2.2625 0.0019931904 6.6612700924e-04 2.0301013615e-04 9.7879887072e-04 0.1491648696 0.2829770976 12.3324579382 0.0 7.9753982058e-04 0.0 
2.2875 0.0022206761 4.6546183132e-04 4.9649262007e-04 0.0021278255 0.1990431156 0.3822993175 11.4272874424 0.0 0.001170304 0.0 
2.3125 0.00249091 9.1090457884e-04 6.8014208553e-04 0.0048928589 0.2724174006 0.5253793976 10.4511660884 0.0 7.6342478989e-04 0.0 
2.3375 0.0024379139 9.8067680626e-04 4.7547966364e-04 0.0120228429 0.3561082653 0.6809165958 9.4855964085 0.0013947403 0.0026151382 0.0 
2.3625 0.0021326986 0.0017455123 2.7928196346e-04 0.0373040908 0.4806158945 0.8598684369 8.5610831251 0.002730757 0.0014629055 0.0 
2.3875 0.0013424587 0.0020509785 7.2923680499e-04 0.084383116 0.6409841965 1.0127276129 7.890559943 0.0026738683 0.005013503 0.0 
2.4125 0.0014608668 0.005272816 9.8202710757e-04 0.2027822209 0.7664414691 1.1603264043 6.9476225836 0.0013093695 0.0070144793 0.0 
2.4375 0.0014310542 0.0092645853 0.0029734126 0.4868650857 0.8967893128 1.3293450128 6.0527843286 6.4132429384e-04 0.005840632 0.0 
2.4625 0.0011684542 0.0143792893 0.007626111 0.9258747465 1.1316159239 1.4624299495 5.1071436928 6.2836869262e-04 0.0074057739 0.0 
2.4875 0.0017405305 0.0229875991 0.0105805936 1.5735933797 1.2442923673 1.6698811298 4.4025357234 6.158017419e-04 0.0092370261 0.0 
2.5125 0.0010775152 0.033489958 0.0178613109 2.4891482956 1.4196578405 1.8501529883 3.6872300478 6.0360805043e-04 0.0074373135 0.0 
2.5375 0.0014965499 0.056361333 0.0293734589 3.601418927 1.5832238866 1.9201183956 3.1551538915 5.917729814e-04 0.0069744673 0.0 
2.5625 8.6323032664e-04 0.0850888831 0.0492185158 4.8336505066 1.7386377647 2.0400560454 2.6345866643 5.8028260846e-04 0.0077716421 0.0 
2.5875 7.6196723399e-04 0.1168482045 0.0831955335 5.9917913299 1.8157490679 2.055781424 2.1971921424 5.6912367477e-04 0.0103661812 0.0 
2.6125 0.0010381306 0.168722172 0.1301054448 6.9566390549 2.0893107797 2.1118820093 1.8976656186 0.0 0.0071779314 0.0 
2.6375 0.0017926371 0.2151864742 0.1968913057 7.7084994913 2.1972058558 1.9937252083 1.4786504914 0.0021910009 0.0082162533 0.0 
2.6625 0.0031984197 0.2807050559 0.2653355665 8.0866615874 2.376286833 2.0116393982 1.1994140754 0.002687561 0.0057590593 0.0 
2.6875 0.0038062696 0.3710070524 0.3831513904 8.2259567656 2.6137332188 1.9808175112 1.0298873283 0.0021102342 0.007348137 0.0 
2.7125 0.0038905114 0.4462291388 0.5149599019 7.997243339 2.6704645705 1.908788175 0.8910868654 0.0020715154 0.0094327934 0.0 
2.7375 0.0054081988 0.5765711975 0.6660404868 7.6151599696 2.774748888 1.8195035603 0.7129833555 0.003559242 0.0114404206 0.0 
2.7625 0.0087274669 0.6770576184 0.8487678221 7.0780419918 2.9081897101 1.7747841715 0.5913049504 0.0019972076 0.0109668094 0.0 
2.7875 0.0128756727 0.8075905518 1.058765716 6.6030876169 2.9523728885 1.7380353409 0.5314886918 0.0044134742 0.0068303768 0.0 
2.8125 0.0198136778 0.9358592547 1.2696041008 5.8570314092 3.0453375588 1.6582758446 0.4727286123 0.0048170685 0.0069675456 0.0 
2.8375 0.0313639708 1.0792860244 1.4396449806 5.1952453922 3.0759334064 1.5672910176 0.3855241175 0.0042593047 0.0078594312 0.0 
2.8625 0.0416101961 1.2203755149 1.6064948452 4.5752191947 3.166716326 1.5206341828 0.3148265807 0.0046502574 0.0092174746 0.0 
2.8875 0.05829688 1.3475576628 1.832436934 3.9981619789 3.0952491015 1.4505013698 0.2892005389 0.0036560661 0.0075896014 0.0 
2.9125 0.0849315203 1.4730832604 1.9937579726 3.4898399399 3.0016756081 1.3524319299 0.253349746 0.0026951781 0.0084224314 0.0 
2.9375 0.115286016 1.6059007414 2.1456118008 3.076041583 3.0229894545 1.2949422366 0.2428460248 0.0110395758 0.0078065571 0.0 
2.9625 0.1613359018 1.7344325944 2.2825456344 2.613110389 2.9229593429 1.2611717353 0.2339675774 0.0112882027 0.0102338102 0.0 
2.9875 0.2051678301 1.8384794812 2.3987795491 2.2546255629 2.890004056 1.2365505107 0.1904012762 0.0145154767 0.013265194 0.0 
3.0125 0.2557108271 1.910614157 2.5062190681 1.9426590131 2.9588486343 1.1598233975 0.1885194512 0.0134358183 0.0139456596 0.0 
3.0375 0.3251499744 1.9745910997 2.5574368918 1.7354679667 2.8156071986 1.0771200861 0.1862586983 0.0111506321 0.0137170474 0.0 
3.0625 0.3918436299 2.0657856709 2.61097636 1.5270392624 2.7858943319 1.0112346511 0.1713957036 0.0089379685 0.0100116855 0.0 
3.0875 0.4811687911 2.1382451016 2.664742734 1.3567593975 2.7135589453 0.9934258262 0.143135868 0.0091935296 0.0085654002 0.0 
3.1125 0.5806914923 2.200979174 2.6708083451 1.1963286235 2.6538953028 0.9583568431 0.1432162187 0.0141596394 0.0086390657 0.0 
3.1375 0.6572142306 2.2428439708 2.6900139979 1.0524120542 2.5556366798 0.9451410341 0.1329724242 0.0127736473 0.0080872118 0.0 
3.1625 0.7505805878 2.2747865102 2.6687971002 0.9069783632 2.4333530841 0.9197206281 0.1276255879 0.0133344609 0.0095926479 0.0 
3.1875 0.8488706099 2.2697842894 2.5999934271 0.8066167649 2.3851145693 0.8566547482 0.1339190128 0.0172514644 0.0092418559 0.0 
3.2125 0.959016532 2.2310544631 2.5208660794 0.7055890368 2.3348319848 0.8333354464 0.113484934 0.0203069628 0.0089007791 0.0 
3.2375 1.0665104204 2.236095509 2.4914536441 0.6377955896 2.1659938637 0.7954651605 0.1075397033 0.022902853 0.0081795903 0.0 
3.2625 1.1591864441 2.1935364776 2.4440441708 0.5737152782 2.0945401581 0.7910399924 0.0922336618 0.0250591088 0.0095889447 0.0 
3.2875 1.2624622455 2.1900943195 2.3777832077 0.5146451541 2.0491710281 0.7734357911 0.090836209 0.035961459 0.0088770408 0.0 
3.3125 1.369060677 2.1559181565 2.3014928346 0.4532780173 2.0058433809 0.7832922174 0.0891214649 0.0305590314 0.0070692564 0.0 
3.3375 1.4679082185 2.1592947196 2.1966124075 0.4282204693 1.8364019668 0.6907853895 0.0804037909 0.0602058699 0.0075135166 0.0 
3.3625 1.5452514397 2.1020155664 2.1525815875 0.3865724818 1.7692093602 0.6532222293 0.0842903792 0.0424633943 0.0074022073 0.0 
3.3875 1.6467600857 2.051110077 2.1055312682 0.3407661665 1.7245139479 0.6576247694 0.0883874373 0.0554532034 0.0083606733 0.0 
3.4125 1.6918151264 2.0091202081 2.054046194 0.3270908174 1.6225538512 0.643269843 0.0861111276 0.0660959508 0.0089397812 0.0 
3.4375 1.7736222085 1.9360991598 1.9486011153 0.3029396991 1.5429224168 0.6419585113 0.09344665 0.0780366802 0.0084647225 0.0 
3.4625 1.8307481508 1.8974342154 1.8799980332 0.2816783706 1.4204397155 0.6352545339 0.0941772083 0.1013864647 0.0165155963 0.0 
3.4875 1.8863392972 1.8505434219 1.8208017588 0.2721160207 1.4073071329 0.6069419297 0.0967653953 0.0989982546 0.0164474948 0.0 
3.5125 1.9236282999 1.7973678671 1.7490700792 0.256434056 1.3406574541 0.5976091215 0.108267018 0.1155068793 0.0211777319 0.0 
3.5375 1.9608562072 1.7307521807 1.6998964036 0.2461492463 1.2620960051 0.5951869201 0.10551875 0.1260597333 0.0233262705 0.0 
3.5625 1.97751432 1.679678763 1.6523353337 0.2245464255 1.2631798795 0.576166944 0.1130902038 0.1402090671 0.0321678802 0.0062038055 
3.5875 2.0032967124 1.6293260449 1.5929707676 0.2162803044 1.1974967339 0.5885653946 0.1159803132 0.1687563121 0.0355276447 0.0098562024 
3.6125 1.9910632039 1.5641508464 1.5180843445 0.2164113141 1.1435128193 0.5911229044 0.1149671775 0.1716843184 0.0336298547 0.0140776136 
3.6375 1.9661449987 1.5152599589 1.4833088532 0.2070934869 1.1081060958 0.5857252748 0.1358104319 0.1892031678 0.0413457673 0.0076035659 
3.6625 1.9664186347 1.4647574178 1.4221456326 0.1938172701 1.0797978516 0.5710986341 0.1409532984 0.2039568231 0.0561530549 0.0303265628 
3.6875 1.9570413687 1.4350762597 1.373351394 0.1925901788 1.0957462286 0.5929360576 0.1384856037 0.2017611397 0.0672537132 0.0247697828 
3.7125 1.9434808885 1.3627989623 1.3600822473 0.1904898217 1.0346283908 0.5620395592 0.1460684516 0.2325049361 0.0710903491 0.0247546751 
3.7375 1.9014586109 1.32363565 1.300399289 0.1977938564 1.0150796751 0.556463769 0.1517927364 0.2403159708 0.0981994886 0.0422733768 
3.7625 1.8808988172 1.2904133027 1.224228909 0.1947021988 1.0030545258 0.5777341728 0.1505933614 0.2670101708 0.1195374235 0.090842674 
3.7875 1.8102154801 1.2450460857 1.2090626182 0.1906656459 0.9681451536 0.6048708826 0.1619522845 0.2629656863 0.1462817779 0.1164806263 
3.8125 1.7829846018 1.2067863735 1.1625865812 0.1930758615 0.9536466022 0.5683325164 0.1827441389 0.2815488566 0.1714740392 0.1829698418 
3.8375 1.7551911157 1.1631960174 1.1277295373 0.1906062219 0.950813096 0.598914463 0.1760825155 0.3040257028 0.208058927 0.200494588 
3.8625 1.7290483215 1.117756121 1.0865696597 0.19445321 0.9493196804 0.6120182494 0.1834310229 0.3333057133 0.2555891102 0.2700339215 
3.8875 1.6844144797 1.0913065717 1.0561362679 0.1889027414 0.9446835047 0.6002717986 0.2000737157 0.3383615163 0.3072862131 0.3189601948 
3.9125 1.6387955217 1.0631484136 1.0191595037 0.1957339045 0.9689665877 0.6121109317 0.2059011025 0.3741274288 0.3443103155 0.3991934636 
3.9375 1.6039939387 1.0478058551 1.005421073 0.2040645699 0.9785182044 0.5935335734 0.2129225989 0.4180540821 0.4161844777 0.5543922575 
3.9625 1.579107016 1.0142742062 0.9794712574 0.2064970824 0.9860460612 0.5943719859 0.2348642823 0.4319671874 0.4728324621 0.6226367214 
3.9875 1.5317577959 0.9740538178 0.9415424663 0.2079424015 0.9947831745 0.5864930995 0.2645453456 0.4224937074 0.5090311411 0.6987600964 
4.0125 1.489229465 0.9582627155 0.9444015102 0.2126206992 1.0250675928 0.5972904675 0.2828920305 0.4380721765 0.5927261591 0.8313561712 
4.0375 1.4660629817 0.9264710809 0.9243593978 0.2250564692 0.9887868992 0.6218010281 0.2907868748 0.5184487492 0.644137342 0.8613422855 
4.0625 1.4439875922 0.8918156264 0.893246152 0.2283331354 1.0182533292 0.6348424636 0.2983506025 0.5462574452 0.6815025034 0.9006010526 
4.0875 1.3938595116 0.8857798106 0.8859916755 0.239076872 1.0607578407 0.6386462424 0.3177348289 0.5699281633 0.7579819768 0.9689455982 
4.1125 1.3446890992 0.8758496828 0.8731941091 0.2390098626 1.0979983599 0.6204499298 0.3173912559 0.5873522263 0.7949000827 1.0588437396 
4.1375 1.3094655921 0.8545982103 0.8553892678 0.2502115722 1.1047239084 0.6293554917 0.3316770813 0.5911823823 0.8831009419 1.1927535194 
4.1625 1.2633421692 0.8468377027 0.8249627255 0.2684214494 1.1751872771 0.6525381986 0.3601772284 0.6557957352 0.9436842195 1.339284319 
4.1875 1.2136171628 0.8266167813 0.8022223819 0.27119469 1.2328170066 0.6626972327 0.4009622381 0.6884065444 1.0205729462 1.403165154 
4.2125 1.1863020795 0.8293246922 0.7994048409 0.2842363647 1.259936118 0.6579750272 0.4188643227 0.76164191 1.1059283484 1.4740671766 
4.2375 1.1612656301 0.8198935819 0.8080566729 0.2940999718 1.2094908816 0.6704266085 0.4301359355 0.7921511468 1.2241040644 1.4608666036 
4.2625 1.1307431748 0.8174896008 0.8039536968 0.3049389378 1.2572780131 0.684704402 0.4461708307 0.8162318741 1.2955104436 1.5302100635 
4.2875 1.1012986835 0.8107399218 0.7898568655 0.3201091111 1.2475775622 0.6857790058 0.4522260456 0.8380404709 1.3633962892 1.6190192129 
4.3125 1.0897557243 0.7973860123 0.767510557 0.3357761399 1.2817751616 0.7045501609 0.4756042867 0.8666658468 1.4730904673 1.6282912661 
4.3375 1.0502950441 0.7901367425 0.7448797922 0.3638744315 1.2207608787 0.6980658883 0.5108245747 0.9397418115 1.5443678738 1.6523548966 
4.3625 1.0148218607 0.7666962776 0.7622221336 0.3788176841 1.2379563548 0.7235929682 0.5175560043 0.9686447813 1.5890353639 1.6447331947 
4.3875 0.9881842552 0.7795437158 0.7542084185 0.3816851248 1.1897904262 0.7274324271 0.5500478707 1.0067268909 1.6430853437 1.686940339 
4.4125 0.9794930577 0.7872229294 0.7401621848 0.3943280804 1.1677463282 0.7347163818 0.5580846034 1.0319482532 1.74487769 1.7251674812 
4.4375 0.9502805445 0.8020767236 0.7284682966 0.4025632762 1.0966308225 0.7544892623 0.568821358 1.0725998829 1.8300763833 1.7406591634 
4.4625 0.9288323352 0.7971756745 0.7309486218 0.4195356136 1.0398123053 0.7620245056 0.6128216142 1.0843422154 1.9201295451 1.7005631621 
4.4875 0.907224727 0.806097691 0.7312902255 0.4395338302 0.9890111603 0.756129826 0.6238783797 1.1042718066 1.9127835532 1.6814509977 
4.5125 0.8925375504 0.8232421374 0.7235159601 0.4643682895 0.9277561872 0.7781244589 0.6154810717 1.1354833723 2.0630692451 1.7344045278 
4.5375 0.8951598348 0.8351106419 0.7135463687 0.4874945993 0.9030844888 0.7885723346 0.6565859231 1.1616853203 2.0979023228 1.7429642172 
4.5625 0.8793725031 0.8547904282 0.7272395715 0.5044713049 0.846076494 0.7615063837 0.6762544417 1.172602566 2.1251819844 1.7676228892 
4.5875 0.8651007097 0.8742011145 0.7107922301 0.5250973499 0.8214442068 0.7723251744 0.6712681834 1.1960685954 2.1975257962 1.7105816153 
4.6125 0.8558549334 0.9005374222 0.7088474236 0.5439655941 0.7943039548 0.785216001 0.7008008734 1.2200329646 2.1713703251 1.6663890067 
4.6375 0.8433972443 0.9226325236 0.7228488561 0.5683513159 0.7483903341 0.8253575409 0.7411382311 1.1952209235 2.20905286 1.6185727783 
4.6625 0.8473231228 0.9555416417 0.7190617233 0.6015570645 0.6963266307 0.867963956 0.7625260778 1.2397544487 2.2320951153 1.5155447882 
4.6875 0.8364775241 0.9767684936 0.7110811376 0.6012890478 0.6898334651 0.8758822314 0.7660848632 1.294197624 2.1719324561 1.4030705166 
4.7125 0.8244099291 1.0027786452 0.712236935 0.6108949116 0.6689614518 0.8762651058 0.7927921367 1.3101859027 2.1668732556 1.3787689333 
4.7375 0.809253938 1.0107584527 0.7189313404 0.6358919892 0.6126787132 0.89075666 0.8315991218 1.3257655097 2.1714403398 1.367179116 
4.7625 0.8107641324 1.0374369441 0.7262480986 0.6574601502 0.604639105 0.8726096439 0.8306536876 1.3688340289 2.1591427249 1.2219161029 
4.7875 0.8047176434 1.0576811688 0.7322170493 0.6676870072 0.5865055249 0.8803524883 0.8416222779 1.4129279487 2.1844773792 1.1807521618 
4.8125 0.7873842637 1.068216414 0.726244699 0.692786041 0.5665461208 0.8709212649 0.8671093111 1.381340406 2.1028764173 1.1756934219 
4.8375 0.8007884652 1.0609300391 0.731458254 0.723255553 0.5532637643 0.9033111434 0.90429247 1.3638433595 2.086692901 1.057963544 
4.8625 0.7841605029 1.0672519081 0.7198466675 0.7478598202 0.5446148249 0.9115723751 0.9008453281 1.325842876 2.124775501 1.0682029879 
4.8875 0.7963050395 1.0635397655 0.7310773789 0.7639070321 0.5598067396 0.9232815589 0.9236180317 1.3459712417 2.0972834744 0.989916921 
4.9125 0.7990371622 1.0592421571 0.7362294143 0.7762446908 0.5485725227 0.9181269441 0.9320836155 1.4103061436 2.0653336183 0.9506849585 
4.9375 0.8067652432 1.048023317 0.7362951587 0.7987755981 0.5551201676 0.9276821331 0.9414297974 1.4165358896 2.0582038056 0.9077091818 
4.9625 0.8240452907 1.041941135 0.7403099733 0.8352822944 0.575923443 0.9599902642 0.9626634659 1.3889928641 2.0500349017 0.846188247 
4.9875 0.8330548248 1.0183034489 0.7546725191 0.8347850251 0.5884741361 0.9459386281 0.9392660363 1.4065050932 2.0275652583 0.7978095796 
