# Radial distribution function (200 data points):
"Pair separation distance" g(r)
0.0125 0.0 
0.0375 0.0 
0.0625 0.0 
0.0875 0.0 
0.1125 0.0 
0.1375 0.0 
0.1625 0.0 
0.1875 0.0 
0.2125 0.0 
0.2375 0.0 
0.2625 0.0 
0.2875 0.0 
0.3125 0.0 
0.3375 0.0 
0.3625 0.0 
0.3875 0.0 
0.4125 0.0 
0.4375 0.0 
0.4625 0.0 
0.4875 0.0 
0.5125 0.0 
0.5375 0.0 
0.5625 0.0 
0.5875 0.0 
0.6125 0.0 
0.6375 0.0 
0.6625 0.0 
0.6875 0.0 
0.7125 0.0 
0.7375 0.0 
0.7625 0.0 
0.7875 0.0 
0.8125 0.0 
0.8375 0.0 
0.8625 0.0 
0.8875 0.0 
0.9125 0.0 
0.9375 0.0 
0.9625 0.0 
0.9875 0.0 
1.0125 0.0 
1.0375 0.0 
1.0625 0.0 
1.0875 0.0 
1.1125 0.0 
1.1375 0.0 
1.1625 0.0 
1.1875 0.0 
1.2125 0.0 
1.2375 0.0 
1.2625 0.0 
1.2875 7.0058330771e-05 
1.3125 4.4943293259e-04 
1.3375 0.0026832931 
1.3625 0.0118860157 
1.3875 0.0405578399 
1.4125 0.1000006483 
1.4375 0.1981821866 
1.4625 0.3418277427 
1.4875 0.4955731071 
1.5125 0.6236859777 
1.5375 0.6996957478 
1.5625 0.7016815418 
1.5875 0.6496949717 
1.6125 0.5880193529 
1.6375 0.5330556842 
1.6625 0.5206742941 
1.6875 0.5583921323 
1.7125 0.642238489 
1.7375 0.7535305813 
1.7625 0.8382810219 
1.7875 0.8856070867 
1.8125 0.8627123332 
1.8375 0.8252146517 
1.8625 0.7344784406 
1.8875 0.6429254408 
1.9125 0.5582796667 
1.9375 0.5172978878 
1.9625 0.5054488061 
1.9875 0.5297397013 
2.0125 0.5881545939 
2.0375 0.6711717608 
2.0625 0.7709005491 
2.0875 0.8751934911 
2.1125 0.9936637575 
2.1375 1.0836349911 
2.1625 1.1471431167 
2.1875 1.2161944414 
2.2125 1.2639771003 
2.2375 1.2782636102 
2.2625 1.290675767 
2.2875 1.3133326821 
2.3125 1.3084792973 
2.3375 1.3245814849 
2.3625 1.3414396931 
2.3875 1.3672883141 
2.4125 1.3748154229 
2.4375 1.4160913179 
2.4625 1.43944348 
2.4875 1.4649101197 
2.5125 1.4649705622 
2.5375 1.4562009609 
2.5625 1.4357906143 
2.5875 1.4038204427 
2.6125 1.3657890124 
2.6375 1.3179219064 
2.6625 1.2552807117 
2.6875 1.1970843491 
2.7125 1.1295666295 
2.7375 1.0765472403 
2.7625 1.0266737452 
2.7875 0.9711442859 
2.8125 0.9338471406 
2.8375 0.9070355458 
2.8625 0.8790439417 
2.8875 0.8571420917 
2.9125 0.8482223915 
2.9375 0.8381305041 
2.9625 0.8424733579 
2.9875 0.8476601047 
3.0125 0.8485922536 
3.0375 0.8604054824 
3.0625 0.8673008488 
3.0875 0.8752701245 
3.1125 0.8882670829 
3.1375 0.8991476128 
3.1625 0.9062031071 
3.1875 0.9178273756 
3.2125 0.9227546286 
3.2375 0.9327282171 
3.2625 0.9450930367 
3.2875 0.9506210099 
3.3125 0.9533701629 
3.3375 0.9544604907 
3.3625 0.9586315706 
3.3875 0.9630550469 
3.4125 0.9624162744 
3.4375 0.9641577798 
3.4625 0.9708247816 
3.4875 0.9708969827 
3.5125 0.9805046691 
3.5375 0.9883000689 
3.5625 0.9898023622 
3.5875 0.9980309297 
3.6125 0.996139691 
3.6375 0.9982464572 
3.6625 0.9977038327 
3.6875 0.9958798446 
3.7125 0.9870402265 
3.7375 0.9791952287 
3.7625 0.9712767319 
3.7875 0.9640695858 
3.8125 0.9641982791 
3.8375 0.9588344713 
3.8625 0.9488835585 
3.8875 0.94422392 
3.9125 0.9434823594 
3.9375 0.9428282657 
3.9625 0.9428403758 
3.9875 0.9434451676 
4.0125 0.9405257784 
4.0375 0.9419424449 
4.0625 0.9433539739 
4.0875 0.946201422 
4.1125 0.9505993537 
4.1375 0.9588429168 
4.1625 0.9623451964 
4.1875 0.9663845336 
4.2125 0.9711330981 
4.2375 0.9758341692 
4.2625 0.980582183 
4.2875 0.9908646166 
4.3125 0.9951378679 
4.3375 1.0032470769 
4.3625 1.0071227843 
4.3875 1.0139120323 
4.4125 1.0180614779 
4.4375 1.0188272196 
4.4625 1.0282170338 
4.4875 1.0290437717 
4.5125 1.0315457617 
4.5375 1.0363163071 
4.5625 1.0370413296 
4.5875 1.0391624559 
4.6125 1.0415097747 
4.6375 1.042361999 
4.6625 1.0411523286 
4.6875 1.0419616245 
4.7125 1.0422576506 
4.7375 1.0387137527 
4.7625 1.0389329978 
4.7875 1.0323924771 
4.8125 1.029063812 
4.8375 1.0268818008 
4.8625 1.0262881425 
4.8875 1.0225964389 
4.9125 1.0185431466 
4.9375 1.0167916346 
4.9625 1.0104318999 
4.9875 1.0095484587 
