# Radial distribution function (200 data points):
"Pair separation distance" Al-Al Al-Be Al-F Al-K Al-Na Be-Be Be-F Be-K Be-Na F-F F-K F-Na K-K K-Na Na-Na
0.0125 0.0 0.0 0.0 0.0 0.0 0.0 0.0 0.0 0.0 0.0 0.0 0.0 0.0 0.0 0.0 
0.0375 0.0 0.0 0.0 0.0 0.0 0.0 0.0 0.0 0.0 0.0 0.0 0.0 0.0 0.0 0.0 
0.0625 0.0 0.0 0.0 0.0 0.0 0.0 0.0 0.0 0.0 0.0 0.0 0.0 0.0 0.0 0.0 
0.0875 0.0 0.0 0.0 0.0 0.0 0.0 0.0 0.0 0.0 0.0 0.0 0.0 0.0 0.0 0.0 
0.1125 0.0 0.0 0.0 0.0 0.0 0.0 0.0 0.0 0.0 0.0 0.0 0.0 0.0 0.0 0.0 
0.1375 0.0 0.0 0.0 0.0 0.0 0.0 0.0 0.0 0.0 0.0 0.0 0.0 0.0 0.0 0.0 
0.1625 0.0 0.0 0.0 0.0 0.0 0.0 0.0 0.0 0.0 0.0 0.0 0.0 0.0 0.0 0.0 
0.1875 0.0 0.0 0.0 0.0 0.0 0.0 0.0 0.0 0.0 0.0 0.0 0.0 0.0 0.0 0.0 
0.2125 0.0 0.0 0.0 0.0 0.0 0.0 0.0 0.0 0.0 0.0 0.0 0.0 0.0 0.0 0.0 
0.2375 0.0 0.0 0.0 0.0 0.0 0.0 0.0 0.0 0.0 0.0 0.0 0.0 0.0 0.0 0.0 
0.2625 0.0 0.0 0.0 0.0 0.0 0.0 0.0 0.0 0.0 0.0 0.0 0.0 0.0 0.0 0.0 
0.2875 0.0 0.0 0.0 0.0 0.0 0.0 0.0 0.0 0.0 0.0 0.0 0.0 0.0 0.0 0.0 
0.3125 0.0 0.0 0.0 0.0 0.0 0.0 0.0 0.0 0.0 0.0 0.0 0.0 0.0 0.0 0.0 
0.3375 0.0 0.0 0.0 0.0 0.0 0.0 0.0 0.0 0.0 0.0 0.0 0.0 0.0 0.0 0.0 
0.3625 0.0 0.0 0.0 0.0 0.0 0.0 0.0 0.0 0.0 0.0 0.0 0.0 0.0 0.0 0.0 
0.3875 0.0 0.0 0.0 0.0 0.0 0.0 0.0 0.0 0.0 0.0 0.0 0.0 0.0 0.0 0.0 
0.4125 0.0 0.0 0.0 0.0 0.0 0.0 0.0 0.0 0.0 0.0 0.0 0.0 0.0 0.0 0.0 
0.4375 0.0 0.0 0.0 0.0 0.0 0.0 0.0 0.0 0.0 0.0 0.0 0.0 0.0 0.0 0.0 
0.4625 0.0 0.0 0.0 0.0 0.0 0.0 0.0 0.0 0.0 0.0 0.0 0.0 0.0 0.0 0.0 
0.4875 0.0 0.0 0.0 0.0 0.0 0.0 0.0 0.0 0.0 0.0 0.0 0.0 0.0 0.0 0.0 
0.5125 0.0 0.0 0.0 0.0 0.0 0.0 0.0 0.0 0.0 0.0 0.0 0.0 0.0 0.0 0.0 
0.5375 0.0 0.0 0.0 0.0 0.0 0.0 0.0 0.0 0.0 0.0 0.0 0.0 0.0 0.0 0.0 
0.5625 0.0 0.0 0.0 0.0 0.0 0.0 0.0 0.0 0.0 0.0 0.0 0.0 0.0 0.0 0.0 
0.5875 0.0 0.0 0.0 0.0 0.0 0.0 0.0 0.0 0.0 0.0 0.0 0.0 0.0 0.0 0.0 
0.6125 0.0 0.0 0.0 0.0 0.0 0.0 0.0 0.0 0.0 0.0 0.0 0.0 0.0 0.0 0.0 
0.6375 0.0 0.0 0.0 0.0 0.0 0.0 0.0 0.0 0.0 0.0 0.0 0.0 0.0 0.0 0.0 
0.6625 0.0 0.0 0.0 0.0 0.0 0.0 0.0 0.0 0.0 0.0 0.0 0.0 0.0 0.0 0.0 
0.6875 0.0 0.0 0.0 0.0 0.0 0.0 0.0 0.0 0.0 0.0 0.0 0.0 0.0 0.0 0.0 
0.7125 0.0 0.0 0.0 0.0 0.0 0.0 0.0 0.0 0.0 0.0 0.0 0.0 0.0 0.0 0.0 
0.7375 0.0 0.0 0.0 0.0 0.0 0.0 0.0 0.0 0.0 0.0 0.0 0.0 0.0 0.0 0.0 
0.7625 0.0 0.0 0.0 0.0 0.0 0.0 0.0 0.0 0.0 0.0 0.0 0.0 0.0 0.0 0.0 
0.7875 0.0 0.0 0.0 0.0 0.0 0.0 0.0 0.0 0.0 0.0 0.0 0.0 0.0 0.0 0.0 
0.8125 0.0 0.0 0.0 0.0 0.0 0.0 0.0 0.0 0.0 0.0 0.0 0.0 0.0 0.0 0.0 
0.8375 0.0 0.0 0.0 0.0 0.0 0.0 0.0 0.0 0.0 0.0 0.0 0.0 0.0 0.0 0.0 
0.8625 0.0 0.0 0.0 0.0 0.0 0.0 0.0 0.0 0.0 0.0 0.0 0.0 0.0 0.0 0.0 
0.8875 0.0 0.0 0.0 0.0 0.0 0.0 0.0 0.0 0.0 0.0 0.0 0.0 0.0 0.0 0.0 
0.9125 0.0 0.0 0.0 0.0 0.0 0.0 0.0 0.0 0.0 0.0 0.0 0.0 0.0 0.0 0.0 
0.9375 0.0 0.0 0.0 0.0 0.0 0.0 0.0 0.0 0.0 0.0 0.0 0.0 0.0 0.0 0.0 
0.9625 0.0 0.0 0.0 0.0 0.0 0.0 0.0 0.0 0.0 0.0 0.0 0.0 0.0 0.0 0.0 
0.9875 0.0 0.0 0.0 0.0 0.0 0.0 0.0 0.0 0.0 0.0 0.0 0.0 0.0 0.0 0.0 
1.0125 0.0 0.0 0.0 0.0 0.0 0.0 0.0 0.0 0.0 0.0 0.0 0.0 0.0 0.0 0.0 
1.0375 0.0 0.0 0.0 0.0 0.0 0.0 0.0 0.0 0.0 0.0 0.0 0.0 0.0 0.0 0.0 
1.0625 0.0 0.0 0.0 0.0 0.0 0.0 0.0 0.0 0.0 0.0 0.0 0.0 0.0 0.0 0.0 
1.0875 0.0 0.0 0.0 0.0 0.0 0.0 0.0 0.0 0.0 0.0 0.0 0.0 0.0 0.0 0.0 
1.1125 0.0 0.0 0.0 0.0 0.0 0.0 0.0 0.0 0.0 0.0 0.0 0.0 0.0 0.0 0.0 
1.1375 0.0 0.0 0.0 0.0 0.0 0.0 0.0 0.0 0.0 0.0 0.0 0.0 0.0 0.0 0.0 
1.1625 0.0 0.0 0.0 0.0 0.0 0.0 0.0 0.0 0.0 0.0 0.0 0.0 0.0 0.0 0.0 
1.1875 0.0 0.0 0.0 0.0 0.0 0.0 0.0 0.0 0.0 0.0 0.0 0.0 0.0 0.0 0.0 
1.2125 0.0 0.0 0.0 0.0 0.0 0.0 0.0 0.0 0.0 0.0 0.0 0.0 0.0 0.0 0.0 
1.2375 0.0 0.0 0.0 0.0 0.0 0.0 0.0 0.0 0.0 0.0 0.0 0.0 0.0 0.0 0.0 
1.2625 0.0 0.0 0.0 0.0 0.0 0.0 0.0 0.0 0.0 0.0 0.0 0.0 0.0 0.0 0.0 
1.2875 0.0 0.0 0.0 0.0 0.0 0.0 0.0015098778 0.0 0.0 0.0 0.0 0.0 0.0 0.0 0.0 
1.3125 0.0 0.0 0.0 0.0 0.0 0.0 0.0096860546 0.0 0.0 0.0 0.0 0.0 0.0 0.0 0.0 
1.3375 0.0 0.0 0.0 0.0 0.0 0.0 0.0578295923 0.0 0.0 0.0 0.0 0.0 0.0 0.0 0.0 
1.3625 0.0 0.0 0.0 0.0 0.0 0.0 0.2561641322 0.0 0.0 0.0 0.0 0.0 0.0 0.0 0.0 
1.3875 0.0 0.0 0.0 0.0 0.0 0.0 0.8740913777 0.0 0.0 0.0 0.0 0.0 0.0 0.0 0.0 
1.4125 0.0 0.0 0.0 0.0 0.0 0.0 2.1551863863 0.0 0.0 0.0 0.0 0.0 0.0 0.0 0.0 
1.4375 0.0 0.0 0.0 0.0 0.0 0.0 4.2711678137 0.0 0.0 0.0 0.0 0.0 0.0 0.0 0.0 
1.4625 0.0 0.0 0.0 0.0 0.0 0.0 7.3669772137 0.0 0.0 0.0 0.0 0.0 0.0 0.0 0.0 
1.4875 0.0 0.0 0.0 0.0 0.0 0.0 10.6804548943 0.0 0.0 0.0 0.0 0.0 0.0 0.0 0.0 
1.5125 0.0 0.0 0.0 0.0 0.0 0.0 13.4415081393 0.0 0.0 0.0 0.0 0.0 0.0 0.0 0.0 
1.5375 0.0 0.0 0.003105786 0.0 0.0 0.0 15.0757675053 0.0 0.0 0.0 0.0 0.0 0.0 0.0 0.0 
1.5625 0.0 0.0 0.0229640576 0.0 0.0 0.0 15.0937419504 0.0 0.0 0.0 0.0 0.0 0.0 0.0 0.0 
1.5875 0.0 0.0 0.1292415139 0.0 0.0 0.0 13.8381775691 0.0 0.0 3.1963347844e-04 0.0 0.0 0.0 0.0 0.0 
1.6125 0.0 0.0 0.4931032636 0.0 0.0 0.0 12.0506762571 0.0 0.0 7.9662700329e-04 0.0 0.0 0.0 0.0 0.0 
1.6375 0.0 0.0 1.3102781099 0.0 0.0 0.0 9.8404648988 0.0 0.0 0.0013733132 0.0 0.0 0.0 0.0 0.0 
1.6625 0.0 0.0 2.82994321 0.0 0.0 0.0 7.6722274263 0.0 0.0 0.0016237673 0.0 0.0 0.0 0.0 0.0 
1.6875 0.0 0.0 5.1317808441 0.0 0.0 0.0 5.6017155594 0.0 0.0 0.0024650458 0.0 0.0 0.0 0.0 0.0 
1.7125 0.0 0.0 7.7935311043 0.0 0.0 0.0 4.0778119834 0.0 0.0 0.0029821905 0.0 0.0 0.0 0.0 0.0 
1.7375 0.0 0.0 10.6658591805 0.0 0.0 0.0 2.8868324161 0.0 0.0 0.0027445177 0.0 1.0697716982e-04 0.0 0.0 0.0 
1.7625 0.0 0.0 12.8051541496 0.0 0.0 0.0 2.0282669749 0.0 0.0 0.0034821942 0.0 8.3171144407e-04 0.0 0.0 0.0 
1.7875 0.0 0.0 14.0573117122 0.0 0.0 0.0 1.47137513 0.0 0.0 0.0034214885 0.0 0.0023921375 0.0 0.0 0.0 
1.8125 0.0 0.0 14.0131205546 0.0 0.0 0.0 0.9894291549 0.0 0.0 0.0039582771 0.0 0.007536885 0.0 0.0 0.0 
1.8375 0.0 0.0 13.5183742364 0.0 0.0 0.0 0.6911299963 0.0 0.0 0.0048396908 0.0 0.0207242551 0.0 0.0 0.0 
1.8625 0.0 0.0 11.9226566462 0.0 0.0 0.0 0.501940266 0.0 0.0 0.0044452519 0.0 0.050553237 0.0 0.0 0.0 
1.8875 0.0 0.0 10.1045534018 0.0 0.0 0.0 0.3463511032 0.0 0.0 0.005846406 0.0 0.1079641861 0.0 0.0 0.0 
1.9125 0.0 0.0 8.1450706373 0.0 0.0 0.0 0.2458885806 0.0 0.0 0.006512563 0.0 0.2009608269 0.0 0.0 0.0 
1.9375 0.0 0.0 6.5536695699 0.0 0.0 0.0 0.1926896201 0.0 0.0 0.0067134434 0.0 0.3503499778 0.0 0.0 0.0 
1.9625 0.0 0.0 5.0599538786 0.0 0.0 0.0 0.1585676347 0.0 0.0 0.0067825237 0.0 0.5626593491 0.0 0.0 0.0 
1.9875 0.0 0.0 3.8997293003 0.0 0.0 0.0 0.1123622177 0.0 0.0 0.0055933487 0.0 0.824416553 0.0 0.0 0.0 
2.0125 0.0 0.0 2.972059103 0.0 0.0 0.0 0.0869288149 0.0 0.0 0.0062792182 4.1198490477e-04 1.1390983922 0.0 0.0 0.0 
2.0375 0.0 0.0 2.2178883479 0.0 0.0 0.0 0.0701380059 0.0 0.0 0.0060706346 0.002411622 1.4938312626 0.0 0.0 0.0 
2.0625 0.0 0.0 1.6581286783 0.0 0.0 0.0 0.0525618005 0.0 0.0 0.0077909411 0.0035302702 1.8620340471 0.0 0.0 0.0 
2.0875 0.0 0.0 1.2217999159 0.0 0.0 0.0 0.0461410586 0.0 0.0 0.0103518643 0.0034462201 2.2208727236 0.0 0.0 0.0 
2.1125 0.0 0.0 0.9319184401 0.0 0.0 0.0 0.0463641015 0.0 0.0 0.0141309942 0.0100954092 2.5930848546 0.0 0.0 0.0 
2.1375 0.0 0.0 0.7105506264 0.0 0.0 0.0 0.0321383918 0.0 0.0 0.0208295063 0.0259298389 2.8735350814 0.0 0.0 0.0 
2.1625 0.0 0.0 0.5293688985 0.0 0.0 0.0 0.0331836799 0.0 0.0 0.0321132387 0.0442449066 3.0674933885 0.0 0.0 0.0 
2.1875 0.0 0.0 0.4114715604 0.0 0.0 0.0 0.0217940445 0.0 0.0019572458 0.0520652208 0.0700896471 3.2595341698 0.0 0.0 0.0 
2.2125 0.0 0.0 0.3112815568 0.0 0.0 0.0 0.0180660562 0.0 0.0012755097 0.0852877708 0.1438467115 3.372931591 0.0 0.0 0.0012343643 
2.2375 0.0 0.0 0.2465045631 0.0 0.0 0.0 0.0148316023 0.0 0.0018707494 0.1321225106 0.2473044697 3.3731331938 0.0 0.0 7.2416105863e-04 
2.2625 0.0 0.0 0.2023619148 0.0 0.0 0.0 0.013201768 0.0 0.0027444536 0.2053833156 0.3422680583 3.3400735825 0.0 0.0 0.0014164922 
2.2875 0.0 0.0 0.1737277669 0.0 0.0 0.0 0.013233668 0.0 0.0104408652 0.3059962718 0.4649322396 3.3047858419 0.0 0.0 0.0026944168 
2.3125 0.0 0.0 0.1344208535 0.0 0.0 0.0 0.0113889535 0.0 0.0143028748 0.4304238964 0.6093870169 3.1716549451 0.0 0.0 0.0035404088 
2.3375 0.0 0.0 0.1160472583 0.0 0.0 0.0 0.0112993383 0.0 0.0202836422 0.6002233781 0.8401210724 3.044752997 0.0 0.0022854808 0.0051607631 
2.3625 0.0 0.0 0.0908833994 0.0 0.0 0.0 0.0110614664 0.0 0.0332808374 0.7821374223 1.0448601349 2.9113548056 0.0 0.0022373672 0.0054851583 
2.3875 0.0 0.0 0.0811448877 0.0 4.3815142104e-04 0.0 0.0111237581 0.0 0.0454582099 0.9981301674 1.3354364282 2.7619781345 0.0 0.0010953786 0.0098937418 
2.4125 0.0 0.0 0.0714443968 0.0 4.2911769449e-04 0.0 0.011897843 0.0 0.0699998239 1.2060567107 1.50744237 2.5764078406 0.0 0.0010727942 0.0123890431 
2.4375 0.0 0.0 0.0631337982 0.0 4.203604976e-04 0.0040722423 0.010391239 0.0 0.0901147817 1.4572332721 1.6083952944 2.4481288049 0.0 0.0010509012 0.0187806222 
2.4625 0.0 0.0 0.0586664296 0.0 4.1186865809e-04 0.0239398658 0.0112820057 0.0 0.1173825676 1.6680858182 1.9226188736 2.2911969402 0.0 5.1483582261e-04 0.0300265538 
2.4875 0.0 0.0 0.0477851056 0.0 0.0 0.0078203615 0.0120002099 0.0 0.1642275919 1.8747480212 2.058642753 2.1569931505 0.0 0.0035317762 0.0350899052 
2.5125 0.0 0.0 0.0410236841 0.0 3.9563912185e-04 0.007665508 0.0124234095 0.0 0.212656028 2.0319885342 2.1529504326 1.9990007699 0.0 0.0064291357 0.0446051204 
2.5375 0.0 0.0 0.0403229822 0.0 0.0025212313 0.0150304175 0.0165852883 0.0 0.2763657419 2.1536926234 2.2835868858 1.8430736028 0.0 0.008242487 0.0601842317 
2.5625 0.0 0.0014738574 0.0303919561 0.0 0.0060856048 0.0 0.0171526508 0.0 0.315928466 2.1980453876 2.3508025583 1.7348727951 0.0 0.0128368225 0.0751498572 
2.5875 0.0 0.0159006636 0.0326985433 0.0 0.0059685775 0.0072275744 0.0189412294 0.0 0.4110391488 2.2149550501 2.3659090855 1.6154231681 0.0 0.023314756 0.0977715575 
2.6125 0.0 0.0155978031 0.0302176875 0.0 0.0133564765 0.0177247762 0.0217586908 0.014179821 0.5294562187 2.210332284 2.4271941834 1.494149345 0.0 0.0233280926 0.124003346 
2.6375 0.0 0.0222596563 0.0324300165 0.0 0.0213620895 0.0208684278 0.0235069646 0.0104342139 0.6294187092 2.1568343116 2.4238558948 1.3989661642 0.0 0.0260294368 0.1389780831 
2.6625 0.0 0.0341306253 0.0274928071 0.0 0.0325892422 0.0785004382 0.0247152804 0.051195938 0.7440476317 2.0606943343 2.4484604446 1.2955970181 0.0 0.0352316132 0.1704187227 
2.6875 0.0 0.0227790445 0.032343471 0.0 0.0551538156 0.1641431151 0.0328055205 0.0569476114 0.9018686233 1.9379156238 2.4412389831 1.2238203028 0.0 0.0410627938 0.208311762 
2.7125 0.0 0.0355146759 0.0336550314 0.0 0.0882563034 0.2203225267 0.0354919974 0.1085170654 1.0272524548 1.7889186618 2.3569861245 1.1568276907 0.0 0.0470983158 0.2500960261 
2.7375 0.0 0.0413261896 0.0327759435 0.0 0.121479001 0.2938033795 0.0434192187 0.1291443427 1.2112489557 1.6687721765 2.3684627117 1.0932018327 0.0 0.0562402783 0.2897886165 
2.7625 0.0 0.0608723909 0.0321854021 0.0 0.1709990551 0.3709411322 0.0500710399 0.2092488438 1.3604243011 1.5446399355 2.3572745923 1.0376463041 0.0 0.0679087157 0.353663735 
2.7875 0.0179356239 0.0572943542 0.0279170392 0.0 0.2372130906 0.4110247149 0.0536866138 0.2833579474 1.4849925185 1.4237393767 2.2194046129 0.9744085761 0.0 0.0932138161 0.410804382 
2.8125 0.009787882 0.04893941 0.021010195 0.0 0.3182640343 0.5413922236 0.0625454098 0.3028125996 1.6009896518 1.3272560036 2.1786475297 0.9320807327 0.0 0.0955107841 0.4702461106 
2.8375 0.0057697015 0.0601010576 0.0228798509 0.0 0.4189237592 0.5409095188 0.0757480571 0.4237124564 1.6805031215 1.2628654341 2.0154578813 0.9009409268 0.0 0.1248551004 0.5059245743 
2.8625 0.0075591486 0.0661425502 0.0237037957 0.0 0.5465142516 0.679142257 0.0882783114 0.4724467875 1.8071089621 1.181425941 1.9498612026 0.858365918 0.0 0.1257318063 0.5909763613 
2.8875 0.0074288217 0.0719667103 0.0212137689 0.0092860271 0.6545151384 0.6645313168 0.0974632589 0.6761388508 1.9045716541 1.1232393881 1.8550039981 0.8163750329 0.0 0.1651265309 0.6751937004 
2.9125 0.0036509182 0.1437549045 0.0246279612 0.0068454716 0.7965773564 0.7615587205 0.1037639739 0.7472973213 1.9575840688 1.0883296022 1.7660530008 0.7916202907 0.0 0.1946911022 0.7446201554 
2.9375 0.0071780795 0.1637499379 0.026453698 0.0179451987 0.9293876282 0.8383772506 0.1198924911 0.8495929998 2.0533865944 1.0537336377 1.6725002515 0.7606373874 0.0 0.2069486621 0.8170574069 
2.9625 0.0070574423 0.201798742 0.0294313598 0.0132327044 1.1512452821 0.9373165611 0.1389814211 1.0007232697 2.1355521726 1.0235808915 1.6345051676 0.7478661353 0.0 0.2479353484 0.9100410336 
2.9875 0.0052048658 0.2483154719 0.0299130218 0.0303617171 1.3156277687 0.9054297775 0.1556411914 1.1521187289 2.1291678794 1.0171201012 1.5822118949 0.7325313056 0.0 0.3242547436 0.9828404212 
3.0125 0.0119439528 0.2985988205 0.0347874981 0.0575869154 1.4617581889 0.9277891922 0.1697085661 1.1490722466 2.221430741 1.0156011861 1.4907877071 0.7011473257 0.0 0.3835687613 1.0458726636 
3.0375 0.0134264626 0.3618851235 0.0337831789 0.0440555803 1.6747887868 0.9650269961 0.190618151 1.4790087657 2.2565796062 1.024221771 1.4535086146 0.6826059674 0.0 0.3877703147 1.1206765116 
3.0625 0.0280673207 0.4953056602 0.0343725049 0.0887422641 1.8311663293 0.9725533016 0.2027301724 1.8831933957 2.2633271752 1.0304757698 1.4019427452 0.6564131465 0.0 0.471672124 1.1980624425 
3.0875 0.0536048737 0.5736127586 0.0387192988 0.1482255978 2.0003578244 0.8807240143 0.2158268329 1.8629724106 2.2710349269 1.0382407228 1.2762314992 0.6409813572 0.0 0.5092594003 1.2682413129 
3.1125 0.0303696082 0.6583411771 0.0438871153 0.2097900564 2.1570671609 0.8491502284 0.2476831701 1.8706280032 2.2546791549 1.0510765728 1.2360044704 0.6371154773 0.0 0.5803869303 1.304916813 
3.1375 0.0346066497 0.8553348077 0.0425124791 0.2969093241 2.3488882907 0.8184669281 0.2700254357 2.1555420299 2.2528256607 1.0507360311 1.1941802855 0.6188007718 0.0 0.6222346655 1.4068465729 
3.1625 0.0247721269 0.9434696754 0.0507187942 0.4083530287 2.3712069619 0.8902483091 0.2854600556 2.2183633137 2.2427889555 1.0569138568 1.1413397081 0.6116501447 0.0 0.7141963995 1.4612993215 
3.1875 0.0320054048 1.0516061574 0.0559700429 0.4819861555 2.4817708661 0.8096605379 0.3044028006 2.3932612957 2.2208051375 1.0674697728 1.0758795504 0.6040640833 0.0 0.7669497922 1.5325912024 
3.2125 0.0285083301 1.1665908775 0.0591121001 0.5757932466 2.5138393819 0.6892639027 0.3418024608 2.5624675023 2.2031639252 1.0727198099 1.0389889371 0.5954917166 0.0 0.8019480387 1.5687466287 
3.2375 0.0221603283 1.3102294093 0.0661625893 0.7091305048 2.5809633948 0.6532680106 0.3653588606 2.8139000175 2.1648019611 1.0745739049 1.0085178134 0.5979262472 0.0 0.8873066927 1.6137146439 
3.2625 0.0276412117 1.4420711129 0.0757499632 0.8546953633 2.6260324388 0.5682814915 0.4143359951 3.0732663063 2.1917333913 1.0880083638 0.9757197251 0.5882819658 0.0 1.0207068855 1.6596610696 
3.2875 0.0243568964 1.5975258498 0.0870771396 1.0029310268 2.6573050407 0.4477370655 0.4315258959 2.9170069818 2.1842347232 1.0880276885 0.9282052544 0.5837714393 0.0 1.0630144523 1.7118558123 
3.3125 0.0268130618 1.5867334899 0.0878967201 1.3124288121 2.6457982157 0.4410043051 0.4693654441 2.9216535216 2.1893729859 1.0804867666 0.949832031 0.5810857171 0.0 1.2251384116 1.728369755 
3.3375 0.0361439332 1.6038870372 0.1061188756 1.5778217008 2.6074305185 0.3084398149 0.4862533458 2.8411216749 2.1547344812 1.0862623079 0.8962580924 0.5811883848 0.0 1.2497347882 1.7281055887 
3.3625 0.0260215797 1.542463373 0.1034251533 1.8266464139 2.6027102062 0.2888908926 0.5314411771 2.9060283858 2.0818092085 1.0835539497 0.8819473685 0.5836517224 0.0 1.258280332 1.7711604795 
3.3875 0.049928416 1.474237688 0.1151075667 2.0173778889 2.6940450435 0.2108463513 0.5560527222 2.9729335528 2.0471140259 1.0893711435 0.8532733719 0.5817576834 0.0 1.2639898683 1.7690908423 
3.4125 0.0664858744 1.446898841 0.1365826195 2.019508434 2.5629232217 0.1911468888 0.5701450304 2.9523883587 1.9972571131 1.0955741599 0.8246254461 0.5843953051 0.0 1.3337388104 1.7655078335 
3.4375 0.0877999195 1.4005397602 0.1460131188 2.1507704153 2.4762155911 0.1945194111 0.6113769804 2.9362193218 1.9768984636 1.0973821283 0.8260896952 0.5897191725 0.0 1.3759688872 1.7580574677 
3.4625 0.0826618586 1.3279175528 0.1554363613 2.3926733291 2.4186093206 0.139249713 0.6596441926 2.9222258608 2.0283976424 1.1047062308 0.8142037191 0.5864601412 0.0 1.4707477867 1.7802055934 
3.4875 0.0611107464 1.3224747453 0.1639717224 2.302792968 2.4073650365 0.1412390297 0.6752583817 2.7193486414 1.9859452475 1.1078763846 0.7957128431 0.5853932816 0.0 1.4956834635 1.7829929323 
3.5125 0.1016616519 1.1954657219 0.1690032996 2.4411347288 2.369068723 0.1431578046 0.7198464007 2.8043241181 1.926399234 1.1246957301 0.7878074747 0.5972285246 0.0 1.5144488921 1.7823537461 
3.5375 0.1175534944 1.0711288798 0.20235842 2.4237674435 2.3546623544 0.1198736291 0.7429098162 2.6391532868 1.9264602794 1.1365257816 0.7593774393 0.603381282 0.0 1.5485028431 1.783131802 
3.5625 0.1610530841 0.9005856642 0.2222473659 2.4386731194 2.3358994474 0.0724433853 0.7734087374 2.5374248921 1.8995172213 1.1417483747 0.7620360462 0.6032127985 0.0 1.6343424525 1.7638113473 
3.5875 0.1479878897 0.7346756516 0.2404232747 2.5897880698 2.2781324825 0.0864766632 0.8041551776 2.5679809113 1.9160705822 1.1540027484 0.7517116839 0.6109952449 0.0 1.718617556 1.7609423328 
3.6125 0.1684913238 0.6852376019 0.2666176757 2.5125378737 2.1970472476 0.092699892 0.8337875806 2.5066050806 1.7935933949 1.15458432 0.7495265753 0.6200560698 0.0 1.7736180633 1.730449431 
3.6375 0.2399124525 0.5946610484 0.2820837751 2.5775959835 2.1980963881 0.1115446616 0.859253309 2.4868973734 1.7614736567 1.1598505278 0.7502308557 0.6209025916 0.0 1.8238820395 1.7110073133 
3.6625 0.2401115353 0.557710988 0.3019307022 2.6998117945 2.1457547991 0.1208494056 0.8835752215 2.4783146751 1.7164455772 1.1503073842 0.7605489095 0.6277194963 0.0 1.7999986568 1.7176092691 
3.6875 0.2619200575 0.5501744685 0.3258293368 2.5608379531 2.0922379905 0.0854087144 0.9361825892 2.4715146726 1.6698322036 1.136210103 0.7359138796 0.6445951165 0.0 1.7729196035 1.6870813274 
3.7125 0.2550339129 0.5266394126 0.3507055289 2.7792517269 2.1125375561 0.0737295178 0.9650213237 2.4699388452 1.5625901024 1.110196794 0.7336631817 0.6501350856 0.0 1.8279484129 1.647893631 
3.7375 0.2749123825 0.4551850689 0.3795717406 2.8461191216 2.063362611 0.0779426488 0.987930539 2.3521359342 1.5160543598 1.0858876325 0.7010657558 0.662744676 0.0 1.7409985204 1.6256048299 
3.7625 0.255957515 0.3548129014 0.4000043394 2.8084227344 2.0251835643 0.1093835534 1.0407939405 2.4354931819 1.4112904238 1.0636038581 0.7160615163 0.6713506846 0.0 1.7589581092 1.5881103322 
3.7875 0.234239168 0.3474457705 0.4469918336 2.6635260233 2.0125521499 0.1366170263 1.055016116 2.2820103277 1.3697611523 1.0359557937 0.7001259098 0.6816461489 0.0 1.7332027036 1.5640974286 
3.8125 0.229046596 0.3322507308 0.4856908271 2.7339108229 1.9720688537 0.1265082943 1.0915645338 2.3553846897 1.3069659945 1.0166187211 0.6878745003 0.7045166253 0.0 1.7328844114 1.5370560292 
3.8375 0.1861150941 0.2865331251 0.5259754692 2.710235339 1.9194921039 0.1823691335 1.1132505354 2.2689348952 1.2346618233 1.0004388035 0.6818871982 0.7122683471 0.0 1.7763103396 1.5095721239 
3.8625 0.1588033181 0.2899717451 0.5562321541 2.4650841865 1.8933018409 0.184881314 1.1320485297 2.3418299772 1.164532555 0.9710077531 0.6608975707 0.7218175205 0.0 1.7954518099 1.4795365354 
3.8875 0.1536935355 0.2945792764 0.5897768601 2.6268786776 1.8235820618 0.2209344573 1.1782066935 2.1853299579 1.1247102877 0.943086195 0.6708634495 0.7369753193 0.0 1.7420666464 1.4653663049 
3.9125 0.1406083993 0.2206489719 0.6379002983 2.6465231994 1.7963546954 0.2007336636 1.228328693 2.2776158208 1.0367585257 0.9281857547 0.6816115115 0.7538118446 0.0 1.744144568 1.4239891195 
3.9375 0.1448211702 0.2197286721 0.6643090005 2.4569660604 1.7587153792 0.1810264628 1.2505570656 2.2269376068 0.9707770601 0.9197842569 0.7190474422 0.767919935 0.0 1.7234766351 1.3949735922 
3.9625 0.1222892656 0.1898442228 0.7099816859 2.3089495411 1.6908622442 0.2419281086 1.2732443089 2.0494546781 0.9240689417 0.910977868 0.7393340003 0.7852537698 0.0 1.705575768 1.3607508053 
3.9875 0.0944660078 0.2203395286 0.7426227091 2.1315719036 1.6015553972 0.2586859106 1.3234958872 1.9812297391 0.8870914188 0.8995907938 0.7149805717 0.8024527335 0.0 1.6934846142 1.3483779431 
4.0125 0.0932925322 0.2278213255 0.8001832818 2.1772264934 1.5383805158 0.3276058639 1.3193883106 1.9115351322 0.8345756958 0.8803534246 0.7236140909 0.8249806429 0.0 1.658098693 1.3034803341 
4.0375 0.1035396476 0.220852918 0.8385777927 2.1206629655 1.4752637861 0.3740251031 1.3471659502 1.9294945795 0.7901830903 0.8760925466 0.7188774765 0.8373613543 0.0 1.6659725406 1.2822976479 
4.0625 0.0928867396 0.2093470077 0.891701376 2.1321728853 1.4241725415 0.4339405762 1.3506552091 1.8017330005 0.7444521088 0.866319262 0.7244138463 0.8520697109 0.0 1.6538546023 1.2725685419 
4.0875 0.1047293001 0.239232306 0.94865986 1.8640425202 1.3075466568 0.4880223192 1.3725346839 1.73486866 0.7151930418 0.8629521638 0.7106859355 0.8777549269 0.0 1.6015465868 1.2324086666 
4.1125 0.0970508512 0.2346158549 1.0074077253 1.7842249645 1.2518260278 0.4792458011 1.3765182536 1.7295766373 0.6773586777 0.8568265462 0.7191400194 0.9002338737 0.0 1.5609061122 1.2113492699 
4.1375 0.1637223172 0.2261357973 1.0425250144 1.7355922441 1.2034801237 0.5370725185 1.3948777271 1.5787105347 0.653696585 0.8534475234 0.7616487586 0.9239118837 0.0 1.5619783094 1.202778891 
4.1625 0.0875836257 0.2446532403 1.0848951671 1.7136898201 1.1562018797 0.4901443341 1.3956521643 1.6980498869 0.6296514569 0.8554408495 0.7502160061 0.9409434129 0.0 1.5391279854 1.1701934239 
4.1875 0.0750610505 0.285342376 1.1283518166 1.7584154929 1.0805515369 0.618149828 1.403683515 1.5936675254 0.6135208259 0.8531323397 0.7848675772 0.9555574277 0.0 1.5542764973 1.1510708816 
4.2125 0.0924978005 0.3130526973 1.168409106 1.66125177 1.0356037976 0.595836362 1.3871661032 1.4343703727 0.5792548083 0.8511489447 0.7965485398 0.9744426919 0.0 1.5657912813 1.1430333106 
4.2375 0.1008955059 0.3686566563 1.2302308281 1.4638471908 0.9714009008 0.5713100229 1.3670367188 1.2894898395 0.5812201481 0.8484094191 0.811059512 0.9922475355 0.0 1.5303319603 1.1329959514 
4.2625 0.1159085632 0.3670082721 1.2743623402 1.5085158587 0.9366709551 0.6818150774 1.3739620778 1.1838546949 0.570298448 0.8493679911 0.8171862283 1.009918438 0.0 1.4904395114 1.0993026524 
4.2875 0.1069795747 0.3959086624 1.2933113128 1.3509330156 0.8854957815 0.8410426705 1.3615260413 0.9792421703 0.5380227533 0.8592110414 0.8375479705 1.04028742 0.0 1.5063957771 1.0737007512 
4.3125 0.0790989677 0.428799667 1.3353513566 1.4206590909 0.8392011021 0.8677468989 1.3733755655 0.95230994 0.5340691123 0.8593269477 0.8532567863 1.0530764957 0.0 1.4502036968 1.056133021 
4.3375 0.1176962166 0.4557641953 1.380099535 1.293218044 0.7898629468 0.8693470542 1.3697404515 0.9940906404 0.5363932722 0.8594565028 0.8783935141 1.0759851345 0.0 1.4419976907 1.0391975636 
4.3625 0.1456423257 0.4825927621 1.4107960496 1.2418245785 0.7539989026 0.9547607069 1.3549632181 0.9395048767 0.5008997583 0.8609355371 0.8688809041 1.0968302721 0.0 1.3786021185 1.0148751866 
4.3875 0.1190509661 0.5288919611 1.4195205046 1.1442567522 0.7146171769 0.9564799961 1.3368789687 0.8999207322 0.4770439419 0.866862444 0.9087621804 1.1207164664 0.0 1.3643959488 0.9913519964 
4.4125 0.1065714421 0.5830611081 1.4603523654 1.0846030162 0.6948694052 0.992893916 1.3017618694 0.9021789525 0.4576235191 0.8600345355 0.9102348869 1.1426820458 0.0 1.3597222993 0.9788469523 
4.4375 0.1179559957 0.5543931799 1.4699757535 1.0350638624 0.6689246467 1.0665187946 1.3240814734 0.9104728419 0.4647688191 0.8563614639 0.9239038946 1.1554231514 0.0 1.3217730326 0.9440980233 
4.4625 0.1290794591 0.6254716258 1.4871018174 1.111949557 0.6748703548 1.0764721454 1.2851135124 0.8456259743 0.454872778 0.8571430008 0.9448353632 1.187171811 0.0 1.2421013337 0.9306770922 
4.4875 0.1368726257 0.618522013 1.4998781798 1.0034762728 0.6301647438 1.2339201774 1.2756819723 0.8590583513 0.4653216587 0.8539109872 0.9488379244 1.1985293014 0.0 1.2782199155 0.9105344645 
4.5125 0.1330788842 0.6506606873 1.5227371043 0.9591185296 0.618234208 1.1739458712 1.279409248 0.7343102716 0.4677692116 0.8547667808 0.9362230614 1.2072737468 0.0 1.263636133 0.8961607631 
4.5375 0.1323685879 0.6773548834 1.5323271976 0.9645608749 0.5802043218 1.3631708272 1.261297716 0.7285913042 0.4775646852 0.8589669765 1.0010633803 1.2192460058 0.0 1.2459593645 0.8813628943 
4.5625 0.1242270786 0.68854904 1.5424819514 0.8917198235 0.5702639606 1.3134038068 1.2266317824 0.6694872502 0.4883177614 0.8569319605 1.0167356659 1.2330561315 0.0 1.2039972322 0.8601003099 
4.5875 0.1390641603 0.7155550045 1.523781391 0.8433983793 0.5659049737 1.3784550938 1.2255885429 0.7967217514 0.4757411268 0.8594724426 1.0398572693 1.2439768789 0.0 1.1551593871 0.8458704703 
4.6125 0.1652185013 0.7596775805 1.5484371811 0.7851517988 0.5420021463 1.3806116508 1.1970059089 0.8256376099 0.479035631 0.8683227198 1.0206942012 1.2484714806 0.0454896755 1.1596932429 0.8303072837 
4.6375 0.1569618972 0.792009573 1.5430841685 0.7335088659 0.5027867223 1.3038907601 1.2021740134 0.8392601441 0.4796187004 0.863887374 1.0684525696 1.2622627542 0.0270003264 1.1264652285 0.8101596363 
4.6625 0.1353385483 0.8525438155 1.545555168 0.7532658673 0.5132065323 1.356724427 1.1745408719 0.8625606488 0.4777203743 0.8600580947 1.0661595027 1.2690266859 0.0178077037 1.0968971048 0.7954169428 
4.6875 0.1733636967 0.9606357278 1.535158134 0.7514188682 0.5002449705 1.3400890425 1.1779174986 0.8445754278 0.4682337254 0.8620588293 1.0938510508 1.2713859053 0.0132136964 1.0646260975 0.7919051206 
4.7125 0.1652537197 0.9670306013 1.5231509641 0.6833276173 0.4940517154 1.3106554905 1.1448277227 0.8574279892 0.4797266899 0.86838895 1.1399813743 1.2748114175 0.017431827 1.0414110824 0.7757435092 
4.7375 0.1890417599 0.9137305869 1.5117571524 0.7796247764 0.4944708384 1.3216537276 1.1251936964 0.7362883328 0.5067394127 0.8656572601 1.1328885359 1.2716810396 0.0129362518 1.0668930265 0.7692650059 
4.7625 0.1788697745 0.9532325291 1.4971927459 0.7620739915 0.4958449856 1.3024808842 1.130552966 0.6731084668 0.5130641194 0.8746956187 1.1430227059 1.2657503867 0.0085338633 1.0723762721 0.763447757 
4.7875 0.2114620409 0.940769623 1.4797334124 0.6418176961 0.4693768635 1.3321939679 1.1303155115 0.7125443172 0.5064938674 0.8708711813 1.1570336484 1.2609213358 0.1393419998 1.0519435626 0.7474633002 
4.8125 0.2781361967 1.0392498816 1.4610565422 0.5933795062 0.46559128 1.3737571314 1.1216284789 0.6832221779 0.5113551015 0.8728723737 1.2066439983 1.2534095062 0.0626809338 1.0275629204 0.7358215477 
4.8375 0.316294483 1.1282052165 1.4534669288 0.5880893761 0.4544945525 1.3999173966 1.1048958396 0.6834160998 0.5273620307 0.8822899501 1.2041870827 1.2461002125 0.0578990947 0.9972251908 0.7191124367 
4.8625 0.3012619543 1.1383281183 1.428933552 0.6467308259 0.4428614108 1.3783962381 1.1013619892 0.7378052618 0.5173978647 0.8956782439 1.2048925568 1.2389519895 0.0409323308 1.006671257 0.7125377468 
4.8875 0.2923537689 1.0712075457 1.4065012633 0.7292638359 0.4579985998 1.3623053602 1.0959214868 0.7191351715 0.5308727064 0.8979368092 1.2078956179 1.2313661781 0.0364631918 0.9931318798 0.7053344711 
4.9125 0.3169768372 1.1734238683 1.3693494507 0.6737361923 0.4739956622 1.467782419 1.0889786701 0.7018085337 0.5384844279 0.8963359828 1.2243966024 1.2280857533 0.0441136793 0.9507080026 0.6959370034 
4.9375 0.3239378339 1.2350129916 1.3537108008 0.6240567093 0.4629073695 1.4658583965 1.0730509192 0.7572443849 0.5573764318 0.9050684941 1.2212007335 1.2193593346 0.0595473959 0.9530144527 0.6934348991 
4.9625 0.3213109934 1.302378464 1.3229767125 0.6335045516 0.4761045573 1.4137919506 1.0745645465 0.7231069323 0.5886019437 0.9078743424 1.2363692086 1.2021342378 0.0864584376 0.952564076 0.6821800549 
4.9875 0.3809704915 1.3803955309 1.3186015934 0.6365070712 0.4845967946 1.3578298768 1.0568762288 0.7110126361 0.5960194181 0.9195349073 1.2498313538 1.1893989205 0.0972657505 0.9331236837 0.6818359473 
