# Radial distribution function (200 data points):
# "Pair separation distance" g(r)
0.0125 0.0 
0.0375 0.0 
0.0625 0.0 
0.0875 0.0 
0.1125 0.0 
0.1375 0.0 
0.1625 0.0 
0.1875 0.0 
0.2125 0.0 
0.2375 0.0 
0.2625 0.0 
0.2875 0.0 
0.3125 0.0 
0.3375 0.0 
0.3625 0.0 
0.3875 0.0 
0.4125 0.0 
0.4375 0.0 
0.4625 0.0 
0.4875 0.0 
0.5125 0.0 
0.5375 0.0 
0.5625 0.0 
0.5875 0.0 
0.6125 0.0 
0.6375 0.0 
0.6625 0.0 
0.6875 0.0 
0.7125 0.0 
0.7375 0.0 
0.7625 0.0 
0.7875 0.0 
0.8125 0.0 
0.8375 0.0 
0.8625 0.0 
0.8875 0.0 
0.9125 0.0 
0.9375 0.0 
0.9625 0.0 
0.9875 0.0 
1.0125 0.0 
1.0375 0.0 
1.0625 0.0 
1.0875 0.0 
1.1125 0.0 
1.1375 0.0 
1.1625 0.0 
1.1875 0.0 
1.2125 0.0 
1.2375 0.0 
1.2625 0.0 
1.2875 0.0 
1.3125 0.0 
1.3375 0.0 
1.3625 0.0 
1.3875 0.0 
1.4125 0.0 
1.4375 0.0 
1.4625 0.0 
1.4875 0.0 
1.5125 0.0 
1.5375 0.0 
1.5625 0.0 
1.5875 3.4103228421e-04 
1.6125 2.8331984906e-04 
1.6375 1.3736753306e-04 
1.6625 6.2191415424e-04 
1.6875 3.4492794265e-04 
1.7125 4.1866342688e-04 
1.7375 3.2536195212e-04 
1.7625 5.5334552238e-04 
1.7875 0.0017676348 
1.8125 8.2223065079e-04 
1.8375 0.0010545581 
1.8625 0.0017697211 
1.8875 0.0034807674 
1.9125 0.0075863568 
1.9375 0.0214232694 
1.9625 0.0543860754 
1.9875 0.1203819554 
2.0125 0.253463109 
2.0375 0.450495176 
2.0625 0.7266824058 
2.0875 0.9620333683 
2.1125 1.0955612151 
2.1375 1.1117642846 
2.1625 1.0472185172 
2.1875 0.9588364229 
2.2125 0.8493779318 
2.2375 0.7409150081 
2.2625 0.659366749 
2.2875 0.58543397 
2.3125 0.5164325029 
2.3375 0.471356166 
2.3625 0.4344195173 
2.3875 0.3992631136 
2.4125 0.4075702622 
2.4375 0.4493247147 
2.4625 0.5403730952 
2.4875 0.6776333484 
2.5125 0.880693095 
2.5375 1.1377457089 
2.5625 1.4145095887 
2.5875 1.6985903216 
2.6125 1.9304663097 
2.6375 2.1095152037 
2.6625 2.2340386454 
2.6875 2.2844655606 
2.7125 2.2686492013 
2.7375 2.1899972775 
2.7625 2.1127943843 
2.7875 1.9842550939 
2.8125 1.8842081884 
2.8375 1.7895289991 
2.8625 1.6639607023 
2.8875 1.5750427684 
2.9125 1.502670132 
2.9375 1.4544353016 
2.9625 1.4138472467 
2.9875 1.3855238439 
3.0125 1.3714307632 
3.0375 1.3328466355 
3.0625 1.3323694585 
3.0875 1.3376062046 
3.1125 1.3414388495 
3.1375 1.3315966549 
3.1625 1.3333383815 
3.1875 1.3545113697 
3.2125 1.3436480474 
3.2375 1.3558001043 
3.2625 1.3538000716 
3.2875 1.3734025321 
3.3125 1.3897547304 
3.3375 1.4085731019 
3.3625 1.4135946346 
3.3875 1.4212360709 
3.4125 1.4221343671 
3.4375 1.4144293893 
3.4625 1.3951023647 
3.4875 1.3935252674 
3.5125 1.3946977644 
3.5375 1.3769284738 
3.5625 1.372124547 
3.5875 1.3694000481 
3.6125 1.3586973939 
3.6375 1.3475183009 
3.6625 1.3394092217 
3.6875 1.3136522795 
3.7125 1.3037075721 
3.7375 1.2816226194 
3.7625 1.265818617 
3.7875 1.2443531483 
3.8125 1.2249618643 
3.8375 1.2003908364 
3.8625 1.1754295055 
3.8875 1.1491565489 
3.9125 1.1338921801 
3.9375 1.1125227348 
3.9625 1.0970509875 
3.9875 1.0707742986 
4.0125 1.0515627005 
4.0375 1.030092103 
4.0625 1.010043319 
4.0875 0.9895025528 
4.1125 0.9704159696 
4.1375 0.950153492 
4.1625 0.9473065399 
4.1875 0.9245109023 
4.2125 0.9200118027 
4.2375 0.9079369517 
4.2625 0.8970949212 
4.2875 0.8813337021 
4.3125 0.870029252 
4.3375 0.87618765 
4.3625 0.8711547574 
4.3875 0.8556425584 
4.4125 0.8602640874 
4.4375 0.8495632444 
4.4625 0.8524823971 
4.4875 0.8500404334 
4.5125 0.8493909359 
4.5375 0.8553474181 
4.5625 0.8423425048 
4.5875 0.8424513945 
4.6125 0.8517653148 
4.6375 0.8493090792 
4.6625 0.8547692628 
4.6875 0.8618195645 
4.7125 0.8682634122 
4.7375 0.8666350071 
4.7625 0.8730586857 
4.7875 0.8669482127 
4.8125 0.8631385509 
4.8375 0.8721422304 
4.8625 0.871931794 
4.8875 0.8684983817 
4.9125 0.8692207921 
4.9375 0.8704783705 
4.9625 0.8699315041 
4.9875 0.8631819461 
