# Radial distribution function (200 data points):
"Pair separation distance" Cl-Cl Cl-F Cl-K Cl-Th F-F F-K F-Th K-K K-Th Th-Th
0.0125 0.0 0.0 0.0 0.0 0.0 0.0 0.0 0.0 0.0 0.0 
0.0375 0.0 0.0 0.0 0.0 0.0 0.0 0.0 0.0 0.0 0.0 
0.0625 0.0 0.0 0.0 0.0 0.0 0.0 0.0 0.0 0.0 0.0 
0.0875 0.0 0.0 0.0 0.0 0.0 0.0 0.0 0.0 0.0 0.0 
0.1125 0.0 0.0 0.0 0.0 0.0 0.0 0.0 0.0 0.0 0.0 
0.1375 0.0 0.0 0.0 0.0 0.0 0.0 0.0 0.0 0.0 0.0 
0.1625 0.0 0.0 0.0 0.0 0.0 0.0 0.0 0.0 0.0 0.0 
0.1875 0.0 0.0 0.0 0.0 0.0 0.0 0.0 0.0 0.0 0.0 
0.2125 0.0 0.0 0.0 0.0 0.0 0.0 0.0 0.0 0.0 0.0 
0.2375 0.0 0.0 0.0 0.0 0.0 0.0 0.0 0.0 0.0 0.0 
0.2625 0.0 0.0 0.0 0.0 0.0 0.0 0.0 0.0 0.0 0.0 
0.2875 0.0 0.0 0.0 0.0 0.0 0.0 0.0 0.0 0.0 0.0 
0.3125 0.0 0.0 0.0 0.0 0.0 0.0 0.0 0.0 0.0 0.0 
0.3375 0.0 0.0 0.0 0.0 0.0 0.0 0.0 0.0 0.0 0.0 
0.3625 0.0 0.0 0.0 0.0 0.0 0.0 0.0 0.0 0.0 0.0 
0.3875 0.0 0.0 0.0 0.0 0.0 0.0 0.0 0.0 0.0 0.0 
0.4125 0.0 0.0 0.0 0.0 0.0 0.0 0.0 0.0 0.0 0.0 
0.4375 0.0 0.0 0.0 0.0 0.0 0.0 0.0 0.0 0.0 0.0 
0.4625 0.0 0.0 0.0 0.0 0.0 0.0 0.0 0.0 0.0 0.0 
0.4875 0.0 0.0 0.0 0.0 0.0 0.0 0.0 0.0 0.0 0.0 
0.5125 0.0 0.0 0.0 0.0 0.0 0.0 0.0 0.0 0.0 0.0 
0.5375 0.0 0.0 0.0 0.0 0.0 0.0 0.0 0.0 0.0 0.0 
0.5625 0.0 0.0 0.0 0.0 0.0 0.0 0.0 0.0 0.0 0.0 
0.5875 0.0 0.0 0.0 0.0 0.0 0.0 0.0 0.0 0.0 0.0 
0.6125 0.0 0.0 0.0 0.0 0.0 0.0 0.0 0.0 0.0 0.0 
0.6375 0.0 0.0 0.0 0.0 0.0 0.0 0.0 0.0 0.0 0.0 
0.6625 0.0 0.0 0.0 0.0 0.0 0.0 0.0 0.0 0.0 0.0 
0.6875 0.0 0.0 0.0 0.0 0.0 0.0 0.0 0.0 0.0 0.0 
0.7125 0.0 0.0 0.0 0.0 0.0 0.0 0.0 0.0 0.0 0.0 
0.7375 0.0 0.0 0.0 0.0 0.0 0.0 0.0 0.0 0.0 0.0 
0.7625 0.0 0.0 0.0 0.0 0.0 0.0 0.0 0.0 0.0 0.0 
0.7875 0.0 0.0 0.0 0.0 0.0 0.0 0.0 0.0 0.0 0.0 
0.8125 0.0 0.0 0.0 0.0 0.0 0.0 0.0 0.0 0.0 0.0 
0.8375 0.0 0.0 0.0 0.0 0.0 0.0 0.0 0.0 0.0 0.0 
0.8625 0.0 0.0 0.0 0.0 0.0 0.0 0.0 0.0 0.0 0.0 
0.8875 0.0 0.0 0.0 0.0 0.0 0.0 0.0 0.0 0.0 0.0 
0.9125 0.0 0.0 0.0 0.0 0.0 0.0 0.0 0.0 0.0 0.0 
0.9375 0.0 0.0 0.0 0.0 0.0 0.0 0.0 0.0 0.0 0.0 
0.9625 0.0 0.0 0.0 0.0 0.0 0.0 0.0 0.0 0.0 0.0 
0.9875 0.0 0.0 0.0 0.0 0.0 0.0 0.0 0.0 0.0 0.0 
1.0125 0.0 0.0 0.0 0.0 0.0 0.0 0.0 0.0 0.0 0.0 
1.0375 0.0 0.0 0.0 0.0 0.0 0.0 0.0 0.0 0.0 0.0 
1.0625 0.0 0.0 0.0 0.0 0.0 0.0 0.0 0.0 0.0 0.0 
1.0875 0.0 0.0 0.0 0.0 0.0 0.0 0.0 0.0 0.0 0.0 
1.1125 0.0 0.0 0.0 0.0 0.0 0.0 0.0 0.0 0.0 0.0 
1.1375 0.0 0.0 0.0 0.0 0.0 0.0 0.0 0.0 0.0 0.0 
1.1625 0.0 0.0 0.0 0.0 0.0 0.0 0.0 0.0 0.0 0.0 
1.1875 0.0 0.0 0.0 0.0 0.0 0.0 0.0 0.0 0.0 0.0 
1.2125 0.0 0.0 0.0 0.0 0.0 0.0 0.0 0.0 0.0 0.0 
1.2375 0.0 0.0 0.0 0.0 0.0 0.0 0.0 0.0 0.0 0.0 
1.2625 0.0 0.0 0.0 0.0 0.0 0.0 0.0 0.0 0.0 0.0 
1.2875 0.0 0.0 0.0 0.0 0.0 0.0 0.0 0.0 0.0 0.0 
1.3125 0.0 0.0 0.0 0.0 0.0 0.0 0.0 0.0 0.0 0.0 
1.3375 0.0 0.0 0.0 0.0 0.0 0.0 0.0 0.0 0.0 0.0 
1.3625 0.0 0.0 0.0 0.0 0.0 0.0 0.0 0.0 0.0 0.0 
1.3875 0.0 0.0 0.0 0.0 0.0 0.0 0.0 0.0 0.0 0.0 
1.4125 0.0 0.0 0.0 0.0 0.0 0.0 0.0 0.0 0.0 0.0 
1.4375 0.0 0.0 0.0 0.0 0.0 0.0 0.0 0.0 0.0 0.0 
1.4625 0.0 0.0 0.0 0.0 0.0 0.0 0.0 0.0 0.0 0.0 
1.4875 0.0 0.0 0.0 0.0 0.0 0.0 0.0 0.0 0.0 0.0 
1.5125 0.0 0.0 0.0 0.0 0.0 0.0 0.0 0.0 0.0 0.0 
1.5375 0.0 0.0 0.0 0.0 0.0 0.0 0.0 0.0 0.0 0.0 
1.5625 0.0 0.0 0.0 0.0 0.0 0.0 0.0 0.0 0.0 0.0 
1.5875 0.0 0.0 0.0 0.0 0.0133215736 0.0 0.0 0.0 0.0 0.0 
1.6125 0.0 0.0 0.0 0.0 0.0110671816 0.0 0.0 0.0 0.0 0.0 
1.6375 0.0 0.0 0.0 0.0 0.0053659193 0.0 0.0 0.0 0.0 0.0 
1.6625 0.0 0.0 0.0 0.0 0.0242935216 0.0 0.0 0.0 0.0 0.0 
1.6875 0.0 0.0 0.0 0.0 0.0134737478 0.0 0.0 0.0 0.0 0.0 
1.7125 0.0 0.0 0.0 0.0 0.0163540401 0.0 0.0 0.0 0.0 0.0 
1.7375 0.0 0.0 0.0 0.0 0.0111207698 8.4729675031e-04 0.0 0.0 0.0 0.0 
1.7625 0.0 2.2457204642e-04 0.0 0.0 0.0138953954 0.0016468617 0.0017644947 0.0 0.0 0.0 
1.7875 0.0 0.0021833434 0.0 0.0 0.0420293606 8.0055924944e-04 0.0060041944 0.0 0.0 0.0 
1.8125 0.0 8.4941182933e-04 0.0 0.0 0.0102194861 7.7862751022e-04 0.0083424376 0.0 0.0 0.0 
1.8375 0.0 0.0016529123 0.0 0.0 0.0071023577 0.0030303393 0.0097403763 0.0 0.0 0.0 
1.8625 0.0 0.004826512 0.0 0.0 0.009678162 0.0036869189 0.0110607566 0.0 0.0 0.0 
1.8875 3.4178224908e-04 0.0086157609 0.0 0.0 0.0067310632 0.0078977808 0.0292320458 0.0 0.0 0.0 
1.9125 4.4387372493e-04 0.0051496288 2.0344212393e-04 0.0 0.0091787365 0.0132873137 0.1258798142 0.0 0.0 0.0 
1.9375 0.0011893557 0.0065042889 1.9822594871e-04 0.0 0.0063881409 0.0163536408 0.4227124109 0.0 0.0 0.0 
1.9625 0.0041100577 0.0065207647 3.8641568343e-04 0.0 0.0074717095 0.0199245587 1.1335650704 0.0 0.0 0.0 
1.9875 0.0092476424 0.0042385028 3.7675580083e-04 0.0 0.0182123165 0.0239593142 2.5705383922 0.0 0.0 0.0 
2.0125 0.0092197466 0.0041338538 0.0 0.0 0.0106575917 0.0214730737 5.5500677581 0.0 0.0 0.0 
2.0375 0.0124168535 0.0038649901 1.7924591608e-04 0.0 0.0231059189 0.0197170508 9.9216815629 0.0 0.0 0.0 
2.0625 0.0112589345 0.0037718623 3.4985389782e-04 0.0 0.0462258129 0.0330721263 16.0666107493 0.0 0.0 0.0 
2.0875 0.0090348739 0.00384215 0.0 0.0 0.0495277144 0.0510685766 21.3148415052 0.0 0.0 0.0 
2.1125 0.0104594261 0.0048460113 3.3348894728e-04 0.0 0.0644832144 0.0555988604 24.2671830247 0.0 0.0 0.0 
2.1375 0.007462264 0.0041225677 0.0 0.0 0.0850279588 0.0800592468 24.6152191583 0.0 0.0 0.0 
2.1625 0.0052944553 0.0026852002 1.5912297277e-04 3.409777988e-04 0.1128157014 0.1186957925 23.1357165928 0.0 0.0 0.0 
2.1875 0.0050893101 0.0037904758 6.2202679608e-04 0.0013329146 0.2305265323 0.1502097521 21.0538020589 0.0 0.0 0.0 
2.2125 0.0048920327 0.0029927425 3.0402463036e-04 0.0013029627 0.3194040013 0.2126747297 18.4985584703 0.0 0.0 0.0 
2.2375 0.0040536656 0.0034836189 1.486344043e-04 0.001114758 0.4550477124 0.2988944974 15.912026293 0.0 5.8392087405e-04 0.0 
2.2625 0.003726703 0.0031344942 2.9073569409e-04 0.0017132639 0.5096960137 0.4492320748 13.8993888781 0.0 0.0017132639 0.0 
2.2875 0.003568123 0.0033329954 0.001422078 0.00304731 0.5490276616 0.6178929009 12.038017434 0.0 0.001117347 0.0 
2.3125 0.0023528947 0.0041744907 6.9574844556e-04 0.006261736 0.6313917143 0.7686715795 10.284202542 0.0 0.0027332975 0.0 
2.3375 0.001857125 0.0048517392 5.4475668125e-04 0.0172182022 0.7285588623 0.9906059776 8.9478564848 0.0 0.0032101733 0.0 
2.3625 0.0016725868 0.0067494332 0.0025331206 0.04385346 0.8859412234 1.26168571 7.6389566926 0.0 0.0020950622 0.0 
2.3875 0.0013529177 0.0061192825 0.0031330727 0.1016849919 1.0079988142 1.4373378751 6.3989774472 0.0 0.0030771249 0.0 
2.4125 0.0018131901 0.0077910511 0.0028127692 0.2549300429 1.2270156421 1.6423935365 5.705746344 0.0 0.0015068407 0.0 
2.4375 0.0017078726 0.0119764566 0.0060117116 0.6494795516 1.3109523335 1.9154111435 4.9116891089 9.1845593155e-04 0.0029521798 0.0 
2.4625 0.0016064365 0.0132300919 0.0112896784 1.3371432021 1.3509074281 2.1306583668 4.3017520579 8.9990190373e-04 0.0043388128 0.0 
2.4875 0.0018366936 0.0277348935 0.0190010327 2.3594953273 1.5137924705 2.218678734 3.5748135555 8.8190447163e-04 0.0066142835 0.0 
2.5125 0.0021861085 0.0394524267 0.0396071421 3.7635625859 1.7398575423 2.3623567911 2.8710362888 0.0 0.0097249679 0.0 
2.5375 0.0017650253 0.0521135539 0.0615972817 5.4061891929 1.9046230904 2.4761341619 2.6202267712 8.4749230633e-04 0.0072642198 0.0 
2.5625 0.0024106931 0.0683126306 0.0956447655 7.2749840239 1.9260735568 2.5266111671 2.1144132702 0.0 0.0075683696 0.0 
2.5875 0.0013943515 0.0982582051 0.1395968109 9.1065007887 2.0602442853 2.6029567577 1.7290824282 0.0 0.0069861916 0.0 
2.6125 0.0012488547 0.1282770733 0.1941770774 10.5834061178 2.1819240236 2.607721285 1.4339361745 7.9953129367e-04 0.0081380864 0.0 
2.6375 0.0010502504 0.1680765231 0.2581184727 11.6830661668 2.2586536343 2.6405196171 1.1834982588 0.0 0.0058833469 0.0 
2.6625 0.0012596468 0.2303775839 0.3470326835 12.3624207722 2.5181864165 2.5489477122 1.0024805985 7.6978413354e-04 0.0070105341 0.0 
2.6875 0.001292517 0.2975862427 0.4691836847 12.5526284334 2.6169793104 2.4302071593 0.8291006334 0.0 0.0093092001 0.0 
2.7125 0.0020411159 0.3718658103 0.662746668 12.1920622941 2.7847268862 2.3724065258 0.6675000776 0.0 0.0139062516 0.0 
2.7375 0.0023289797 0.4429292826 0.857434632 11.4193993995 2.8736177581 2.3449744912 0.5533291337 0.0 0.0085821483 0.0 
2.7625 0.0028188817 0.531756437 1.0865370653 10.6007047612 2.9374812457 2.2893164351 0.4726114456 7.150622345e-04 0.006895243 0.0 
2.7875 0.0075220869 0.6241634445 1.300232771 9.4736785571 2.9979844241 2.1974108606 0.3604741412 0.0 0.0063958882 0.0 
2.8125 0.0092361952 0.7148911274 1.5082621196 8.5110622222 3.1049941475 2.1122772137 0.3312270935 0.0 0.0073913996 0.0 
2.8375 0.0186020297 0.8663696858 1.7097147387 7.5226233815 3.0856676104 2.011362846 0.3325645069 6.7776139705e-04 0.0090771616 0.0 
2.8625 0.0243218306 1.0026795402 1.9301758522 6.3774305952 2.9986414266 1.8892865289 0.2618930021 0.0 0.0082057577 0.0 
2.8875 0.0286732627 1.1141619357 2.116004032 5.5049726197 2.979730545 1.8067061188 0.2222060506 0.0 0.0098173876 0.0 
2.9125 0.0466050459 1.2395315351 2.2915981806 4.7278522353 3.0226534076 1.6440460285 0.1689752266 0.0 0.0082710627 0.0 
2.9375 0.069240143 1.3925862028 2.452568653 4.0311602532 3.0553523194 1.6075848041 0.1588062226 6.324016686e-04 0.0098248116 0.0 
2.9625 0.0898128439 1.4806242177 2.5789744252 3.5266356981 2.9225774909 1.5741551761 0.1502040574 0.0 0.0083273213 0.0 
2.9875 0.1176940284 1.6204814625 2.7001562875 3.0250535677 2.9523254119 1.4960454945 0.1240563177 0.0 0.0091711601 0.0 
3.0125 0.157030041 1.7771892219 2.7787668113 2.6141537258 2.9791019314 1.4321392621 0.1041881615 6.0130494506e-04 0.0090195742 0.0 
3.0375 0.1938726488 1.8787874173 2.8204797068 2.1864170376 2.8995954994 1.3038649584 0.0926777438 0.0035486863 0.0095054096 0.0 
3.0625 0.2478888091 1.9748365128 2.9402823886 1.8734860116 2.7527305658 1.2720277772 0.089417537 0.0087274633 0.0099742438 0.0 
3.0875 0.2995836058 2.1482608242 2.972169407 1.5895990549 2.7314764981 1.2305815652 0.0931503708 0.0057244672 0.0092000366 0.0 
3.1125 0.3761132976 2.2566156301 2.9761565503 1.3753731704 2.6402464082 1.147258768 0.0998641324 0.0045063022 0.0093546005 0.0 
3.1375 0.4436195316 2.3292254535 2.937912508 1.1696089356 2.5759265506 1.0820158282 0.0949380911 0.0022173875 0.0095030895 0.0 
3.1625 0.5213710497 2.3990571086 2.8968552972 1.0230056696 2.4389728041 1.057303822 0.0868663984 0.0141860471 0.0111072072 0.0 
3.1875 0.6199285712 2.4873620215 2.8881395375 0.906735278 2.3055098072 1.029454502 0.0817327099 0.0182611315 0.0123723002 0.0 
3.2125 0.7051412497 2.5080147482 2.7944042281 0.7580227699 2.2967208261 0.9827598085 0.0876357603 0.0306683851 0.0127470197 0.0 
3.2375 0.8078336304 2.5435095995 2.747509519 0.6581243732 2.2504053107 0.9547063116 0.0873334542 0.0187427006 0.0312378343 0.0 
3.2625 0.8992614731 2.5611751444 2.6777389703 0.5580412249 2.0898807726 0.9192231082 0.0926947672 0.0179438759 0.0252679069 0.0 
3.2875 1.0091569865 2.635782304 2.5863551999 0.4963243051 2.0644293368 0.8925151079 0.0915439124 0.0146425178 0.0221801686 0.0 
3.3125 1.1363598852 2.5888357534 2.5463104964 0.4733115421 1.987490451 0.8555490014 0.0881691702 0.0149196556 0.0263758197 0.0 
3.3375 1.2441295829 2.6498401446 2.4534601219 0.4209395925 1.9371593434 0.8349720824 0.1030920858 0.0244949639 0.0325433092 0.0 
3.3625 1.3477189562 2.6547004397 2.3605125323 0.3762724408 1.8414381275 0.7934176166 0.0860513424 0.0265452905 0.0248215703 0.0271485925 
3.3875 1.4574287009 2.60429296 2.3286530076 0.3304413923 1.7504109681 0.7389509531 0.0878907404 0.0271060138 0.0341372731 0.032208408 
3.4125 1.5783947503 2.5471046839 2.2255824899 0.3076797981 1.606243105 0.7228917687 0.0731929093 0.0257731087 0.0386596631 0.0242071174 
3.4375 1.6652667146 2.5003313767 2.1085019991 0.2671905133 1.5695703137 0.7392580117 0.0814096095 0.0221669167 0.0291930376 0.0275672752 
3.4625 1.7194784186 2.4256604252 2.0294409038 0.2186570751 1.48417937 0.7286213906 0.0845816507 0.0195721432 0.032674425 0.0480711157 
3.4875 1.8019045063 2.3742029515 1.9361476991 0.20930606 1.5008331838 0.704542465 0.093738699 0.0228818568 0.0322076555 0.0298727722 
3.5125 1.8909638344 2.3349290239 1.8443304337 0.2007797598 1.4150142593 0.6667671587 0.0935197807 0.0344993953 0.0483370648 0.0649910115 
3.5375 1.9254060768 2.2765665734 1.7476515015 0.1901153969 1.3579081021 0.6522660275 0.1062191733 0.0318331441 0.0450865714 0.139664916 
3.5625 1.9973321604 2.1994333966 1.6870916033 0.1776564801 1.2176092526 0.6802286328 0.1101322548 0.033537791 0.0541303632 0.1693013486 
3.5875 2.0561299237 2.1413502994 1.6260783413 0.1770475102 1.1939904751 0.6801224146 0.1047696297 0.0402799949 0.0611014209 0.1834989566 
3.6125 2.1045301869 2.0671249348 1.5819251477 0.1561552468 1.1381976705 0.6534928053 0.1039545822 0.0430696318 0.0698910807 0.2107292887 
3.6375 2.1305810865 2.0062775059 1.538827993 0.1554623287 1.0472099505 0.6302350412 0.1126800599 0.0565020536 0.0870508698 0.2566075315 
3.6625 2.1422315946 1.967175981 1.496423271 0.1563190733 1.0093641067 0.629860365 0.1283094295 0.0638695827 0.1165954051 0.3072888247 
3.6875 2.156625009 1.8793866537 1.407248389 0.1433008137 0.9653904712 0.6254874323 0.1481417603 0.0971182892 0.1528581102 0.3192606099 
3.7125 2.180450481 1.8294092105 1.36001455 0.1290559942 0.9437328039 0.609853686 0.1515222074 0.1088803497 0.1616236879 0.4290572593 
3.7375 2.1672431342 1.7665628839 1.3172170994 0.1292187623 0.8999055513 0.5874392997 0.1642166995 0.1089912317 0.2105322179 0.4076408393 
3.7625 2.1432691851 1.7048748445 1.3079183221 0.136405757 0.865964655 0.5888740346 0.19030701 0.1067767095 0.2465666409 0.4535728767 
3.7875 2.125565935 1.6256900767 1.2862998979 0.1291087054 0.8599199731 0.5859402865 0.190477719 0.1209683172 0.2901935373 0.4869067928 
3.8125 2.1007132426 1.5790979388 1.2345706791 0.1429989823 0.8691374061 0.5840884943 0.190250492 0.1231413646 0.322602486 0.546912925 
3.8375 2.0681121788 1.4949696923 1.199336017 0.1546226337 0.8607812176 0.5733764761 0.2050874876 0.1326588086 0.3870979801 0.6112745027 
3.8625 2.0297285096 1.4427136058 1.169396229 0.1345644687 0.8718567134 0.5831238313 0.2127286292 0.1327759762 0.4191378587 0.6844266777 
3.8875 2.003062127 1.378979365 1.1162440895 0.1252952161 0.8540146659 0.5929123497 0.2110894667 0.1559885874 0.4596092306 0.7378286711 
3.9125 1.9716593384 1.3198956568 1.0824827562 0.139793027 0.8813603021 0.6027380703 0.2155619935 0.1832332646 0.5568804192 0.8348295526 
3.9375 1.9497126348 1.273670644 1.0493901396 0.1294356173 0.8655637294 0.5675557263 0.2206113621 0.1735224639 0.5975362448 0.8775968469 
3.9625 1.9177174857 1.2466755077 1.0117358894 0.1344593991 0.8329886401 0.59169583 0.2328475763 0.191149901 0.6877672738 0.8438168753 
3.9875 1.8565785122 1.1948075357 0.9963749485 0.1243045107 0.8632980234 0.6084310505 0.2676853011 0.1894469606 0.7438882013 0.8431188215 
4.0125 1.8002129932 1.1566971321 0.9828885294 0.1336548015 0.8361897675 0.6180317199 0.2626578068 0.2331891404 0.7847618342 1.0007308641 
4.0375 1.7580692184 1.1041582198 0.9503495204 0.1317602194 0.8164516312 0.5973777989 0.2842974947 0.258764333 0.872092232 1.1267182622 
4.0625 1.7073793812 1.0674887013 0.9197068516 0.1342980954 0.8322979539 0.6128316778 0.2901086443 0.2810490918 0.938798437 1.2130996514 
4.0875 1.6474209734 1.0180189415 0.8989598705 0.1364301782 0.8706617332 0.6097981199 0.3206902526 0.2985249881 1.0416063148 1.3396580461 
4.1125 1.592653753 0.9824565693 0.8795278336 0.1483531458 0.9100190623 0.6158674763 0.3495367702 0.3191056629 1.1316543271 1.2515634111 
4.1375 1.5323048622 0.9425420846 0.8829280331 0.1518751222 0.912222948 0.6202518357 0.3744628774 0.3385310911 1.1975981344 1.2170901168 
4.1625 1.5104167957 0.9322608785 0.8497636689 0.1589372561 0.9707779409 0.6432361165 0.4022466583 0.3162097766 1.3011933323 1.3330338108 
4.1875 1.4528310777 0.8999974882 0.8270014936 0.1603188372 0.990402041 0.6310565007 0.3932381008 0.3634823204 1.3888994669 1.3118058651 
4.2125 1.4055139741 0.8730710257 0.8359172828 0.1692046873 1.0054390978 0.6444900654 0.4393969636 0.4142264934 1.537204665 1.3753577265 
4.2375 1.3529251167 0.8728232409 0.8253371395 0.1757390539 1.0224572973 0.6532900266 0.4667374855 0.413911797 1.5669843637 1.4411604616 
4.2625 1.3215308004 0.8563946723 0.7944279033 0.1839519608 1.0548467824 0.6542373037 0.4670106733 0.413275618 1.6571035053 1.4780913668 
4.2875 1.2668840216 0.8358486587 0.7859595941 0.192482379 1.0240569194 0.6645803274 0.5004926775 0.4811992008 1.7321390108 1.405698826 
4.3125 1.2101600282 0.8235974989 0.7732323637 0.2049187229 1.0478070635 0.6718894091 0.5340533452 0.4967626152 1.8567293934 1.4133635046 
4.3375 1.1827018977 0.8424601723 0.7970147855 0.2155308066 1.027095961 0.6664779549 0.5330133846 0.5713963046 1.9702606443 1.4121015197 
4.3625 1.1611450498 0.8296430594 0.7850518374 0.2230381503 0.9894005756 0.7024088854 0.5296580041 0.5422141405 2.0784636441 1.4153837753 
4.3875 1.1083106101 0.8136559955 0.7684770445 0.2210006562 1.0389497738 0.7066519453 0.5444253423 0.5490925683 2.1300166947 1.5112440463 
4.4125 1.0814866043 0.8287193644 0.7772216464 0.2374219069 1.0045476795 0.7110167783 0.5664260999 0.6421047309 2.2401795656 1.4642460556 
4.4375 1.0483104495 0.8286546473 0.7771427253 0.2436213284 0.9645199989 0.6915965622 0.5934651191 0.6529031807 2.241731907 1.4051650662 
4.4625 1.0215759294 0.8265425397 0.7941683975 0.2585153697 0.9636179674 0.703779101 0.6224792468 0.7141150671 2.2980122644 1.4394820295 
4.4875 0.984667741 0.8355808659 0.7835337393 0.2743302449 0.9193294871 0.7146318058 0.6328470932 0.6809791598 2.3935501931 1.6095119437 
4.5125 0.9688840243 0.8480002593 0.7778360491 0.2910718408 0.8783159603 0.7263320472 0.6409287213 0.6469237632 2.4222314176 1.6089552827 
4.5375 0.9606027316 0.8770037835 0.7803841675 0.3126952849 0.8202109865 0.7420801245 0.6698262156 0.6724151217 2.4132202141 1.5501996677 
4.5625 0.9269791999 0.8789141263 0.7706400563 0.3140654677 0.7928148258 0.7184869959 0.6677721254 0.7287680651 2.4698440316 1.371957242 
4.5875 0.9017441846 0.9258132374 0.7640669124 0.3242901157 0.7568495868 0.7403345712 0.6484026485 0.7299221603 2.4575836449 1.3835368021 
4.6125 0.883963822 0.9622686146 0.7677687674 0.3572098192 0.7195864768 0.7503657814 0.6398471232 0.7597358353 2.51455926 1.4033242896 
4.6375 0.8626822105 0.9799804982 0.7663987479 0.3592262432 0.6969073687 0.7811904167 0.6429070035 0.731775286 2.478278002 1.5000859999 
4.6625 0.8483958845 1.0149082103 0.7802463878 0.3891622994 0.6729069922 0.7735415198 0.6616235869 0.7691329372 2.4443764103 1.370794165 
4.6875 0.8411623113 1.0570379245 0.7762808456 0.4047977511 0.6633474149 0.7719480897 0.688885963 0.7644276785 2.4955391892 1.2242109931 
4.7125 0.8361542061 1.0783340885 0.7861605347 0.4108178726 0.6364588397 0.7963762322 0.7007248615 0.7708362905 2.5174427148 1.2025119849 
4.7375 0.8126137103 1.1288072316 0.7805376465 0.429121878 0.6227073983 0.8159162232 0.6977448914 0.7887380108 2.4178720652 1.1027711649 
4.7625 0.8111912596 1.1638924726 0.7889325628 0.4358066308 0.5952526759 0.8239509391 0.7016761815 0.8276349975 2.4050564347 1.0042242991 
4.7875 0.7988100664 1.1707309899 0.7786042873 0.4509554479 0.5844485786 0.8380235115 0.7096726129 0.824013672 2.3513061939 0.8707731644 
4.8125 0.7806830843 1.1657982462 0.785797558 0.4850446378 0.5622394359 0.8533062015 0.6940351048 0.8962918051 2.2818785564 0.7651882836 
4.8375 0.785886191 1.1762872109 0.7869499963 0.5087310379 0.5355381561 0.8376229397 0.7559780871 0.8970789018 2.3114464315 0.721696819 
4.8625 0.7841432585 1.1922529331 0.7826240002 0.5148096708 0.5454620606 0.875227583 0.7431243203 0.9070343703 2.2276497068 0.6756127252 
4.8875 0.7789114957 1.1760862044 0.7742642957 0.5402961643 0.5252392636 0.9039897785 0.7270513791 0.9110286628 2.2068768641 0.6291201365 
4.9125 0.7746367561 1.1568615783 0.761778563 0.550867194 0.530440214 0.9018079861 0.7706615195 0.9623807652 2.2699952787 0.6312993357 
4.9375 0.7927350138 1.1178194908 0.7680026271 0.5606082983 0.5418046434 0.9218679441 0.7613032565 0.9168455511 2.2974300597 0.5886915064 
4.9625 0.7903222863 1.096613686 0.7810429919 0.5872520738 0.5696627791 0.9381550716 0.7707906047 0.9209264783 2.1830534945 0.6117739052 
4.9875 0.7840182011 1.0573783423 0.7813394845 0.5957065597 0.5500839541 0.9232207015 0.8373417558 0.9459395951 2.1667466599 0.5643557518 
