# Radial distribution function (200 data points):
"Pair separation distance" Br-Br Br-I Br-K Br-Tl Br-Zn I-I I-K I-Tl I-Zn K-K K-Tl K-Zn Tl-Tl Tl-Zn Zn-Zn
0.0125 0.0 0.0 0.0 0.0 0.0 0.0 0.0 0.0 0.0 0.0 0.0 0.0 0.0 0.0 0.0 
0.0375 0.0 0.0 0.0 0.0 0.0 0.0 0.0 0.0 0.0 0.0 0.0 0.0 0.0 0.0 0.0 
0.0625 0.0 0.0 0.0 0.0 0.0 0.0 0.0 0.0 0.0 0.0 0.0 0.0 0.0 0.0 0.0 
0.0875 0.0 0.0 0.0 0.0 0.0 0.0 0.0 0.0 0.0 0.0 0.0 0.0 0.0 0.0 0.0 
0.1125 0.0 0.0 0.0 0.0 0.0 0.0 0.0 0.0 0.0 0.0 0.0 0.0 0.0 0.0 0.0 
0.1375 0.0 0.0 0.0 0.0 0.0 0.0 0.0 0.0 0.0 0.0 0.0 0.0 0.0 0.0 0.0 
0.1625 0.0 0.0 0.0 0.0 0.0 0.0 0.0 0.0 0.0 0.0 0.0 0.0 0.0 0.0 0.0 
0.1875 0.0 0.0 0.0 0.0 0.0 0.0 0.0 0.0 0.0 0.0 0.0 0.0 0.0 0.0 0.0 
0.2125 0.0 0.0 0.0 0.0 0.0 0.0 0.0 0.0 0.0 0.0 0.0 0.0 0.0 0.0 0.0 
0.2375 0.0 0.0 0.0 0.0 0.0 0.0 0.0 0.0 0.0 0.0 0.0 0.0 0.0 0.0 0.0 
0.2625 0.0 0.0 0.0 0.0 0.0 0.0 0.0 0.0 0.0 0.0 0.0 0.0 0.0 0.0 0.0 
0.2875 0.0 0.0 0.0 0.0 0.0 0.0 0.0 0.0 0.0 0.0 0.0 0.0 0.0 0.0 0.0 
0.3125 0.0 0.0 0.0 0.0 0.0 0.0 0.0 0.0 0.0 0.0 0.0 0.0 0.0 0.0 0.0 
0.3375 0.0 0.0 0.0 0.0 0.0 0.0 0.0 0.0 0.0 0.0 0.0 0.0 0.0 0.0 0.0 
0.3625 0.0 0.0 0.0 0.0 0.0 0.0 0.0 0.0 0.0 0.0 0.0 0.0 0.0 0.0 0.0 
0.3875 0.0 0.0 0.0 0.0 0.0 0.0 0.0 0.0 0.0 0.0 0.0 0.0 0.0 0.0 0.0 
0.4125 0.0 0.0 0.0 0.0 0.0 0.0 0.0 0.0 0.0 0.0 0.0 0.0 0.0 0.0 0.0 
0.4375 0.0 0.0 0.0 0.0 0.0 0.0 0.0 0.0 0.0 0.0 0.0 0.0 0.0 0.0 0.0 
0.4625 0.0 0.0 0.0 0.0 0.0 0.0 0.0 0.0 0.0 0.0 0.0 0.0 0.0 0.0 0.0 
0.4875 0.0 0.0 0.0 0.0 0.0 0.0 0.0 0.0 0.0 0.0 0.0 0.0 0.0 0.0 0.0 
0.5125 0.0 0.0 0.0 0.0 0.0 0.0 0.0 0.0 0.0 0.0 0.0 0.0 0.0 0.0 0.0 
0.5375 0.0 0.0 0.0 0.0 0.0 0.0 0.0 0.0 0.0 0.0 0.0 0.0 0.0 0.0 0.0 
0.5625 0.0 0.0 0.0 0.0 0.0 0.0 0.0 0.0 0.0 0.0 0.0 0.0 0.0 0.0 0.0 
0.5875 0.0 0.0 0.0 0.0 0.0 0.0 0.0 0.0 0.0 0.0 0.0 0.0 0.0 0.0 0.0 
0.6125 0.0 0.0 0.0 0.0 0.0 0.0 0.0 0.0 0.0 0.0 0.0 0.0 0.0 0.0 0.0 
0.6375 0.0 0.0 0.0 0.0 0.0 0.0 0.0 0.0 0.0 0.0 0.0 0.0 0.0 0.0 0.0 
0.6625 0.0 0.0 0.0 0.0 0.0 0.0 0.0 0.0 0.0 0.0 0.0 0.0 0.0 0.0 0.0 
0.6875 0.0 0.0 0.0 0.0 0.0 0.0 0.0 0.0 0.0 0.0 0.0 0.0 0.0 0.0 0.0 
0.7125 0.0 0.0 0.0 0.0 0.0 0.0 0.0 0.0 0.0 0.0 0.0 0.0 0.0 0.0 0.0 
0.7375 0.0 0.0 0.0 0.0 0.0 0.0 0.0 0.0 0.0 0.0 0.0 0.0 0.0 0.0 0.0 
0.7625 0.0 0.0 0.0 0.0 0.0 0.0 0.0 0.0 0.0 0.0 0.0 0.0 0.0 0.0 0.0 
0.7875 0.0 0.0 0.0 0.0 0.0 0.0 0.0 0.0 0.0 0.0 0.0 0.0 0.0 0.0 0.0 
0.8125 0.0 0.0 0.0 0.0 0.0 0.0 0.0 0.0 0.0 0.0 0.0 0.0 0.0 0.0 0.0 
0.8375 0.0 0.0 0.0 0.0 0.0 0.0 0.0 0.0 0.0 0.0 0.0 0.0 0.0 0.0 0.0 
0.8625 0.0 0.0 0.0 0.0 0.0 0.0 0.0 0.0 0.0 0.0 0.0 0.0 0.0 0.0 0.0 
0.8875 0.0 0.0 0.0 0.0 0.0 0.0 0.0 0.0 0.0 0.0 0.0 0.0 0.0 0.0 0.0 
0.9125 0.0 0.0 0.0 0.0 0.0 0.0 0.0 0.0 0.0 0.0 0.0 0.0 0.0 0.0 0.0 
0.9375 0.0 0.0 0.0 0.0 0.0 0.0 0.0 0.0 0.0 0.0 0.0 0.0 0.0 0.0 0.0 
0.9625 0.0 0.0 0.0 0.0 0.0 0.0 0.0 0.0 0.0 0.0 0.0 0.0 0.0 0.0 0.0 
0.9875 0.0 0.0 0.0 0.0 0.0 0.0 0.0 0.0 0.0 0.0 0.0 0.0 0.0 0.0 0.0 
1.0125 0.0 0.0 0.0 0.0 0.0 0.0 0.0 0.0 0.0 0.0 0.0 0.0 0.0 0.0 0.0 
1.0375 0.0 0.0 0.0 0.0 0.0 0.0 0.0 0.0 0.0 0.0 0.0 0.0 0.0 0.0 0.0 
1.0625 0.0 0.0 0.0 0.0 0.0 0.0 0.0 0.0 0.0 0.0 0.0 0.0 0.0 0.0 0.0 
1.0875 0.0 0.0 0.0 0.0 0.0 0.0 0.0 0.0 0.0 0.0 0.0 0.0 0.0 0.0 0.0 
1.1125 0.0 0.0 0.0 0.0 0.0 0.0 0.0 0.0 0.0 0.0 0.0 0.0 0.0 0.0 0.0 
1.1375 0.0 0.0 0.0 0.0 0.0 0.0 0.0 0.0 0.0 0.0 0.0 0.0 0.0 0.0 0.0 
1.1625 0.0 0.0 0.0 0.0 0.0 0.0 0.0 0.0 0.0 0.0 0.0 0.0 0.0 0.0 0.0 
1.1875 0.0 0.0 0.0 0.0 0.0 0.0 0.0 0.0 0.0 0.0 0.0 0.0 0.0 0.0 0.0 
1.2125 0.0 0.0 0.0 0.0 0.0 0.0 0.0 0.0 0.0 0.0 0.0 0.0 0.0 0.0 0.0 
1.2375 0.0 0.0 0.0 0.0 0.0 0.0 0.0 0.0 0.0 0.0 0.0 0.0 0.0 0.0 0.0 
1.2625 0.0 0.0 0.0 0.0 0.0 0.0 0.0 0.0 0.0 0.0 0.0 0.0 0.0 0.0 0.0 
1.2875 0.0 0.0 0.0 0.0 0.0 0.0 0.0 0.0 0.0 0.0 0.0 0.0 0.0 0.0 0.0 
1.3125 0.0 0.0 0.0 0.0 0.0 0.0 0.0 0.0 0.0 0.0 0.0 0.0 0.0 0.0 0.0 
1.3375 0.0 0.0 0.0 0.0 0.0 0.0 0.0 0.0 0.0 0.0 0.0 0.0 0.0 0.0 0.0 
1.3625 0.0 0.0 0.0 0.0 0.0 0.0 0.0 0.0 0.0 0.0 0.0 0.0 0.0 0.0 0.0 
1.3875 0.0 0.0 0.0 0.0 0.0 0.0 0.0 0.0 0.0 0.0 0.0 0.0 0.0 0.0 0.0 
1.4125 0.0 0.0 0.0 0.0 0.0 0.0 0.0 0.0 0.0 0.0 0.0 0.0 0.0 0.0 0.0 
1.4375 0.0 0.0 0.0 0.0 0.0 0.0 0.0 0.0 0.0 0.0 0.0 0.0 0.0 0.0 0.0 
1.4625 0.0 0.0 0.0 0.0 0.0 0.0 0.0 0.0 0.0 0.0 0.0 0.0 0.0 0.0 0.0 
1.4875 0.0 0.0 0.0 0.0 0.0 0.0 0.0 0.0 0.0 0.0 0.0 0.0 0.0 0.0 0.0 
1.5125 0.0 0.0 0.0 0.0 0.0 0.0 0.0 0.0 0.0 0.0 0.0 0.0 0.0 0.0 0.0 
1.5375 0.0 0.0 0.0 0.0 0.0 0.0 0.0 0.0 0.0 0.0 0.0 0.0 0.0 0.0 0.0 
1.5625 0.0 0.0 0.0 0.0 0.0 0.0 0.0 0.0 0.0 0.0 0.0 0.0 0.0 0.0 0.0 
1.5875 0.0 0.0 0.0 0.0 0.0 0.0 0.0 0.0 0.0 0.0 0.0 0.0 0.0 0.0 0.0 
1.6125 0.0 0.0 0.0 0.0 0.0 0.0 0.0 0.0 0.0 0.0 0.0 0.0 0.0 0.0 0.0 
1.6375 0.0 0.0 0.0 0.0 0.0 0.0 0.0 0.0 0.0 0.0 0.0 0.0 0.0 0.0 0.0 
1.6625 0.0 0.0 0.0 0.0 0.0 0.0 0.0 0.0 0.0 0.0 0.0 0.0 0.0 0.0 0.0 
1.6875 0.0 0.0 0.0 0.0 0.0 0.0 0.0 0.0 0.0 0.0 0.0 0.0 0.0 0.0 0.0 
1.7125 0.0 0.0 0.0 0.0 0.0 0.0 0.0 0.0 0.0 0.0 0.0 0.0 0.0 0.0 0.0 
1.7375 0.0 0.0 0.0 0.0 0.0 0.0 0.0 0.0 0.0 0.0 0.0 0.0 0.0 0.0 0.0 
1.7625 0.0 0.0 0.0 0.0 0.0 0.0 0.0 0.0 0.0 0.0 0.0 0.0 0.0 0.0 0.0 
1.7875 0.0 0.0 0.0 0.0 0.0 0.0 0.0 0.0 0.0 0.0 0.0 0.0 0.0 0.0 0.0 
1.8125 0.0 0.0 0.0 0.0 0.0 0.0 0.0 0.0 0.0 0.0 0.0 0.0 0.0 0.0 0.0 
1.8375 0.0 0.0 0.0 0.0 0.0 0.0 0.0 0.0 0.0 0.0 0.0 0.0 0.0 0.0 0.0 
1.8625 0.0 0.0 0.0 0.0 0.0 0.0 0.0 0.0 0.0 0.0 0.0 0.0 0.0 0.0 0.0 
1.8875 0.0 0.0 0.0 0.0 0.0 0.0 0.0 0.0 0.0 0.0 0.0 0.0 0.0 0.0 0.0 
1.9125 0.0 0.0 0.0 0.0 0.0 0.0 0.0 0.0 0.0 0.0 0.0 0.0 0.0 0.0 0.0 
1.9375 0.0 0.0 0.0 0.0 0.0 0.0 0.0 0.0 0.0 0.0 0.0 0.0 0.0 0.0 0.0 
1.9625 0.0 0.0 0.0 0.0 0.0 0.0 0.0 0.0 0.0 0.0 0.0 0.0 0.0 0.0 0.0 
1.9875 0.0 0.0 0.0 0.0 0.0 0.0 0.0 0.0 0.0 0.0 0.0 0.0 0.0 0.0 0.0 
2.0125 0.0 0.0 0.0 0.0 0.0 0.0 0.0 0.0 0.0 0.0 0.0 0.0 0.0 0.0 0.0 
2.0375 0.0 0.0 0.0 0.0 0.0 0.0 0.0 0.0 0.0 0.0 0.0 0.0 0.0 0.0 0.0 
2.0625 0.0 0.0 0.0 0.0 0.0 0.0 0.0 0.0 0.0 0.0 0.0 0.0 0.0 0.0 0.0 
2.0875 0.0 0.0 0.0 0.0 0.0892671789 0.0 0.0 0.0 0.0 0.0 0.0 0.0 0.0 0.0 0.0 
2.1125 0.0 0.0 0.0 0.0 0.1743337456 0.0 0.0 0.0 0.0 0.0 0.0 0.0 0.0 0.0 0.0 
2.1375 0.0 0.0 0.0 0.0 0.4256991432 0.0 0.0 0.0 0.0 0.0 0.0 0.0 0.0 0.0 0.0 
2.1625 0.0 0.0 0.0 0.0 1.03384186 0.0 0.0 0.0 0.0 0.0 0.0 0.0 0.0 0.0 0.0 
2.1875 0.0 0.0 0.0 0.0 2.4852200699 0.0 0.0 0.0 0.0061936949 0.0 0.0 0.0 0.0 0.0 0.0 
2.2125 0.0 0.0 0.0 0.0 3.0423946152 0.0 0.0 0.0 0.0060545166 0.0 0.0 0.0 0.0 0.0 0.0 
2.2375 0.0 0.0 0.0 0.0 5.8274777843 0.0 0.0 0.0 0.0162799379 0.0 0.0 0.0 0.0 0.0 0.0 
2.2625 0.0 0.0 0.0 0.0 9.8464033366 0.0 0.0 0.0 0.02605443 0.0 0.0 0.0 0.0 0.0 0.0 
2.2875 0.0 0.0 0.0 0.0 12.9989064669 0.0 0.0 0.0 0.0835441701 0.0 0.0 0.0 0.0 0.0 0.0 
2.3125 0.0 0.0 0.0 0.0 16.8344615934 0.0 0.0 0.0 0.2881948981 0.0 0.0 0.0 0.0 0.0 0.0 
2.3375 0.0 0.0 0.0 0.0 18.8155223151 0.0 0.0 0.0 0.5112397775 0.0 0.0 0.0 0.0 0.0 0.0 
2.3625 0.0 0.0 0.0 0.0 19.5245860917 0.0 0.0 0.0 1.1868080888 0.0 0.0 0.0 0.0 0.0 0.0 
2.3875 0.0 0.0 0.0 0.0 22.0717934347 0.0 0.0 0.0 1.9615039042 0.0 0.0 0.0 0.0 0.0 0.0 
2.4125 0.0 0.0 0.0 0.0 22.7242917209 0.0 0.0 0.0 3.0910129019 0.0 0.0 0.0 0.0 0.0 0.0 
2.4375 0.0 0.0 0.0 0.001662786 23.2332767085 0.0 0.0 0.0 4.5892892264 0.0 0.0 0.0 0.0 0.0 0.0 
2.4625 0.0 0.0 0.0 0.0028510921 21.1693586419 0.0 0.0 0.0 5.8785445556 0.0 0.0 0.0 0.0 0.0 0.0 
2.4875 0.0 0.0 0.0 0.0083822165 20.0813957052 0.0 0.0 0.0 7.1943366366 0.0 0.0 0.0 0.0 0.0 0.0 
2.5125 0.0 0.0 0.0 0.0101724845 19.2964205202 0.0 0.0 0.0 8.3336122684 0.0 0.0 0.0 0.0 0.0 0.0 
2.5375 0.0 0.0 0.0 0.0210967951 17.3041667467 0.0 0.0 0.0 9.2691646314 0.0 0.0 0.0 0.0 0.0 0.0 
2.5625 0.0 0.0 0.0 0.0455117556 14.1330926996 0.0 0.0 0.0 10.1081233056 0.0 0.0 0.0 0.0 0.0 0.0 
2.5875 0.0 0.0 0.0 0.0652947979 11.8692662305 0.0 0.0 1.4755886534e-04 10.2402163572 0.0 0.0 0.0 0.0 0.0 0.0 
2.6125 0.0 0.0 0.0 0.0948101405 9.8275053056 0.0 0.0 0.0013992336 10.0060885282 0.0 0.0 0.0 0.0 0.0 0.0 
2.6375 0.0 0.0 0.0 0.1750363072 7.9405416014 0.0 0.0 0.001467512 10.1890303098 0.0 0.0 0.0 0.0 0.0 0.0 
2.6625 0.0 0.0 0.0 0.2829065592 6.6554464855 0.0 0.0 0.001997534 9.3338260095 0.0 0.0 0.0 0.0 0.0 0.0 
2.6875 0.0 0.0 0.0 0.3723893168 6.2629112364 0.0 0.0 0.0059728192 8.5249455158 0.0 0.0 0.0 0.0 0.0 0.0 
2.7125 0.0 0.0 0.0 0.466596679 4.3202152941 0.0 0.0 0.0140538472 8.1862541085 0.0 0.0 0.0 0.0 0.0 0.0 
2.7375 0.0 0.0 0.0593240295 0.6176290626 3.7819068802 0.0 0.0 0.0274208847 7.3275063762 0.0 0.0 0.0 0.0 0.0 0.0 
2.7625 0.0 0.0 0.1165103145 0.8605581284 2.8690664941 0.0 0.0 0.0418142573 6.5284612881 0.0 0.0 0.0 4.3151968327e-04 0.0 0.0 
2.7875 0.0 0.0 0.0858223717 1.1179158566 2.4244820006 0.0 0.0 0.0702260098 5.5698719234 0.0 0.0 0.0 0.0011866797 0.0 0.0 
2.8125 0.0 0.0 0.2177838652 1.3994369658 2.086509934 0.0 0.0 0.1190655875 4.844637207 0.0 0.0 0.0 6.6610118856e-04 0.0 0.0 
2.8375 0.0 0.0 0.324395811 1.5693701833 1.6426851704 0.0 0.0 0.1939114944 4.2673003558 0.0 0.0 0.0 0.0042537008 0.0 0.0 
2.8625 0.0 0.0 0.7053286376 2.0267648542 1.6548094958 0.0 0.0180853497 0.2724859352 3.7355289766 0.0 0.0 0.0 0.0058676912 0.0 0.0 
2.8875 0.0 0.0 0.533206233 2.3064131832 1.2730298812 0.0 0.0337697281 0.3809462309 3.4249613697 0.0 0.0 0.0 0.0068724359 0.0 0.0 
2.9125 0.0 0.0 1.0481836407 2.5348574377 1.0809393795 0.0 0.0751198276 0.50510805 2.7278979249 0.0 0.0 0.0 0.0132769928 0.0157227546 0.0 
2.9375 0.0 0.0 1.3202233767 2.879732768 0.8050142541 0.0 0.1305196444 0.6939294427 2.3356146891 0.0 0.0 0.0 0.0275541471 0.0214670468 0.0 
2.9625 0.0464337822 0.0 1.4436685012 3.0601269555 1.0637557377 0.0 0.1502766042 0.9383939063 2.1967400234 0.0 0.0 0.0 0.0365466698 0.0295487705 0.0 
2.9875 0.0332072028 0.0 1.9862058195 3.2645447652 1.2639491579 0.0 0.2282995195 1.1191196324 1.8488110178 0.0 0.0 0.0 0.0481135472 0.0124527011 0.0 
3.0125 0.02041146 0.002721528 2.5106095837 3.3820428506 0.673578181 0.0 0.3404631533 1.3479909639 1.5724988807 0.0 0.0 0.0 0.0598736161 0.012246876 0.0 
3.0375 0.0240922242 0.0018738397 2.5718449317 3.5849229586 0.3674064188 0.0 0.4449030733 1.5985458438 1.3491645543 0.0 0.0 0.0 0.0622471689 0.0329260397 0.0 
3.0625 0.0158003263 0.0013166939 2.6663050579 3.6791059717 0.3021812399 0.0 0.6691438175 1.8592770598 1.0775822515 0.0 0.0071101468 0.0 0.0798443154 0.0260705383 0.0 
3.0875 0.0116591159 0.0028500061 2.2910162743 3.5671712824 0.4022394985 0.0 0.8938655523 2.1299391109 0.9995748698 0.0 0.0046636464 0.0 0.0963820248 0.0349773477 0.0 
3.1125 0.0152967654 0.0040791374 2.9541878197 3.5983091165 0.3900675179 0.0 1.184734481 2.3475096053 0.9797578245 0.0 0.0038241914 0.0 0.1135359921 0.0351825604 0.0 
3.1375 0.0112904736 0.0082796806 2.7831017328 3.5861053023 0.2596808919 0.0015388497 1.5023856818 2.5540222059 0.7203322132 0.0 0.0030107929 0.0 0.1530151883 0.0895710902 0.0 
3.1625 0.0666760472 0.0088901396 3.2949079985 3.4377676033 0.2444788397 8.5608751945e-04 1.8632250964 2.7388215334 0.5608196413 0.0 0.0118535195 0.0 0.1738516193 0.0800112566 0.0 
3.1875 0.0401098227 0.0060772459 2.9535414891 3.4681626687 0.1367380319 6.4823955864e-04 2.1630133473 2.8697565261 0.5068423049 0.0 0.0175024681 0.0 0.1888970074 0.0882416099 0.0 
3.2125 0.0358981614 0.0131626592 2.8754427273 3.3069386272 0.156157002 5.1055162865e-04 2.4116384821 3.0633735909 0.4149827457 0.0 0.0107694484 0.0 0.2097729004 0.0969250358 0.0 
3.2375 0.0742263752 0.0181442251 3.4038094921 3.1787739736 0.1961697059 5.0269714433e-04 2.6700287543 3.2010811594 0.3520450939 0.0 0.035345893 0.1272452147 0.2246427864 0.1498665862 0.0 
3.2625 0.0591706617 0.0271488918 2.8924011674 3.162265793 0.1827329257 4.3314471286e-04 2.957836958 3.3029759468 0.4197636351 0.0 0.0480326548 0.1253025776 0.252709001 0.146882466 0.0 
3.2875 0.1336877645 0.0255949224 2.5760603859 3.071390693 0.0822693936 0.0017672685 3.1413196775 3.310337576 0.242694711 0.0 0.0706145628 0.0771275565 0.2694779691 0.1727657265 0.0 
3.3125 0.121548425 0.0373648862 2.4613556056 3.0596439641 0.0709032479 0.0037815066 3.4202376248 3.3420114595 0.2566022305 0.0 0.049969908 0.0607742125 0.2816322024 0.1802968304 0.0 
3.3375 0.1363640677 0.0512196742 2.4894757228 2.8632019603 0.0698450103 0.0065632137 3.3638687322 3.3755908683 0.2913534714 0.0 0.0538804365 0.0598671517 0.3026764931 0.179601455 0.0 
3.3625 0.1834941025 0.0784218843 2.4624253218 2.8598866545 0.0786403296 0.010893142 3.5420915141 3.3558450001 0.2398530054 0.0 0.0616015915 0.1621956799 0.3393767115 0.2031541849 0.0 
3.3875 0.145282266 0.1030966006 2.3003025449 2.7790883238 0.0774838752 0.0181943618 3.7534480544 3.3167403245 0.2008123766 0.0 0.0858779617 0.290564532 0.3710042735 0.275067757 0.0 
3.4125 0.1527054879 0.1204676627 2.1426488777 2.7054322281 0.0811247905 0.0255640298 3.9226222216 3.2747126314 0.1807014941 0.0 0.1113477516 0.1861098134 0.4093638229 0.3054109759 0.0 
3.4375 0.2257386059 0.1379513703 1.9846185771 2.5192846456 0.0799490896 0.0219050055 4.0137578237 3.2259440235 0.138578422 0.0 0.112869303 0.3950425604 0.446739488 0.3605547178 0.0 
3.4625 0.250301953 0.1728422539 1.8448180979 2.5289767694 0.0741635416 0.0341701651 3.9665134178 3.116352019 0.1186616666 0.0 0.1205157551 0.6257548824 0.4640989627 0.3813242098 0.0 
3.4875 0.2771863056 0.1900706096 2.4901077456 2.3608556698 0.0731040806 0.0655770679 3.9366547406 3.0515809291 0.1267137397 0.0 0.1041733149 0.6305226952 0.5131364947 0.40816445 0.0 
3.5125 0.4143861746 0.245829093 2.342182726 2.2727179905 0.0855797535 0.0792204938 3.8712076544 2.987717646 0.117709696 0.0 0.1333242475 0.8648059296 0.5457352481 0.3909643473 0.0 
3.5375 0.4174313652 0.2800638805 2.2292611205 2.082025282 0.0799336657 0.1044729721 3.8528026855 2.8905592444 0.1113150307 0.0 0.1770382669 1.0124930985 0.5555225292 0.4192076689 0.0 
3.5625 0.5750629237 0.317987417 1.9134707943 2.0348080982 0.0831943824 0.1222649293 3.6249397901 2.7806968203 0.1039200004 0.0 0.1675564052 1.077148319 0.5665910435 0.3923271926 0.0 
3.5875 0.5066263348 0.3688393241 1.5155611663 1.9812160153 0.2072562279 0.1525508186 3.4807532048 2.659967368 0.0892353203 0.0 0.2187704628 1.5544217091 0.5644533811 0.4260266906 0.0 
3.6125 0.5933207151 0.4044422227 1.4605909469 1.9296644373 0.2682718066 0.1809801667 3.3288414857 2.5539602158 0.1027665545 0.0 0.264581295 1.0730872263 0.5964371471 0.4803342823 0.0 
3.6375 0.5795932275 0.4666612137 1.4027836085 1.8375251952 0.2015976443 0.2005523232 3.1706829506 2.5018765434 0.1327184492 0.0 0.2900766105 0.8441901357 0.6504883991 0.5252738622 0.0 
3.6625 0.7981813204 0.5531111157 1.1889863614 1.7418212898 0.1615695752 0.2263017428 3.2297343811 2.3755054496 0.1474840225 0.0 0.2684540635 0.8078478762 0.6727186326 0.6291546879 0.0 
3.6875 0.7519760881 0.6084830664 1.1647455712 1.6870420063 0.1634730626 0.2641724692 3.2351319094 2.2569212117 0.1269640786 0.0 0.2670060023 0.80919166 0.7090129454 0.650077879 0.0 
3.7125 0.9461691154 0.6814926413 1.0563763135 1.5799949036 0.1290230612 0.3040643476 3.0347299186 2.2184559646 0.1548276734 0.0 0.2881515033 1.2821666706 0.7487160455 0.7053260679 0.0 
3.7375 1.2226371102 0.7434835934 1.0741172009 1.5826210808 0.4057776092 0.3462635599 2.9428159165 2.1226559731 0.1055552212 0.0 0.3071179552 1.0502479298 0.7509449508 0.8587633325 0.0 
3.7625 1.2169115357 0.7946999348 1.3071985206 1.5168213465 0.2512333493 0.4013685379 2.7698476762 2.0168454987 0.132944314 0.0 0.3689989818 1.3307516471 0.7423945472 0.8709422776 0.0 
3.7875 1.0511101251 0.9171603008 1.2899987899 1.5003069009 0.2053151227 0.4600436125 2.6099555097 1.9179732425 0.1368767485 0.3951347645 0.3806723156 1.3132420113 0.7858848817 0.8455367444 0.0 
3.8125 1.0985420346 0.9554681919 1.1890251953 1.44654112 0.3135050354 0.4947658871 2.4025190762 1.8237100506 0.1095993213 0.2523333212 0.4761198424 1.3304847844 0.8232806487 0.8186814421 0.0 
3.8375 1.2729544806 0.9992441101 1.0943383381 1.4066230868 0.2641506333 0.5390573686 2.3929531659 1.7620552342 0.0895596433 0.15849038 0.427672454 1.6641489899 0.8504252771 0.8488040351 0.0 
3.8625 1.4080083425 1.0072102006 0.9759211263 1.3422847315 0.309165853 0.5993375272 2.2031481508 1.7075336289 0.0963504827 0.1340960326 0.4022880979 1.3409603262 0.8745930872 0.9769144302 0.0 
3.8875 1.642453837 1.093825227 0.7280728203 1.2615026038 0.128699741 0.6582889607 2.0822392375 1.5934689451 0.1161974804 0.1323768764 0.4226254351 1.6105853297 0.8558410203 1.1546205332 0.0 
3.9125 1.6239513387 1.1331356435 0.9874398602 1.2294594338 0.1270602761 0.7169372719 1.930832158 1.5496136821 0.1069726515 0.1089088081 0.5179218874 1.1217607235 0.8513065392 1.0508489885 0.0 
3.9375 1.4886963524 1.1885675212 0.8889166021 1.2059316627 0.1146989164 0.8067581931 1.8547770606 1.4903000132 0.0903253967 0.1075302341 0.5582013931 1.0322902476 0.8965631965 1.052362558 0.0 
3.9625 1.6610906675 1.249121306 0.9237457334 1.1300450147 0.1132561819 0.8550841732 1.6908204153 1.4279716932 0.1000429607 0.0849421364 0.5733594208 1.3590741825 0.9613771972 1.1434155362 0.0 
3.9875 1.5284868081 1.4276750257 0.7304582536 1.0564267055 0.1083454826 0.9377204434 1.6319392689 1.372552158 0.0927344131 0.1258205604 0.6463448789 1.5517869119 0.9611655256 1.1435690936 0.0 
4.0125 1.7027892281 1.4547342567 0.6730619584 1.075671898 0.1208059925 1.0158646222 1.6563076843 1.308048936 0.0851394614 0.0828383949 0.6604060925 1.6878322957 0.9626844181 1.1408687828 0.0 
4.0375 1.6613134796 1.5054090956 0.7124784895 1.0016364262 0.1159055916 1.0705939403 1.6894944469 1.281112837 0.1181782503 0.0818157117 0.69816074 2.1067545767 0.9995657817 1.2499622623 0.0 
4.0625 1.6229713334 1.5922927605 0.7306738161 0.9523826248 0.1279520968 1.1800126475 1.5363230713 1.2426268666 0.1144834551 0.0808118506 0.6684935866 2.6263851453 1.0365865778 1.386372193 0.0 
4.0875 1.6209184363 1.6237271413 0.9313074463 0.9243595971 0.1064351367 1.1785523269 1.4018394466 1.2166324536 0.1232873667 0.0798263525 0.6887240305 2.2351378711 1.0323814058 1.3597088716 0.0 
4.1125 1.4545062448 1.6332527953 0.9397337033 0.8884755013 0.1182881585 1.2134515284 1.4431155332 1.1471517458 0.1445744159 0.0788587723 0.7097289508 2.6417688723 1.0708826566 1.3655710738 0.0 
4.1375 1.4845931453 1.6733052769 0.85699546 0.8528114754 0.1655559411 1.2697383239 1.2560610227 1.1022250475 0.1623097462 0.0779086782 0.7401324427 2.697587982 1.022007964 1.3854759936 0.0 
4.1625 1.5502040894 1.7261077075 0.7376833253 0.8336177945 0.0737683325 1.3168728342 1.2499990492 1.0839882278 0.1261545397 0.0577317385 0.8488703772 3.0597821406 1.0452343135 1.3876999366 0.0 
4.1875 1.5549898353 1.7027420398 0.7732694018 0.7824246861 0.088735833 1.371846588 1.2579360706 1.0463128464 0.1542313288 0.0760592854 0.8117215961 3.1849825771 1.0760980382 1.4886492363 0.0 
4.2125 1.5407633151 1.7559412813 0.6639061439 0.7760881884 0.0782908189 1.4305112843 1.1891853446 1.0242434073 0.148230617 0.0563693896 0.8839555388 2.3675143622 1.0978437362 1.5704094385 0.0 
4.2375 1.6773764204 1.7570156944 0.6096737174 0.7815377467 0.0990332942 1.4784570453 1.1199015018 0.9931205457 0.1386466119 0.3342373679 0.8719056276 2.2375334906 1.1162886205 1.6018635335 0.0 
4.2625 1.4803597279 1.7311644751 0.4832579277 0.7362376755 0.0581132951 1.451631596 1.1210768297 0.9552239777 0.1553765995 0.5505470062 0.9542814775 2.706856114 1.1551790253 1.4905550428 0.0 
4.2875 1.7211116499 1.7385780445 0.4836847728 0.7239148766 0.1178981634 1.4817951729 1.0431468267 0.911763711 0.1729173063 0.6711126223 0.9016690306 2.9837304422 1.1528178704 1.5167548334 0.0 
4.3125 1.6454370995 1.7336187164 0.5527951515 0.7103666703 0.0866543751 1.5245149585 0.9773019867 0.8878366012 0.1796833249 0.4661407764 1.0298922281 3.1105932577 1.1601371847 1.5000171137 0.0 
4.3375 1.5733569816 1.7516313897 0.5405337815 0.6893364631 0.2038078193 1.5729806537 0.9696132387 0.868599826 0.1760426961 0.3721708004 1.1283273473 2.9330603556 1.1638859589 1.3984957801 0.0 
4.3625 1.467776559 1.7313534106 0.566476099 0.6880770394 0.1518389544 1.6157395105 0.9702119854 0.8477718212 0.189214697 0.350397587 0.9916251713 2.811940636 1.1800352516 1.4132702677 0.0 
4.3875 1.4645691876 1.6769092669 0.4243594032 0.6681976635 0.1558871277 1.6318666543 0.9834360773 0.8347509777 0.2097740361 0.6408693028 1.0450211154 2.3383069157 1.2123356891 1.4260785387 0.0 
4.4125 1.5907295511 1.7566525377 0.4966272881 0.6682586344 0.1569798899 1.6096390209 1.000485165 0.7991872623 0.1975092433 0.4795022092 1.0503381725 2.380385967 1.2124386724 1.5066263858 0.0 
4.4375 1.49007446 1.7551020133 0.4910472652 0.6226203383 0.1665045325 1.6157357337 0.9452189504 0.8047572737 0.2020631275 0.4571819366 1.1724929337 2.8023559446 1.1918923318 1.4701315442 0.0 
4.4625 1.263202133 1.7239577466 0.5664875545 0.5911066633 0.1339477961 1.6137567449 0.8926132304 0.7791627544 0.214688551 0.5023042355 1.1616250543 2.6622124482 1.2291115921 1.4351018047 0.0 
4.4875 1.4625736755 1.6729144599 0.607106054 0.5701891 0.1462573676 1.6085162473 0.8668738565 0.7696060636 0.2649190054 1.2914801512 1.2061173606 2.6657474916 1.2439746135 1.4861220316 0.0 
4.5125 1.479161775 1.681720214 0.5212544262 0.5466652005 0.1855774921 1.6392597604 0.7812448538 0.7506225461 0.3038376586 0.9333456218 1.1658633031 2.4070492353 1.2631236985 1.4362242376 0.0 
4.5375 1.4701049909 1.7048659429 0.4615445902 0.557572256 0.1781400173 1.6390001211 0.7546658913 0.7421021217 0.3138143334 0.8907000863 1.2041545409 2.2915284038 1.2833118873 1.4834205073 0.0 
4.5625 1.4789546337 1.6423337376 0.4805267763 0.5093583829 0.1948803037 1.6670284635 0.765995276 0.7134576818 0.305757408 0.9610535526 1.281048791 2.2024143913 1.2789052065 1.4608013999 0.0 
4.5875 1.3625373045 1.6582818357 0.5518804198 0.5437239734 0.1874809082 1.6460921537 0.729503177 0.6999600196 0.329895983 0.7604859374 1.2435353383 2.479501025 1.2663812122 1.3896472198 0.0 
4.6125 1.4000479093 1.6533567433 0.5041217285 0.5200841322 0.2141864339 1.644054048 0.7425129708 0.6952719955 0.3162297268 0.7365923702 1.2182506435 2.444859782 1.2680765608 1.3251697251 0.0 
4.6375 1.2885265483 1.574253291 0.4263506961 0.5353931166 0.1886278837 1.6393610139 0.7231596858 0.6850398184 0.3272995243 0.8837087156 1.3298696462 1.8991985555 1.3021850829 1.3743134763 0.0 
4.6625 1.2406615396 1.5682098197 0.4703606936 0.5294398145 0.2198424981 1.6655767555 0.6912257149 0.678864545 0.3125512725 0.6902031917 1.2621345278 2.3696976247 1.2992559088 1.3926766623 0.0 
4.6875 1.2696150312 1.5587208178 0.5564049937 0.5568546139 0.2352075655 1.6419530099 0.6778024469 0.6540924752 0.3409245143 0.5766379026 1.2126256712 2.0713440449 1.2821369537 1.3613375513 0.0 
4.7125 1.1477448783 1.5467864115 0.4228972771 0.5437330145 0.252737426 1.6026314659 0.6619551856 0.6456583946 0.3209681898 0.5705359715 1.1941217789 1.6890867576 1.2760728392 1.4353483914 0.0 
4.7375 1.2561626412 1.5218110526 0.4357778414 0.5171010294 0.2277929625 1.5795112668 0.6437627202 0.6277108361 0.3727221083 0.5496743226 1.3007308295 1.5376024971 1.2713855203 1.4512722656 0.0 
4.7625 1.372046978 1.527981206 0.465515939 0.5181110731 0.2278578017 1.5950300202 0.6451887575 0.6132106256 0.3564055364 0.6468221468 1.3370924479 1.3744970619 1.2962286783 1.4857308705 0.0 
4.7875 1.2866344544 1.4982718136 0.579470417 0.5227356565 0.3200422387 1.5939612102 0.6429939522 0.6084609996 0.3255379135 1.0619583374 1.4101255 1.3019900164 1.2774103414 1.467991723 0.0 
4.8125 1.1853221947 1.4986354297 0.4654909024 0.5356611231 0.2327454512 1.5753961059 0.6014590353 0.5979327507 0.3439193952 0.9501773058 1.3823960062 1.1661266935 1.2680405856 1.4748543367 0.0 
4.8375 1.51980889 1.497117299 0.3942004309 0.5270781664 0.206599021 1.5412269375 0.6494016736 0.5984388228 0.3729864318 0.7836514589 1.316534451 1.2894628551 1.293244787 1.5188590095 0.0 
4.8625 1.2895563372 1.4555429731 0.3360994342 0.5297156894 0.2326842237 1.5453923365 0.5791251789 0.6084296372 0.3917242823 0.9166348205 1.3873307181 1.4384115645 1.2951902029 1.4669290922 0.0 
4.8875 1.4423449257 1.4098792407 0.3001007991 0.5431281645 0.2558999062 1.5073452251 0.6002015981 0.6003463496 0.3740791356 0.7956160719 1.3452580522 1.3330058749 1.2995096973 1.4057434846 0.0 
4.9125 1.5013897994 1.4547208322 0.2694211757 0.570364373 0.3062650971 1.4989471838 0.607003606 0.5807966611 0.3764220642 1.1467670553 1.298134166 1.188216467 1.2483539343 1.4197191068 0.0 
4.9375 1.4421543275 1.4177385078 0.2940535958 0.5355270653 0.2621408024 1.4886693344 0.5978329952 0.5836157613 0.4774761746 0.9163530658 1.2728645571 1.3471757759 1.2871290692 1.4260459651 0.0 
4.9625 1.2290817459 1.3358930114 0.3565390132 0.5630407933 0.2956114603 1.4413202437 0.648991267 0.5820160904 0.4389792576 0.9477619338 1.3238579393 1.3810245321 1.3022215539 1.3762105032 0.0 
4.9875 1.2376417957 1.3316688138 0.3127614646 0.5317937792 0.348505632 1.4406752857 0.5427156081 0.5883357566 0.4843334681 1.0321128332 1.2978111441 1.5548712812 1.2642314846 1.452404668 0.0 
