# Radial distribution function (200 data points):
"Pair separation distance" g(r)
0.0125 0.0 
0.0375 0.0 
0.0625 0.0 
0.0875 0.0 
0.1125 0.0 
0.1375 0.0 
0.1625 0.0 
0.1875 0.0 
0.2125 0.0 
0.2375 0.0 
0.2625 0.0 
0.2875 0.0 
0.3125 0.0 
0.3375 0.0 
0.3625 0.0 
0.3875 0.0 
0.4125 0.0 
0.4375 0.0 
0.4625 0.0 
0.4875 0.0 
0.5125 0.0 
0.5375 0.0 
0.5625 0.0 
0.5875 0.0 
0.6125 0.0 
0.6375 0.0 
0.6625 0.0 
0.6875 0.0 
0.7125 0.0 
0.7375 0.0 
0.7625 0.0 
0.7875 0.0 
0.8125 0.0 
0.8375 0.0 
0.8625 1.7494148664e-04 
0.8875 0.0 
0.9125 0.0 
0.9375 0.0 
0.9625 0.0 
0.9875 0.0 
1.0125 0.0 
1.0375 0.0 
1.0625 0.0 
1.0875 1.1004334134e-04 
1.1125 0.0 
1.1375 0.0 
1.1625 0.0 
1.1875 9.2290744393e-05 
1.2125 0.0 
1.2375 0.0 
1.2625 8.1651555195e-05 
1.2875 0.0 
1.3125 0.0 
1.3375 0.0 
1.3625 0.0 
1.3875 0.0 
1.4125 0.0 
1.4375 0.0 
1.4625 1.8254097072e-04 
1.4875 0.0 
1.5125 0.0 
1.5375 5.5055613712e-05 
1.5625 0.0 
1.5875 0.0 
1.6125 1.0010673004e-04 
1.6375 4.8536714225e-05 
1.6625 4.7087966292e-05 
1.6875 0.0 
1.7125 8.8756986403e-05 
1.7375 4.3110623752e-05 
1.7625 4.1896321427e-05 
1.7875 4.0732610601e-05 
1.8125 1.5846687775e-04 
1.8375 7.709212671e-05 
1.8625 3.7518230064e-05 
1.8875 7.306193191e-05 
1.9125 1.779108187e-04 
1.9375 1.040095536e-04 
1.9625 6.7584361854e-05 
1.9875 1.6473710479e-04 
2.0125 3.5347340861e-04 
2.0375 5.329539233e-04 
2.0625 4.8951744849e-04 
2.0875 7.4666066931e-04 
2.1125 9.9156648425e-04 
2.1375 0.001737617 
2.1625 0.0031727015 
2.1875 0.0066363671 
2.2125 0.0086673802 
2.2375 0.015285799 
2.2625 0.0252215343 
2.2875 0.0338511185 
2.3125 0.0471658305 
2.3375 0.0561189237 
2.3625 0.070280847 
2.3875 0.0900279734 
2.4125 0.1118974517 
2.4375 0.1402374608 
2.4625 0.159425252 
2.4875 0.1811194874 
2.5125 0.2011395588 
2.5375 0.2123351374 
2.5625 0.2198269519 
2.5875 0.2179712187 
2.6125 0.2104061806 
2.6375 0.2141071086 
2.6625 0.203440754 
2.6875 0.1967182528 
2.7125 0.193179601 
2.7375 0.1910914538 
2.7625 0.1937197892 
2.7875 0.202822925 
2.8125 0.2250155833 
2.8375 0.2548683712 
2.8625 0.3033599913 
2.8875 0.3563695908 
2.9125 0.4087343257 
2.9375 0.499905568 
2.9625 0.6084630806 
2.9875 0.6943168915 
3.0125 0.7973838302 
3.0375 0.9058079427 
3.0625 1.0188842748 
3.0875 1.1315938604 
3.1125 1.229213228 
3.1375 1.3208267065 
3.1625 1.3888796194 
3.1875 1.4550277133 
3.2125 1.529234568 
3.2375 1.5810800662 
3.2625 1.6335473029 
3.2875 1.6350491787 
3.3125 1.6578003758 
3.3375 1.6634713724 
3.3625 1.669700435 
3.3875 1.6637015988 
3.4125 1.6511159001 
3.4375 1.6303922467 
3.4625 1.5960671638 
3.4875 1.5780818982 
3.5125 1.5574281543 
3.5375 1.5158883077 
3.5625 1.4711935276 
3.5875 1.4302020296 
3.6125 1.4000835979 
3.6375 1.3885376756 
3.6625 1.3509883571 
3.6875 1.3166233624 
3.7125 1.3131624453 
3.7375 1.2909953598 
3.7625 1.2568329661 
3.7875 1.2405953282 
3.8125 1.2106162328 
3.8375 1.1980404156 
3.8625 1.1897529632 
3.8875 1.1549681346 
3.9125 1.1438773016 
3.9375 1.14730367 
3.9625 1.1464580178 
3.9875 1.1430958836 
4.0125 1.1380226103 
4.0375 1.1473180451 
4.0625 1.1623161508 
4.0875 1.1475964565 
4.1125 1.1336940632 
4.1375 1.1183322747 
4.1625 1.129269261 
4.1875 1.1301876247 
4.2125 1.1402386236 
4.2375 1.1389864229 
4.2625 1.1214889098 
4.2875 1.1111105608 
4.3125 1.1092245671 
4.3375 1.1119429609 
4.3625 1.1102180265 
4.3875 1.1109210675 
4.4125 1.1001598752 
4.4375 1.0984530489 
4.4625 1.0884674103 
4.4875 1.0870955015 
4.5125 1.0882501032 
4.5375 1.0891995457 
4.5625 1.0780648683 
4.5875 1.0679362444 
4.6125 1.0606794053 
4.6375 1.0602883316 
4.6625 1.0590244269 
4.6875 1.0411243104 
4.7125 1.0280794783 
4.7375 1.0156282123 
4.7625 1.0186272586 
4.7875 1.0138653644 
4.8125 1.0035051895 
4.8375 1.0029037625 
4.8625 1.0047441681 
4.8875 0.9907269394 
4.9125 0.9773251867 
4.9375 0.98134964 
4.9625 0.9700758359 
4.9875 0.9627400607 
