# Radial distribution function (200 data points):
# "Pair separation distance" g(r)
0.0125 0.0 
0.0375 0.0 
0.0625 0.0 
0.0875 0.0 
0.1125 0.0 
0.1375 0.0 
0.1625 0.0 
0.1875 0.0 
0.2125 0.0 
0.2375 0.0 
0.2625 0.0 
0.2875 0.0 
0.3125 0.0 
0.3375 0.0 
0.3625 0.0 
0.3875 0.0 
0.4125 0.0 
0.4375 0.0 
0.4625 0.0 
0.4875 0.0 
0.5125 0.0 
0.5375 0.0 
0.5625 0.0 
0.5875 0.0 
0.6125 0.0 
0.6375 0.0 
0.6625 0.0 
0.6875 0.0 
0.7125 0.0 
0.7375 0.0 
0.7625 0.0 
0.7875 0.0 
0.8125 0.0 
0.8375 0.0 
0.8625 0.0 
0.8875 0.0 
0.9125 0.0 
0.9375 0.0 
0.9625 0.0 
0.9875 0.0 
1.0125 0.0 
1.0375 0.0 
1.0625 0.0 
1.0875 0.0 
1.1125 0.0 
1.1375 0.0 
1.1625 0.0 
1.1875 0.0 
1.2125 0.0 
1.2375 0.0 
1.2625 0.0 
1.2875 0.0 
1.3125 0.0 
1.3375 0.0 
1.3625 0.0 
1.3875 0.0 
1.4125 0.0 
1.4375 0.0 
1.4625 0.0 
1.4875 0.0 
1.5125 0.0 
1.5375 0.0 
1.5625 0.0 
1.5875 0.0 
1.6125 0.0 
1.6375 0.0 
1.6625 0.0 
1.6875 0.0 
1.7125 0.0 
1.7375 0.0 
1.7625 0.0 
1.7875 0.0 
1.8125 0.0 
1.8375 0.0 
1.8625 0.0 
1.8875 0.0 
1.9125 0.0 
1.9375 0.0 
1.9625 0.0 
1.9875 0.0 
2.0125 0.0 
2.0375 0.0 
2.0625 0.0 
2.0875 0.0 
2.1125 0.0 
2.1375 0.0 
2.1625 0.0 
2.1875 0.0 
2.2125 0.0 
2.2375 0.0 
2.2625 0.0 
2.2875 0.0 
2.3125 0.0 
2.3375 0.0 
2.3625 0.0 
2.3875 0.0 
2.4125 0.0 
2.4375 0.0 
2.4625 0.0 
2.4875 1.7795038324e-04 
2.5125 0.0015000699 
2.5375 0.0023598926 
2.5625 0.0038567848 
2.5875 0.013189825 
2.6125 0.0270710316 
2.6375 0.0602750409 
2.6625 0.137371004 
2.6875 0.2508114652 
2.7125 0.4203460885 
2.7375 0.6606667149 
2.7625 0.9928251785 
2.7875 1.3263638226 
2.8125 1.6901726463 
2.8375 2.0867700403 
2.8625 2.4452074622 
2.8875 2.7417920669 
2.9125 2.9870140756 
2.9375 3.2077033774 
2.9625 3.3119751678 
2.9875 3.3537458766 
3.0125 3.3686853748 
3.0375 3.3265182989 
3.0625 3.2659961622 
3.0875 3.1585229113 
3.1125 2.9912587966 
3.1375 2.8652790147 
3.1625 2.6741061511 
3.1875 2.4562809497 
3.2125 2.2636214692 
3.2375 2.0567419706 
3.2625 1.8756307932 
3.2875 1.6986083997 
3.3125 1.5420898202 
3.3375 1.3814130945 
3.3625 1.2625479985 
3.3875 1.1568733893 
3.4125 1.0476999862 
3.4375 0.981264986 
3.4625 0.9164304602 
3.4875 0.8426466773 
3.5125 0.7900156018 
3.5375 0.7415633851 
3.5625 0.7249280008 
3.5875 0.7012736545 
3.6125 0.7065016091 
3.6375 0.7316257274 
3.6625 0.7386144468 
3.6875 0.7649111328 
3.7125 0.7913775966 
3.7375 0.8163761899 
3.7625 0.8679594273 
3.7875 0.9032077506 
3.8125 0.9565954649 
3.8375 1.0149351509 
3.8625 1.0833800008 
3.8875 1.1254322646 
3.9125 1.1936298446 
3.9375 1.2160482525 
3.9625 1.2743160687 
3.9875 1.3339401498 
4.0125 1.3975236197 
4.0375 1.4471819408 
4.0625 1.4720579002 
4.0875 1.5004367213 
4.1125 1.5159092162 
4.1375 1.5283264929 
4.1625 1.5641302963 
4.1875 1.5995252782 
4.2125 1.5952277951 
4.2375 1.587878567 
4.2625 1.5948575968 
4.2875 1.6264483788 
4.3125 1.6138505584 
4.3375 1.591157119 
4.3625 1.5972263634 
4.3875 1.5782525854 
4.4125 1.5531353451 
4.4375 1.5205979204 
4.4625 1.4889776153 
4.4875 1.4636084376 
4.5125 1.4385138271 
4.5375 1.4186202427 
4.5625 1.4070412265 
4.5875 1.3835644566 
4.6125 1.3600157675 
4.6375 1.3325821415 
4.6625 1.3064878041 
4.6875 1.2685552241 
4.7125 1.2378074955 
4.7375 1.20364293 
4.7625 1.1802718446 
4.7875 1.1559864751 
4.8125 1.1294973342 
4.8375 1.086628871 
4.8625 1.06291009 
4.8875 1.0457307036 
4.9125 1.0333986616 
4.9375 0.9966555818 
4.9625 0.961474957 
4.9875 0.9401388737 
