# Radial distribution function (200 data points):
"Pair separation distance" Cs-Cs Cs-Gd Cs-I Cs-Sr Gd-Gd Gd-I Gd-Sr I-I I-Sr Sr-Sr
0.0125 0.0 0.0 0.0 0.0 0.0 0.0 0.0 0.0 0.0 0.0 
0.0375 0.0 0.0 0.0 0.0 0.0 0.0 0.0 0.0 0.0 0.0 
0.0625 0.0 0.0 0.0 0.0 0.0 0.0 0.0 0.0 0.0 0.0 
0.0875 0.0 0.0 0.0 0.0 0.0 0.0 0.0 0.0 0.0 0.0 
0.1125 0.0 0.0 0.0 0.0 0.0 0.0 0.0 0.0 0.0 0.0 
0.1375 0.0 0.0 0.0 0.0 0.0 0.0 0.0 0.0 0.0 0.0 
0.1625 0.0 0.0 0.0 0.0 0.0 0.0 0.0 0.0 0.0 0.0 
0.1875 0.0 0.0 0.0 0.0 0.0 0.0 0.0 0.0 0.0 0.0 
0.2125 0.0 0.0 0.0 0.0 0.0 0.0 0.0 0.0 0.0 0.0 
0.2375 0.0 0.0 0.0 0.0 0.0 0.0 0.0 0.0 0.0 0.0 
0.2625 0.0 0.0 0.0 0.0 0.0 0.0 0.0 0.0 0.0 0.0 
0.2875 0.0 0.0 0.0 0.0 0.0 0.0 0.0 0.0 0.0 0.0 
0.3125 0.0 0.0 0.0 0.0 0.0 0.0 0.0 0.0 0.0 0.0 
0.3375 0.0 0.0 0.0 0.0 0.0 0.0 0.0 0.0 0.0 0.0 
0.3625 0.0 0.0 0.0 0.0 0.0 0.0 0.0 0.0 0.0 0.0 
0.3875 0.0 0.0 0.0 0.0 0.0 0.0 0.0 0.0 0.0 0.0 
0.4125 0.0 0.0 0.0 0.0 0.0 0.0 0.0 0.0 0.0 0.0 
0.4375 0.0 0.0 0.0 0.0 0.0 0.0 0.0 0.0 0.0 0.0 
0.4625 0.0 0.0 0.0 0.0 0.0 0.0 0.0 0.0 0.0 0.0 
0.4875 0.0 0.0 0.0 0.0 0.0 0.0 0.0 0.0 0.0 0.0 
0.5125 0.0 0.0 0.0 0.0 0.0 0.0 0.0 0.0 0.0 0.0 
0.5375 0.0 0.0 0.0 0.0 0.0 0.0 0.0 0.0 0.0 0.0 
0.5625 0.0 0.0 0.0 0.0 0.0 0.0 0.0 0.0 0.0 0.0 
0.5875 0.0 0.0 0.0 0.0 0.0 0.0 0.0 0.0 0.0 0.0 
0.6125 0.0 0.0 0.0 0.0 0.0 0.0 0.0 0.0 0.0 0.0 
0.6375 0.0 0.0 0.0 0.0 0.0 0.0 0.0 0.0 0.0 0.0 
0.6625 0.0 0.0 0.0 0.0 0.0 0.0 0.0 0.0 0.0 0.0 
0.6875 0.0 0.0 0.0 0.0 0.0 0.0 0.0 0.0 0.0 0.0 
0.7125 0.0 0.0 0.0 0.0 0.0 0.0 0.0 0.0 0.0 0.0 
0.7375 0.0 0.0 0.0 0.0 0.0 0.0 0.0 0.0 0.0 0.0 
0.7625 0.0 0.0 0.0 0.0 0.0 0.0 0.0 0.0 0.0 0.0 
0.7875 0.0 0.0 0.0 0.0 0.0 0.0 0.0 0.0 0.0 0.0 
0.8125 0.0 0.0 0.0 0.0 0.0 0.0 0.0 0.0 0.0 0.0 
0.8375 0.0 0.0 0.0 0.0 0.0 0.0 0.0 0.0 0.0 0.0 
0.8625 0.0 0.0 0.0 0.0 0.0 0.0 0.0 0.0 0.0 0.0 
0.8875 0.0 0.0 0.0 0.0 0.0 0.0 0.0 0.0 0.0 0.0 
0.9125 0.0 0.0 0.0 0.0 0.0 0.0 0.0 0.0 0.0 0.0 
0.9375 0.0 0.0 0.0 0.0 0.0 0.0 0.0 0.0 0.0 0.0 
0.9625 0.0 0.0 0.0 0.0 0.0 0.0 0.0 0.0 0.0 0.0 
0.9875 0.0 0.0 0.0 0.0 0.0 0.0 0.0 0.0 0.0 0.0 
1.0125 0.0 0.0 0.0 0.0 0.0 0.0 0.0 0.0 0.0 0.0 
1.0375 0.0 0.0 0.0 0.0 0.0 0.0 0.0 0.0 0.0 0.0 
1.0625 0.0 0.0 0.0 0.0 0.0 0.0 0.0 0.0 0.0 0.0 
1.0875 0.0 0.0 0.0 0.0 0.0 0.0 0.0 0.0 0.0 0.0 
1.1125 0.0 0.0 0.0 0.0 0.0 0.0 0.0 0.0 0.0 0.0 
1.1375 0.0 0.0 0.0 0.0 0.0 0.0 0.0 0.0 0.0 0.0 
1.1625 0.0 0.0 0.0 0.0 0.0 0.0 0.0 0.0 0.0 0.0 
1.1875 0.0 0.0 0.0 0.0 0.0 0.0 0.0 0.0 0.0 0.0 
1.2125 0.0 0.0 0.0 0.0 0.0 0.0 0.0 0.0 0.0 0.0 
1.2375 0.0 0.0 0.0 0.0 0.0 0.0 0.0 0.0 0.0 0.0 
1.2625 0.0 0.0 0.0 0.0 0.0 0.0 0.0 0.0 0.0 0.0 
1.2875 0.0 0.0 0.0 0.0 0.0 0.0 0.0 0.0 0.0 0.0 
1.3125 0.0 0.0 0.0 0.0 0.0 0.0 0.0 0.0 0.0 0.0 
1.3375 0.0 0.0 0.0 0.0 0.0 0.0 0.0 0.0 0.0 0.0 
1.3625 0.0 0.0 0.0 0.0 0.0 0.0 0.0 0.0 0.0 0.0 
1.3875 0.0 0.0 0.0 0.0 0.0 0.0 0.0 0.0 0.0 0.0 
1.4125 0.0 0.0 0.0 0.0 0.0 0.0 0.0 0.0 0.0 0.0 
1.4375 0.0 0.0 0.0 0.0 0.0 0.0 0.0 0.0 0.0 0.0 
1.4625 0.0 0.0 0.0 0.0 0.0 0.0 0.0 0.0 0.0 0.0 
1.4875 0.0 0.0 0.0 0.0 0.0 0.0 0.0 0.0 0.0 0.0 
1.5125 0.0 0.0 0.0 0.0 0.0 0.0 0.0 0.0 0.0 0.0 
1.5375 0.0 0.0 0.0 0.0 0.0 0.0 0.0 0.0 0.0 0.0 
1.5625 0.0 0.0 0.0 0.0 0.0 0.0 0.0 0.0 0.0 0.0 
1.5875 0.0 0.0 0.0 0.0 0.0 0.0 0.0 0.0 0.0 0.0 
1.6125 0.0 0.0 0.0 0.0 0.0 0.0 0.0 0.0 0.0 0.0 
1.6375 0.0 0.0 0.0 0.0 0.0 0.0 0.0 0.0 0.0 0.0 
1.6625 0.0 0.0 0.0 0.0 0.0 0.0 0.0 0.0 0.0 0.0 
1.6875 0.0 0.0 0.0 0.0 0.0 0.0 0.0 0.0 0.0 0.0 
1.7125 0.0 0.0 0.0 0.0 0.0 0.0 0.0 0.0 0.0 0.0 
1.7375 0.0 0.0 0.0 0.0 0.0 0.0 0.0 0.0 0.0 0.0 
1.7625 0.0 0.0 0.0 0.0 0.0 0.0 0.0 0.0 0.0 0.0 
1.7875 0.0 0.0 0.0 0.0 0.0 0.0 0.0 0.0 0.0 0.0 
1.8125 0.0 0.0 0.0 0.0 0.0 0.0 0.0 0.0 0.0 0.0 
1.8375 0.0 0.0 0.0 0.0 0.0 0.0 0.0 0.0 0.0 0.0 
1.8625 0.0 0.0 0.0 0.0 0.0 0.0 0.0 0.0 0.0 0.0 
1.8875 0.0 0.0 0.0 0.0 0.0 0.0 0.0 0.0 0.0 0.0 
1.9125 0.0 0.0 0.0 0.0 0.0 0.0 0.0 0.0 0.0 0.0 
1.9375 0.0 0.0 0.0 0.0 0.0 0.0 0.0 0.0 0.0 0.0 
1.9625 0.0 0.0 0.0 0.0 0.0 0.0 0.0 0.0 0.0 0.0 
1.9875 0.0 0.0 0.0 0.0 0.0 0.0 0.0 0.0 0.0 0.0 
2.0125 0.0 0.0 0.0 0.0 0.0 0.0 0.0 0.0 0.0 0.0 
2.0375 0.0 0.0 0.0 0.0 0.0 0.0 0.0 0.0 0.0 0.0 
2.0625 0.0 0.0 0.0 0.0 0.0 0.0 0.0 0.0 0.0 0.0 
2.0875 0.0 0.0 0.0 0.0 0.0 0.0 0.0 0.0 0.0 0.0 
2.1125 0.0 0.0 0.0 0.0 0.0 0.0 0.0 0.0 0.0 0.0 
2.1375 0.0 0.0 0.0 0.0 0.0 0.0 0.0 0.0 0.0 0.0 
2.1625 0.0 0.0 0.0 0.0 0.0 0.0 0.0 0.0 0.0 0.0 
2.1875 0.0 0.0 0.0 0.0 0.0 0.0 0.0 0.0 0.0 0.0 
2.2125 0.0 0.0 0.0 0.0 0.0 0.0 0.0 0.0 0.0 0.0 
2.2375 0.0 0.0 0.0 0.0 0.0 0.0 0.0 0.0 0.0 0.0 
2.2625 0.0 0.0 0.0 0.0 0.0 0.0 0.0 0.0 0.0 0.0 
2.2875 0.0 0.0 0.0 0.0 0.0 0.0 0.0 0.0 0.0 0.0 
2.3125 0.0 0.0 0.0 0.0 0.0 0.0 0.0 0.0 0.0 0.0 
2.3375 0.0 0.0 0.0 0.0 0.0 0.0 0.0 0.0 0.0 0.0 
2.3625 0.0 0.0 0.0 0.0 0.0 0.0 0.0 0.0 0.0 0.0 
2.3875 0.0 0.0 0.0 0.0 0.0 0.0 0.0 0.0 0.0 0.0 
2.4125 0.0 0.0 0.0 0.0 0.0 0.0 0.0 0.0 0.0 0.0 
2.4375 0.0 0.0 0.0 0.0 0.0 0.0 0.0 0.0 0.0 0.0 
2.4625 0.0 0.0 0.0 0.0 0.0 0.0 0.0 0.0 0.0 0.0 
2.4875 0.0 0.0 0.0 0.0 0.0 6.1788327513e-04 0.0 0.0 0.0 0.0 
2.5125 0.0 0.0 0.0 0.0 0.0 0.005208576 0.0 0.0 0.0 0.0 
2.5375 0.0 0.0 0.0 0.0 0.0 0.0081940714 0.0 0.0 0.0 0.0 
2.5625 0.0 0.0 0.0 0.0 0.0 0.0133916138 0.0 0.0 0.0 0.0 
2.5875 0.0 0.0 0.0 0.0 0.0 0.0457980036 0.0 0.0 0.0 0.0 
2.6125 0.0 0.0 0.0 0.0 0.0 0.0939966376 0.0 0.0 0.0 0.0 
2.6375 0.0 0.0 0.0 0.0 0.0 0.2092883364 0.0 0.0 0.0 0.0 
2.6625 0.0 0.0 0.0 0.0 0.0 0.4769826526 0.0 0.0 0.0 0.0 
2.6875 0.0 0.0 0.0 0.0 0.0 0.8708731431 0.0 0.0 0.0 0.0 
2.7125 0.0 0.0 0.0 0.0 0.0 1.4595350297 0.0 0.0 0.0 0.0 
2.7375 0.0 0.0 0.0 0.0 0.0 2.2912266669 0.0 0.0 0.0137749098 0.0 
2.7625 0.0 0.0 0.0 0.0 0.0 3.4399951988 0.0 0.0 0.036572243 0.0 
2.7875 0.0 0.0 0.0 0.0 0.0 4.5940145275 0.0 0.0 0.0570770607 0.0 
2.8125 0.0 0.0 0.0 0.0 0.0 5.8446815998 0.0 0.0 0.1198671097 0.0 
2.8375 0.0 0.0 0.0 0.0 0.0 7.2006180081 0.0 0.0 0.2255564933 0.0 
2.8625 0.0 0.0 0.0 0.0 0.0 8.3995971101 0.0 0.0 0.4535328907 0.0 
2.8875 0.0 0.0 0.0 0.0 0.0 9.3968522866 0.0 0.0 0.6162952838 0.0 
2.9125 0.0 0.0 0.0 0.0 0.0 10.1716396028 0.0 0.0 0.9996852435 0.0 
2.9375 0.0 0.0 0.0 0.0 0.0 10.8579237414 0.0 0.0 1.3996760399 0.0 
2.9625 0.0 0.0 0.0 0.0 0.0 11.1102870237 0.0 0.0 1.9481337661 0.0 
2.9875 0.0 0.0 0.0 0.0 0.0 11.1417888747 0.0 0.0 2.5158104277 0.0 
3.0125 0.0 0.0 0.0 0.0 0.0 11.0552017343 0.0 0.0 3.208112418 0.0 
3.0375 0.0 0.0 0.0041438235 0.0 0.0 10.7510672061 0.0 0.0 3.9925739466 0.0 
3.0625 0.0 0.0 0.0065223132 0.0 0.0 10.4290157676 0.0 0.0 4.5497211097 0.0 
3.0875 0.0 0.0 0.0076203263 0.0 0.0 9.909793217 0.0 0.0 5.2788807985 0.0 
3.1125 0.0 0.0 0.0055251396 0.0 0.0 9.1928851142 0.0 3.5080251377e-04 5.9584683971 0.0 
3.1375 0.0 0.0 0.0248568723 0.0 0.0 8.6501138889 0.0 0.0010788573 6.459291305 0.0 
3.1625 0.0 0.0 0.0393740573 0.0 0.0 7.8942308985 0.0 0.0018688873 6.898105476 0.0 
3.1875 0.0 0.0 0.0500478358 0.0 0.0 7.0704421486 0.0 0.0013797649 7.2290900251 0.0 
3.2125 0.0 0.0 0.0718703136 0.0 0.0 6.3566699106 0.0 0.0027167472 7.4193132482 0.0 
3.2375 0.0 0.0 0.1039583606 0.0 0.0 5.5751592097 0.0 0.0063631433 7.6703031798 0.0 
3.2625 0.0 0.0 0.1605612097 0.0 0.0 4.965184792 0.0 0.0064256413 7.5187186622 0.0 
3.2875 0.0 0.0 0.2377233991 0.0 0.0 4.3459516411 0.0 0.0090011009 7.4412376494 0.0 
3.3125 0.0 0.0 0.2996545595 0.0 0.0 3.8250556081 0.0 0.0142471418 7.2192358346 0.0 
3.3375 0.0 0.0 0.4012418333 0.0 0.0 3.2925170316 0.0 0.0223484188 6.9179034642 0.0 
3.3625 0.0 0.0 0.5643727346 0.0 0.0 2.9009231967 0.0 0.030621382 6.5746549299 0.0 
3.3875 0.0 0.0 0.6930092482 0.0 0.0 2.5359474 0.0 0.0486809381 6.2737327616 0.0 
3.4125 0.0 0.0 0.7249166601 0.0 0.0 2.2325988551 0.0 0.0632551071 5.7320289713 0.0 
3.4375 0.0 0.0 0.9011023989 0.0 0.0 2.0083097272 0.0 0.0794149292 5.3784650548 0.0 
3.4625 0.0 0.0 1.0919143648 0.0 0.0105619754 1.7635182353 0.0 0.107044175 5.0300132233 0.0 
3.4875 0.0 0.0 1.1388704276 0.0 0.0076951554 1.5155181081 0.0 0.1366001853 4.6780760981 0.0 
3.5125 0.0 0.0 1.2339655375 0.0 0.021865547 1.3286046825 0.0 0.1683024596 4.3086531476 0.0 
3.5375 0.0 0.0 1.4967491119 0.0 0.0400355182 1.1158250881 0.0131985225 0.2086371378 3.889286833 0.0 
3.5625 0.0 0.0 1.6077626999 0.0 0.0537909139 0.9977949437 0.0075914596 0.2559941942 3.6405868892 0.1735190772 
3.5875 0.0 0.0 1.650787205 0.0 0.0637381506 0.8718841905 0.0245969373 0.3134690198 3.2825622846 0.3529125787 
3.6125 0.0 0.0 1.7788961385 0.0 0.0696089793 0.7741948181 0.0137108596 0.3896462227 3.0518381216 0.1792958559 
3.6375 0.0 0.0 1.8663532413 0.0 0.1331499572 0.7186861405 0.0395288935 0.4708343274 2.8909837713 0.3640819142 
3.6625 0.0 0.0 1.9737816135 0.0 0.2146562323 0.6271637635 0.0554083965 0.5574408979 2.5241602843 0.2873027966 
3.6875 0.0 0.0 2.0831960702 0.0 0.2720835704 0.5319193313 0.0293542542 0.6674687548 2.3252843164 0.2631760726 
3.7125 0.0 0.0 2.1431689681 0.0 0.3654982439 0.485944007 0.0479341959 0.7508211244 2.1331826773 0.3095750153 
3.7375 0.0 0.0118237707 2.1520904883 0.0 0.4552151723 0.4360562846 0.0650307389 0.8390376386 1.9391531361 0.4630976861 
3.7625 0.0 0.0087503751 2.2178419815 0.0 0.5335784274 0.4008427994 0.0797256397 0.9552492801 1.8437904539 0.3791829204 
3.7875 0.0 0.0134325959 2.2462285422 0.0 0.6681757006 0.3669444064 0.1256907191 1.0563658777 1.5767309036 0.4701408577 
3.8125 0.0 0.0189385842 2.2842036868 0.0 0.7404986434 0.3281109718 0.1552963907 1.1757996638 1.5211365639 0.6060346954 
3.8375 0.0 0.0149541057 2.3866856475 0.0 0.9544457935 0.303962967 0.1775800047 1.2884935134 1.3783219953 0.8224758111 
3.8625 0.0 0.0239868722 2.3310319435 0.0 0.9299525854 0.300399697 0.2186495662 1.4429140123 1.2485474526 0.99637777 
3.8875 0.0 0.0346082844 2.2414429802 0.0 1.0535490364 0.2648242113 0.3114745595 1.5441894923 1.2234332113 0.874314553 
3.9125 0.0 0.0386631338 2.3677422996 0.0 1.1422708167 0.2506609886 0.337178492 1.6691584165 1.1464068729 1.26779113 
3.9375 0.0 0.0319594049 2.2776007964 0.0 1.1395303352 0.2377227336 0.4314519655 1.7419574446 1.0063760123 1.5003165055 
3.9625 0.0 0.0262978376 2.2399426655 0.0 1.3138399654 0.233953355 0.4269015633 1.8557290941 0.9233462972 1.8233167387 
3.9875 0.0 0.023372207 2.1696237034 0.0 1.4625807773 0.2147742316 0.4735036015 1.9743209675 0.9406591962 1.8697765619 
4.0125 0.0 0.0393246722 2.1132261943 0.0 1.5538374819 0.2027500309 0.6360338284 2.1089781588 0.8408735762 1.7012195141 
4.0375 0.0 0.0295515566 2.0730651457 0.0 1.6805548046 0.1850021255 0.7159919987 2.2085228097 0.832603379 1.5535675444 
4.0625 0.0 0.0250191132 2.0339612358 0.0 1.7900341489 0.1771260548 0.8381402906 2.2560444747 0.8087196668 1.4761276759 
4.0875 0.0 0.0247140058 2.0702556542 0.0 2.025889437 0.1629293717 0.878994807 2.3026486718 0.7043491659 2.8173966634 
4.1125 0.0 0.0374354836 2.0600818944 0.0 2.0833660418 0.1546700354 0.9676258686 2.3365528872 0.6582857979 2.5635168093 
4.1375 0.0 0.0619087685 1.8956768665 0.0 2.1142246463 0.1529405653 1.0468209954 2.3749065195 0.6257877686 3.489403318 
4.1625 0.0 0.06434488 1.8826835265 0.0 2.2909954812 0.1434299452 1.2193751955 2.4384561756 0.5644519996 3.4952774332 
4.1875 0.0 0.086341687 1.8273476746 0.0 2.4376613027 0.149266462 1.3241675096 2.4996693635 0.5082385669 3.8147327187 
4.2125 0.0 0.1116915106 1.7296671434 0.0 2.3858547681 0.1530156459 1.358913379 2.5054462698 0.4927439906 3.3507453181 
4.2375 0.0 0.1602006888 1.6137174647 0.0 2.4798146814 0.1427412836 1.3797188509 2.4977595433 0.505896912 3.7559013165 
4.2625 0.0 0.140145925 1.5843223268 0.0 2.4595988618 0.1364423691 1.4787288956 2.514817385 0.5115536693 4.2952832162 
4.2875 0.0 0.2074001411 1.5914820295 0.0 2.4489688865 0.1294898996 1.4278414047 2.5790060111 0.5087251757 4.4400102412 
4.3125 0.0 0.2538478344 1.6594264002 0.0 2.4994020589 0.1301309355 1.5919145531 2.5295928014 0.5571166433 4.9067380228 
4.3375 0.0 0.313845488 1.543419115 0.0 2.4305833316 0.1265623996 1.6197060848 2.5145391899 0.4704430877 4.3821316387 
4.3625 0.0 0.3124283631 1.550088252 0.0 2.4806233457 0.1302186632 1.7819988116 2.5198867124 0.4126336534 4.7659789646 
4.3875 0.0 0.265978346 1.4357507938 0.0 2.3912311298 0.1324727873 1.8296736219 2.4977619364 0.4234362557 5.619865052 
4.4125 0.0706916594 0.4156669575 1.3521743524 0.0 2.4908913118 0.1353745278 1.9404860514 2.4385786111 0.4412337743 5.7755085757 
4.4375 0.0768871175 0.3683591901 1.2635892944 0.0 2.5065200299 0.1272520626 2.0640696175 2.3906198195 0.4232674649 5.1164881815 
4.4625 0.0622047703 0.4105514837 1.2544628668 0.0 2.5058846114 0.1380408328 2.1460645737 2.3244019809 0.3931955848 5.066232955 
4.4875 0.0410090755 0.3848018254 1.2583710768 0.0 2.4181684868 0.1475947005 2.3183797364 2.2724596975 0.3723092459 5.6797569603 
4.5125 0.0337966177 0.4136706003 1.2134863334 0.0 2.4276786406 0.1328582592 2.2522066016 2.2332053921 0.3997388835 6.1374657692 
4.5375 0.03342523 0.468621725 1.1897524932 0.0 2.4507378655 0.1357064339 2.3497936709 2.1914364854 0.3923750614 5.7424545186 
4.5625 0.0330599306 0.544166458 1.2123811224 0.0 2.4961570017 0.1333784534 2.4742052078 2.157935953 0.3915765116 5.8582197062 
4.5875 0.0261604697 0.5742223096 1.1474272676 0.0588610568 2.5320718609 0.1407941945 2.4499279861 2.1118321752 0.3944054145 5.958046971 
4.6125 0.0258776566 0.5621920889 1.1828245522 0.0355817778 2.4304295048 0.1467838186 2.3574545132 2.0730678532 0.3646233693 6.1524128488 
4.6375 0.0191995537 0.5926262232 1.1411290277 0.0255994049 2.3753687798 0.1668227885 2.4268235836 2.0123976622 0.3937686238 5.9134625297 
4.6625 0.0316570214 0.6325072868 1.1094027263 0.0918053619 2.3993489629 0.1662697111 2.322359087 1.9631261517 0.4046822564 6.3187414634 
4.6875 0.0187921486 0.7303881771 1.0619303994 0.0532444211 2.3014118032 0.1699993446 2.2018134154 1.9028597175 0.3951571255 6.2828416946 
4.7125 0.0247910557 0.7778193731 1.1030298193 0.1921306818 2.2257409823 0.1638619919 2.2008259713 1.8444851516 0.4090524193 6.2473460407 
4.7375 0.0183975747 0.8646860129 1.1079428346 0.1533131229 2.0136758809 0.1788312404 2.3358787399 1.7827666333 0.3807275884 6.2061152135 
4.7625 0.0182049318 1.0570997037 1.1204461236 0.2821764421 2.0151645787 0.1814424865 2.1506092709 1.7342070429 0.3752238711 6.2442915907 
4.7875 0.1201019918 0.9920424522 1.039382654 0.2912473301 1.9259555404 0.1992024981 2.1600343224 1.6902687262 0.4215246295 6.0231148885 
4.8125 0.1248002939 0.9669051342 1.0537040688 0.2436577167 1.8235105801 0.2087268408 2.1810337077 1.6418282051 0.3980072865 6.4717866695 
4.8375 0.2587906187 1.0016373265 0.9732422448 0.2764354336 1.7691867752 0.2016083482 2.1450213329 1.5811351635 0.3707044911 5.6757487969 
4.8625 0.1921022845 1.0728621526 0.9978646446 0.2736002234 1.7084296503 0.2025805909 2.0601514694 1.535973831 0.3817790351 5.7514259727 
4.8875 0.1382851449 1.1414286334 0.9271826902 0.3197843975 1.5766811269 0.2085480831 1.9261968306 1.5213144296 0.3884468132 4.9033607624 
4.9125 0.2338387968 1.0996126835 0.9225225703 0.3650166584 1.5474424962 0.2347576755 2.0452339642 1.481665565 0.3922661659 5.1273433736 
4.9375 0.4516620662 1.2211813115 0.8892096928 0.2851116793 1.3992490811 0.2299399033 1.9658591432 1.4288343405 0.3842264105 4.8610129875 
4.9625 0.3465201602 1.201642491 0.883067505 0.3381366079 1.2745235054 0.2323796487 1.784578825 1.3706762948 0.4211958757 5.2928159954 
4.9875 0.9295683536 1.2045656582 0.871316633 0.3485881326 1.1566486228 0.2373411792 1.6770962379 1.3359983441 0.4567918563 4.8304355515 
