# Radial distribution function (200 data points):
"Pair separation distance" Cs-Cs Cs-Gd Cs-I Cs-Sr Gd-Gd Gd-I Gd-Sr I-I I-Sr Sr-Sr
0.0125 0.0 0.0 0.0 0.0 0.0 0.0 0.0 0.0 0.0 0.0 
0.0375 0.0 0.0 0.0 0.0 0.0 0.0 0.0 0.0 0.0 0.0 
0.0625 0.0 0.0 0.0 0.0 0.0 0.0 0.0 0.0 0.0 0.0 
0.0875 0.0 0.0 0.0 0.0 0.0 0.0 0.0 0.0 0.0 0.0 
0.1125 0.0 0.0 0.0 0.0 0.0 0.0 0.0 0.0 0.0 0.0 
0.1375 0.0 0.0 0.0 0.0 0.0 0.0 0.0 0.0 0.0 0.0 
0.1625 0.0 0.0 0.0 0.0 0.0 0.0 0.0 0.0 0.0 0.0 
0.1875 0.0 0.0 0.0 0.0 0.0 0.0 0.0 0.0 0.0 0.0 
0.2125 0.0 0.0 0.0 0.0 0.0 0.0 0.0 0.0 0.0 0.0 
0.2375 0.0 0.0 0.0 0.0 0.0 0.0 0.0 0.0 0.0 0.0 
0.2625 0.0 0.0 0.0 0.0 0.0 0.0 0.0 0.0 0.0 0.0 
0.2875 0.0 0.0 0.0 0.0 0.0 0.0 0.0 0.0 0.0 0.0 
0.3125 0.0 0.0 0.0 0.0 0.0 0.0 0.0 0.0 0.0 0.0 
0.3375 0.0 0.0 0.0 0.0 0.0 0.0 0.0 0.0 0.0 0.0 
0.3625 0.0 0.0 0.0 0.0 0.0 0.0 0.0 0.0 0.0 0.0 
0.3875 0.0 0.0 0.0 0.0 0.0 0.0 0.0 0.0 0.0 0.0 
0.4125 0.0 0.0 0.0 0.0 0.0 0.0 0.0 0.0 0.0 0.0 
0.4375 0.0 0.0 0.0 0.0 0.0 0.0 0.0 0.0 0.0 0.0 
0.4625 0.0 0.0 0.0 0.0 0.0 0.0 0.0 0.0 0.0 0.0 
0.4875 0.0 0.0 0.0 0.0 0.0 0.0 0.0 0.0 0.0 0.0 
0.5125 0.0 0.0 0.0 0.0 0.0 0.0 0.0 0.0 0.0 0.0 
0.5375 0.0 0.0 0.0 0.0 0.0 0.0 0.0 0.0 0.0 0.0 
0.5625 0.0 0.0 0.0 0.0 0.0 0.0 0.0 0.0 0.0 0.0 
0.5875 0.0 0.0 0.0 0.0 0.0 0.0 0.0 0.0 0.0 0.0 
0.6125 0.0 0.0 0.0 0.0 0.0 0.0 0.0 0.0 0.0 0.0 
0.6375 0.0 0.0 0.0 0.0 0.0 0.0 0.0 0.0 0.0 0.0 
0.6625 0.0 0.0 0.0 0.0 0.0 0.0 0.0 0.0 0.0 0.0 
0.6875 0.0 0.0 0.0 0.0 0.0 0.0 0.0 0.0 0.0 0.0 
0.7125 0.0 0.0 0.0 0.0 0.0 0.0 0.0 0.0 0.0 0.0 
0.7375 0.0 0.0 0.0 0.0 0.0 0.0 0.0 0.0 0.0 0.0 
0.7625 0.0 0.0 0.0 0.0 0.0 0.0 0.0 0.0 0.0 0.0 
0.7875 0.0 0.0 0.0 0.0 0.0 0.0 0.0 0.0 0.0 0.0 
0.8125 0.0 0.0 0.0 0.0 0.0 0.0 0.0 0.0 0.0 0.0 
0.8375 0.0 0.0 0.0 0.0 0.0 0.0 0.0 0.0 0.0 0.0 
0.8625 0.0 0.0 0.0 0.0 0.0 0.0 0.0 0.0 0.0 0.0 
0.8875 0.0 0.0 0.0 0.0 0.0 0.0 0.0 0.0 0.0 0.0 
0.9125 0.0 0.0 0.0 0.0 0.0 0.0 0.0 0.0 0.0 0.0 
0.9375 0.0 0.0 0.0 0.0 0.0 0.0 0.0 0.0 0.0 0.0 
0.9625 0.0 0.0 0.0 0.0 0.0 0.0 0.0 0.0 0.0 0.0 
0.9875 0.0 0.0 0.0 0.0 0.0 0.0 0.0 0.0 0.0 0.0 
1.0125 0.0 0.0 0.0 0.0 0.0 0.0 0.0 0.0 0.0 0.0 
1.0375 0.0 0.0 0.0 0.0 0.0 0.0 0.0 0.0 0.0 0.0 
1.0625 0.0 0.0 0.0 0.0 0.0 0.0 0.0 0.0 0.0 0.0 
1.0875 0.0 0.0 0.0 0.0 0.0 0.0 0.0 0.0 0.0 0.0 
1.1125 0.0 0.0 0.0 0.0 0.0 0.0 0.0 0.0 0.0 0.0 
1.1375 0.0 0.0 0.0 0.0 0.0 0.0 0.0 0.0 0.0 0.0 
1.1625 0.0 0.0 0.0 0.0 0.0 0.0 0.0 0.0 0.0 0.0 
1.1875 0.0 0.0 0.0 0.0 0.0 0.0 0.0 0.0 0.0 0.0 
1.2125 0.0 0.0 0.0 0.0 0.0 0.0 0.0 0.0 0.0 0.0 
1.2375 0.0 0.0 0.0 0.0 0.0 0.0 0.0 0.0 0.0 0.0 
1.2625 0.0 0.0 0.0 0.0 0.0 0.0 0.0 0.0 0.0 0.0 
1.2875 0.0 0.0 0.0 0.0 0.0 0.0 0.0 0.0 0.0 0.0 
1.3125 0.0 0.0 0.0 0.0 0.0 0.0 0.0 0.0 0.0 0.0 
1.3375 0.0 0.0 0.0 0.0 0.0 0.0 0.0 0.0 0.0 0.0 
1.3625 0.0 0.0 0.0 0.0 0.0 0.0 0.0 0.0 0.0 0.0 
1.3875 0.0 0.0 0.0 0.0 0.0 0.0 0.0 0.0 0.0 0.0 
1.4125 0.0 0.0 0.0 0.0 0.0 0.0 0.0 0.0 0.0 0.0 
1.4375 0.0 0.0 0.0 0.0 0.0 0.0 0.0 0.0 0.0 0.0 
1.4625 0.0 0.0 0.0 0.0 0.0 0.0 0.0 0.0 0.0 0.0 
1.4875 0.0 0.0 0.0 0.0 0.0 0.0 0.0 0.0 0.0 0.0 
1.5125 0.0 0.0 0.0 0.0 0.0 0.0 0.0 0.0 0.0 0.0 
1.5375 0.0 0.0 0.0 0.0 0.0 0.0 0.0 0.0 0.0 0.0 
1.5625 0.0 0.0 0.0 0.0 0.0 0.0 0.0 0.0 0.0 0.0 
1.5875 0.0 0.0 0.0 0.0 0.0 0.0 0.0 0.0 0.0 0.0 
1.6125 0.0 0.0 0.0 0.0 0.0 0.0 0.0 0.0 0.0 0.0 
1.6375 0.0 0.0 0.0 0.0 0.0 0.0 0.0 0.0 0.0 0.0 
1.6625 0.0 0.0 0.0 0.0 0.0 0.0 0.0 0.0 0.0 0.0 
1.6875 0.0 0.0 0.0 0.0 0.0 0.0 0.0 0.0 0.0 0.0 
1.7125 0.0 0.0 0.0 0.0 0.0 0.0 0.0 0.0 0.0 0.0 
1.7375 0.0 0.0 0.0 0.0 0.0 0.0 0.0 0.0 0.0 0.0 
1.7625 0.0 0.0 0.0 0.0 0.0 0.0 0.0 0.0 0.0 0.0 
1.7875 0.0 0.0 0.0 0.0 0.0 0.0 0.0 0.0 0.0 0.0 
1.8125 0.0 0.0 0.0 0.0 0.0 0.0 0.0 0.0 0.0 0.0 
1.8375 0.0 0.0 0.0 0.0 0.0 0.0 0.0 0.0 0.0 0.0 
1.8625 0.0 0.0 0.0 0.0 0.0 0.0 0.0 0.0 0.0 0.0 
1.8875 0.0 0.0 0.0 0.0 0.0 0.0 0.0 0.0 0.0 0.0 
1.9125 0.0 0.0 0.0 0.0 0.0 0.0 0.0 0.0 0.0 0.0 
1.9375 0.0 0.0 0.0 0.0 0.0 0.0 0.0 0.0 0.0 0.0 
1.9625 0.0 0.0 0.0 0.0 0.0 0.0 0.0 0.0 0.0 0.0 
1.9875 0.0 0.0 0.0 0.0 0.0 0.0 0.0 0.0 0.0 0.0 
2.0125 0.0 0.0 0.0 0.0 0.0 0.0 0.0 0.0 0.0 0.0 
2.0375 0.0 0.0 0.0 0.0 0.0 0.0 0.0 0.0 0.0 0.0 
2.0625 0.0 0.0 0.0 0.0 0.0 0.0 0.0 0.0 0.0 0.0 
2.0875 0.0 0.0 0.0 0.0 0.0 0.0 0.0 0.0 0.0 0.0 
2.1125 0.0 0.0 0.0 0.0 0.0 0.0 0.0 0.0 0.0 0.0 
2.1375 0.0 0.0 0.0 0.0 0.0 0.0 0.0 0.0 0.0 0.0 
2.1625 0.0 0.0 0.0 0.0 0.0 0.0 0.0 0.0 0.0 0.0 
2.1875 0.0 0.0 0.0 0.0 0.0 0.0 0.0 0.0 0.0 0.0 
2.2125 0.0 0.0 0.0 0.0 0.0 0.0 0.0 0.0 0.0 0.0 
2.2375 0.0 0.0 0.0 0.0 0.0 0.0 0.0 0.0 0.0 0.0 
2.2625 0.0 0.0 0.0 0.0 0.0 0.0 0.0 0.0 0.0 0.0 
2.2875 0.0 0.0 0.0 0.0 0.0 0.0 0.0 0.0 0.0 0.0 
2.3125 0.0 0.0 0.0 0.0 0.0 0.0 0.0 0.0 0.0 0.0 
2.3375 0.0 0.0 0.0 0.0 0.0 0.0 0.0 0.0 0.0 0.0 
2.3625 0.0 0.0 0.0 0.0 0.0 0.0 0.0 0.0 0.0 0.0 
2.3875 0.0 0.0 0.0 0.0 0.0 0.0 0.0 0.0 0.0 0.0 
2.4125 0.0 0.0 0.0 0.0 0.0 0.0 0.0 0.0 0.0 0.0 
2.4375 0.0 0.0 0.0 0.0 0.0 0.0 0.0 0.0 0.0 0.0 
2.4625 0.0 0.0 0.0 0.0 0.0 0.0 0.0 0.0 0.0 0.0 
2.4875 0.0 0.0 0.0 0.0 0.0 0.0 0.0 0.0 0.0 0.0 
2.5125 0.0 0.0 0.0 0.0 0.0 5.7339535426e-04 0.0 0.0 0.0 0.0 
2.5375 0.0 0.0 0.0 0.0 0.0 0.0020879956 0.0 0.0 0.0 0.0 
2.5625 0.0 0.0 0.0 0.0 0.0 0.0081898133 0.0 0.0 0.0 0.0 
2.5875 0.0 0.0 0.0 0.0 0.0 0.0245603685 0.0 0.0 0.0 0.0 
2.6125 0.0 0.0 0.0 0.0 0.0 0.067201592 0.0 0.0 0.0 0.0 
2.6375 0.0 0.0 0.0 0.0 0.0 0.1858333579 0.0 0.0 0.0 0.0 
2.6625 0.0 0.0 0.0 0.0 0.0 0.3979093875 0.0 0.0 0.0 0.0 
2.6875 0.0 0.0 0.0 0.0 0.0 0.7182229854 0.0 0.0 0.0 0.0 
2.7125 0.0 0.0 0.0 0.0 0.0 1.2402943949 0.0 0.0 0.002811184 0.0 
2.7375 0.0 0.0 0.0 0.0 0.0 1.90403637 0.0 0.0 0.0086252282 0.0 
2.7625 0.0 0.0 0.0 0.0 0.0 2.7682091582 0.0 0.0 0.0274422262 0.0 
2.7875 0.0 0.0 0.0 0.0 0.0 3.7933390825 0.0 0.0 0.0482477647 0.0 
2.8125 0.0 0.0 0.0 0.0 0.0 4.8809776397 0.0 0.0 0.0954413971 0.0 
2.8375 0.0 0.0 0.0 0.0 0.0 6.0014110352 0.0 0.0 0.1361548654 0.0 
2.8625 0.0 0.0 0.0 0.0 0.0 7.1590567587 0.0 0.0 0.2956566815 0.0 
2.8875 0.0 0.0 0.0 0.0 0.0 8.2804743324 0.0 0.0 0.5501090314 0.0 
2.9125 0.0 0.0 0.0 0.0 0.0 9.1954104159 0.0 0.0 0.7622913916 0.0 
2.9375 0.0 0.0 0.0 0.0 0.0 9.6645254172 0.0 0.0 1.010348154 0.0 
2.9625 0.0 0.0 0.0 0.0 0.0 10.0202306095 0.0 0.0 1.3795794632 0.0 
2.9875 0.0 0.0 0.0 0.0 0.0 10.2050800302 0.0 0.0 1.9150964585 0.0 
3.0125 0.0 0.0 0.0 0.0 0.0 10.1036401799 0.0 0.0 2.5110670009 0.0 
3.0375 0.0 0.0 0.0011208999 0.0 0.0 9.8577540425 0.0 0.0 2.9914015693 0.0 
3.0625 0.0 0.0 0.0046863657 0.0 0.0 9.3255368861 0.0 0.0 3.5677026197 0.0 
3.0875 0.0 0.0 0.0103064512 0.0 0.0 8.8061573366 0.0 0.0 4.2834153459 0.0 
3.1125 0.0 0.0 0.0138779126 0.0 0.0 8.2139628081 0.0 0.0 4.909578451 0.0 
3.1375 0.0 0.0 0.0181226283 0.0 0.0 7.596743122 0.0 0.0 5.405533512 0.0 
3.1625 0.0 0.0 0.0351574556 0.0 0.0 6.9750840793 0.0 0.001120213 6.092838753 0.0 
3.1875 0.0 0.0 0.0539479698 0.0 0.0 6.2374031994 0.0 0.0015268293 6.2686523065 0.0 
3.2125 0.0 0.0 0.0721515859 0.0 0.0 5.5446990631 0.0 0.0047321642 6.5682995832 0.0 
3.2375 0.0 0.0 0.1156892455 0.0 0.0 4.9123281679 0.0 0.0047141792 6.721076487 0.0 
3.2625 0.0 0.0 0.1649333449 0.0 0.0 4.3709036747 0.0 0.007260198 6.6177379219 0.0 
3.2875 0.0 0.0 0.1909022881 0.0 0.0 3.8404851533 0.0 0.0093563917 6.6710541421 0.0 
3.3125 0.0 0.0 0.2363354967 0.0 0.0 3.3275472429 0.0 0.0148969644 6.4512757374 0.0 
3.3375 0.0 0.0 0.3523457606 0.0 0.0 2.9290192045 0.0 0.0206063726 6.1843876444 0.0 
3.3625 0.0 0.0 0.4719814874 0.0 0.0019757365 2.5650730334 0.0 0.0340214907 6.0390305726 0.0 
3.3875 0.0 0.0 0.5495321172 0.0 0.0032444701 2.2527437147 0.0 0.0491677408 5.7156747634 0.0 
3.4125 0.0 0.0 0.6749446813 0.0 0.0044759489 1.9360699375 0.003996383 0.0696406738 5.4708262805 0.0 
3.4375 0.0 0.0 0.8393307393 0.0 0.0081920081 1.6815934474 0.0299323371 0.0904874583 5.1528255765 0.0 
3.4625 0.0 0.0 0.9654893816 0.0 0.005279245 1.4714170317 0.0209617083 0.114752653 4.7979021135 0.0 
3.4875 0.0 0.0 1.0705261673 0.0 0.014693163 1.2804649367 0.0145401092 0.1459207189 4.280829221 0.0 
3.5125 0.0 0.0 1.2843901918 0.0 0.0102600332 1.0834645406 0.0128250416 0.1902101752 4.0449175202 0.0 
3.5375 0.0 0.0 1.4200168493 0.0 0.0422472058 0.9603140282 0.0096692548 0.2456339668 3.7146054028 0.0 
3.5625 0.0 0.0 1.3742845586 0.0 0.0756854728 0.8295007213 0.032269 0.3003036077 3.4367299887 0.0 
3.5875 0.0 0.0 1.459659892 0.0 0.0954624801 0.7113481527 0.0318208267 0.3556629158 3.2911654294 0.0 
3.6125 0.0 0.0 1.621597616 0.0 0.1052720964 0.6537504964 0.0356612793 0.4124601172 3.0357654576 0.0 
3.6375 0.0 0.0 1.7414432352 0.0 0.1651713575 0.57632548 0.066828275 0.4920280595 2.8126496776 0.0 
3.6625 0.0 0.0 1.897389576 0.0 0.2026143765 0.519372811 0.0895111458 0.5826491129 2.4561596269 0.0 
3.6875 0.0 0.0 1.9713835365 0.0 0.2768151049 0.468545844 0.0759804071 0.6741349158 2.2476586405 0.0 
3.7125 0.0 0.0 2.0034501703 0.0 0.3098369454 0.4480750072 0.1087265654 0.7591725505 2.0244601346 0.0 
3.7375 0.0 0.0 2.0964897182 0.0 0.3981905288 0.3778012548 0.1352621776 0.8663755123 1.8242255374 0.0 
3.7625 0.0 0.0 2.0690873238 0.0 0.4047513958 0.3512462478 0.158455306 0.9736547287 1.7118506034 0.0 
3.7875 0.0 0.0136256363 2.1090899013 0.0 0.5071332081 0.3150117356 0.1764844327 1.1064921886 1.5588376821 0.0 
3.8125 0.0 0.0108860925 2.201409813 0.0 0.5330343166 0.2869872812 0.2542222774 1.2161868208 1.4594834773 0.0 
3.8375 0.0 0.0233855598 2.2033691838 0.0 0.6343175081 0.2601906877 0.2698820007 1.3045428136 1.3104340708 0.0 
3.8625 0.0 0.0155971722 2.1641942921 0.0 0.7519084769 0.2399884894 0.4180042147 1.3988737876 1.271862741 0.0 
3.8875 0.0 0.0375691953 2.1682694971 0.0 0.7996695608 0.2279129418 0.4723864396 1.5350829477 1.1327215039 0.0 
3.9125 0.0 0.0334423563 2.2480695076 0.0 0.9054974004 0.2084235742 0.5478466007 1.6557156723 1.060528057 0.0 
3.9375 0.0 0.0402231954 2.1018787535 0.0 1.0434016967 0.1968468487 0.6375676651 1.7437648331 0.9800651725 0.0 
3.9625 0.0 0.0438668134 2.1139720383 0.0 1.1718367137 0.1844909076 0.6858635562 1.8388713514 0.9718541027 0.0 
3.9875 0.0 0.0333669415 2.13698024 0.0 1.1520375593 0.1728836852 0.7094865457 1.9292950588 0.9101109727 0.0 
4.0125 0.0 0.0381554692 2.0951784809 0.0 1.2290685998 0.1790544958 0.6856422198 2.0135467601 0.8435634675 0.0 
4.0375 0.0 0.074226888 1.9237135147 0.0 1.322380559 0.1611738539 0.7548303536 2.072590236 0.7812855778 0.0 
4.0625 0.0 0.0513212981 1.9276818476 0.0 1.4286495866 0.1534312557 1.0083789124 2.1294927045 0.7948848188 0.0 
4.0875 0.0 0.0729791447 1.9208866068 0.0 1.5616422791 0.1481866603 1.1403687733 2.200464614 0.696520633 0.0 
4.1125 0.0 0.0660408183 1.922674471 0.0 1.6721535187 0.1449840557 1.134801394 2.2445555168 0.7000020993 0.0 
4.1375 0.0 0.0935180561 1.8606951739 0.0 1.7737982928 0.137860597 1.2151910203 2.2930114534 0.6290418344 0.0 
4.1625 0.0 0.1009932643 1.7867809501 0.0 1.7897295714 0.1317926286 1.3945665648 2.3253553205 0.596886905 0.0 
4.1875 0.0 0.1194306916 1.7293859029 0.0 1.8055797352 0.1292210594 1.3753107638 2.3694295597 0.5569008914 0.0 
4.2125 0.0 0.1332284494 1.6344671314 0.0 2.0026229121 0.1356762162 1.6081827786 2.3745442388 0.5370516889 0.0 
4.2375 0.1347711781 0.1715740768 1.5870170144 0.0 1.9703546244 0.1330433425 1.7924566693 2.3646710299 0.5341891783 0.0 
4.2625 0.076843226 0.1880097597 1.5664633929 0.0 1.9921862493 0.1364109564 1.8719009862 2.3939036614 0.5633746886 0.0 
4.2875 0.0556964542 0.1417727925 1.5843953449 0.0 2.0670473149 0.1321806254 1.9969710488 2.3654584148 0.5514792852 0.0 
4.3125 0.0450430133 0.2031940376 1.4811366153 0.0 2.0685753604 0.1393552978 2.0314398984 2.3535437838 0.4900513017 0.0 
4.3375 0.0395780295 0.2414259801 1.3853684571 0.0667879248 2.1845093396 0.1434153875 2.2257694354 2.3553661051 0.440992697 0.0 
4.3625 0.0342349999 0.2758362847 1.3704868203 0.0293442856 2.2107984774 0.13995594 2.2917887057 2.3366896892 0.4601347007 0.0 
4.3875 0.0290108314 0.3060642715 1.3686128342 0.0628568014 2.233640614 0.1371567641 2.4262725346 2.3258359617 0.4624272805 0.0 
4.4125 0.0286830289 0.2987815513 1.3289803402 0.0430245434 2.3485664084 0.1309327154 2.5489651705 2.2772023242 0.4483051188 0.0 
4.4375 0.0236339593 0.3568727848 1.3535693667 0.033087543 2.2800153176 0.134556008 2.5326150742 2.2686704336 0.4650637983 0.0 
4.4625 0.0280438745 0.373918327 1.2530158937 0.0327178536 2.1346997289 0.1362464904 2.5767646709 2.2257805784 0.4355888844 0.0 
4.4875 0.0184881861 0.4136731639 1.1897918093 0.0254212559 2.0869464464 0.1437456469 2.7413357933 2.1718911022 0.4299787169 0.0 
4.5125 0.0274258483 0.5704576437 1.1902310256 0.0251403609 2.0637036616 0.1539910591 2.899369258 2.1110002706 0.412657439 0.0 
4.5375 0.0226037236 0.5257626116 1.2302704467 0.0226037236 2.0545880631 0.1572465707 2.9746500297 2.0801006906 0.4221873269 0.0 
4.5625 0.0223566909 0.5642828776 1.149009707 0.0201210218 2.0716604029 0.1584840975 3.2980590374 2.0088728786 0.4277580187 0.0 
4.5875 0.0221136858 0.5789362934 1.1280436818 0.0530728458 1.9992541029 0.1597099528 3.3736639007 1.9695103765 0.405049011 0.0 
4.6125 0.017499697 0.6168643188 1.0514401274 0.0634364016 1.9128918778 0.1534869257 3.4076284961 1.9163923573 0.4041943902 0.0 
4.6375 0.0216394125 0.6742840945 1.0282327522 0.0389509426 1.8400425265 0.166791783 3.4181616037 1.8551788948 0.3891487687 0.0 
4.6625 0.0171263817 0.715882757 1.0349567636 0.0449567521 1.764873639 0.1623914003 3.5121927368 1.8015077096 0.3928363813 0.068505527 
4.6875 0.0169441879 0.8200986955 1.0357134869 0.0910750101 1.7681260099 0.167888662 3.4638156164 1.7567174463 0.3766551774 0.0465965168 
4.7125 0.016764886 0.8126778503 1.0262671552 0.0963980947 1.6888946187 0.1786857436 3.3508815953 1.7253732514 0.3648691168 0.0377209936 
4.7375 0.0165884152 0.8389590979 1.0328592398 0.0746478683 1.6087445045 0.1989457849 3.2355703816 1.6680957037 0.352273428 0.1285602177 
4.7625 0.0164147161 0.8605414914 1.0319612835 0.0656588644 1.6056875286 0.201581833 3.0666793348 1.6368106409 0.3539423158 0.2503244205 
4.7875 0.016243731 0.8503593191 0.993574881 0.0730967896 1.5056314287 0.2042874784 3.0164608513 1.5828864129 0.360069371 0.3411183515 
4.8125 0.0200942547 0.9319715307 0.9726735598 0.0843958695 1.4099736603 0.2049613974 3.024989095 1.5324722059 0.3907216182 0.3255269253 
4.8375 0.0835258168 0.9915707676 0.9267388241 0.1233000152 1.2442960246 0.2167030913 3.0156797272 1.4738550207 0.4091218247 0.2823968091 
4.8625 0.1417185416 1.0164368734 0.9287157206 0.228324317 1.1920104 0.2284992782 2.9217639328 1.4327861197 0.4329195264 0.1653382985 
4.8875 0.0935149644 1.1708852838 0.9286555496 0.2844413502 1.2484247752 0.2422297343 2.9461110253 1.4047328254 0.4238479175 0.1597547309 
4.9125 0.0732810859 1.1682547844 0.9064784611 0.331693336 1.1532128773 0.2559266928 2.672445494 1.3676160023 0.4337940301 0.1388483732 
4.9375 0.0649049972 1.217159594 0.8767477314 0.2538930772 1.102468646 0.2587715573 2.5454212713 1.3386478909 0.4422448336 0.1412638174 
4.9625 0.056693551 1.2105962928 0.8517681101 0.1965376435 1.0206351012 0.2765805385 2.4279958117 1.2879934888 0.4499788142 0.1285053823 
4.9875 0.1010279165 1.3354393847 0.8958432222 0.224506481 0.9635818166 0.293479861 2.314287642 1.2519816411 0.4609658534 0.1384456633 
