# Radial distribution function (200 data points):
# "Pair separation distance" g(r)
0.0125 0.0 
0.0375 0.0 
0.0625 0.0 
0.0875 0.0 
0.1125 0.0 
0.1375 0.0 
0.1625 0.0 
0.1875 0.0 
0.2125 0.0 
0.2375 0.0 
0.2625 0.0 
0.2875 0.0 
0.3125 0.0 
0.3375 0.0 
0.3625 0.0 
0.3875 0.0 
0.4125 0.0 
0.4375 0.0 
0.4625 0.0 
0.4875 0.0 
0.5125 0.0 
0.5375 0.0 
0.5625 0.0 
0.5875 0.0 
0.6125 0.0 
0.6375 0.0 
0.6625 0.0 
0.6875 0.0 
0.7125 0.0 
0.7375 0.0 
0.7625 0.0 
0.7875 0.0 
0.8125 0.0 
0.8375 0.0 
0.8625 0.0 
0.8875 0.0 
0.9125 0.0 
0.9375 0.0 
0.9625 0.0 
0.9875 0.0 
1.0125 0.0 
1.0375 0.0 
1.0625 0.0 
1.0875 0.0 
1.1125 0.0 
1.1375 0.0 
1.1625 0.0 
1.1875 0.0 
1.2125 0.0 
1.2375 0.0 
1.2625 0.0 
1.2875 0.0 
1.3125 0.0 
1.3375 0.0 
1.3625 0.0 
1.3875 0.0 
1.4125 0.0 
1.4375 0.0 
1.4625 0.0 
1.4875 0.0 
1.5125 0.0 
1.5375 0.0 
1.5625 0.0 
1.5875 0.0 
1.6125 0.0 
1.6375 0.0 
1.6625 0.0 
1.6875 0.0 
1.7125 0.0 
1.7375 0.0 
1.7625 0.0 
1.7875 0.0 
1.8125 0.0 
1.8375 0.0 
1.8625 0.0 
1.8875 0.0 
1.9125 0.0 
1.9375 0.0 
1.9625 0.0 
1.9875 0.0 
2.0125 0.0 
2.0375 0.0 
2.0625 0.0 
2.0875 0.0 
2.1125 0.0 
2.1375 0.0 
2.1625 0.0 
2.1875 0.0 
2.2125 0.0 
2.2375 0.0 
2.2625 0.0 
2.2875 0.0 
2.3125 0.0 
2.3375 0.0 
2.3625 0.0 
2.3875 0.0 
2.4125 0.0 
2.4375 0.0 
2.4625 0.0 
2.4875 0.0 
2.5125 1.6513786203e-04 
2.5375 6.0134274384e-04 
2.5625 0.0023586662 
2.5875 0.0070733861 
2.6125 0.0193540585 
2.6375 0.0535200071 
2.6625 0.1145979036 
2.6875 0.2068482198 
2.7125 0.3573667099 
2.7375 0.5488592877 
2.7625 0.7988249098 
2.7875 1.095260727 
2.8125 1.4112189847 
2.8375 1.7362488984 
2.8625 2.0788381713 
2.8875 2.4164628879 
2.9125 2.6921861839 
2.9375 2.8415793738 
2.9625 2.9652901926 
2.9875 3.0493726047 
3.0125 3.0544858311 
3.0375 3.0114024585 
3.0625 2.8915242288 
3.0875 2.7834916884 
3.1125 2.6492123753 
3.1375 2.5002646128 
3.1625 2.3623775149 
3.1875 2.1613454057 
3.2125 1.9818164714 
3.2375 1.810992049 
3.2625 1.6532658099 
3.2875 1.506158768 
3.3125 1.3512625994 
3.3375 1.2307557186 
3.3625 1.1314910985 
3.3875 1.0352844418 
3.4125 0.9479292548 
3.4375 0.8771624127 
3.4625 0.8157737877 
3.4875 0.7534776411 
3.5125 0.7182264687 
3.5375 0.7015059266 
3.5625 0.6752317588 
3.5875 0.6672190945 
3.6125 0.6751450451 
3.6375 0.6910409428 
3.6625 0.7119258572 
3.6875 0.7397178635 
3.7125 0.7687413887 
3.7375 0.8018608417 
3.7625 0.8424088961 
3.7875 0.8989286486 
3.8125 0.949554145 
3.8375 0.9836699614 
3.8625 1.0292237028 
3.8875 1.0917090815 
3.9125 1.1544447329 
3.9375 1.1907602737 
3.9625 1.2426970301 
3.9875 1.2834166718 
4.0125 1.3254053785 
4.0375 1.3428169342 
4.0625 1.3790382465 
4.0875 1.4160405289 
4.1125 1.4424987746 
4.1375 1.463701118 
4.1625 1.4762378837 
4.1875 1.4933571209 
4.2125 1.5030854638 
4.2375 1.4967977321 
4.2625 1.5157336581 
4.2875 1.5043389494 
4.3125 1.4923210735 
4.3375 1.4946563694 
4.3625 1.4867536619 
4.3875 1.4839929938 
4.4125 1.4602721246 
4.4375 1.4571602663 
4.4625 1.4230957607 
4.4875 1.3946748063 
4.5125 1.3692080483 
4.5375 1.3570914008 
4.5625 1.3226289861 
4.5875 1.2987137669 
4.6125 1.262645137 
4.6375 1.2306420465 
4.6625 1.2014362312 
4.6875 1.1800474684 
4.7125 1.1605928241 
4.7375 1.1318342033 
4.7625 1.1141061768 
4.7875 1.0802730881 
4.8125 1.0525274133 
4.8375 1.0182703915 
4.8625 0.9989078645 
4.8875 0.9930042357 
4.9125 0.968859264 
4.9375 0.9498976146 
4.9625 0.922299759 
4.9875 0.909742169 
