# Radial distribution function (200 data points):
"Pair separation distance" Al-Al Al-Be Al-Cl Al-Li Al-Mg Be-Be Be-Cl Be-Li Be-Mg Cl-Cl Cl-Li Cl-Mg Li-Li Li-Mg Mg-Mg
0.0125 0.0 0.0 0.0 0.0 0.0 0.0 0.0 0.0 0.0 0.0 0.0 0.0 0.0 0.0 0.0 
0.0375 0.0 0.0 0.0 0.0 0.0 0.0 0.0 0.0 0.0 0.0 0.0 0.0 0.0 0.0 0.0 
0.0625 0.0 0.0 0.0 0.0 0.0 0.0 0.0 0.0 0.0 0.0 0.0 0.0 0.0 0.0 0.0 
0.0875 0.0 0.0 0.0 0.0 0.0 0.0 0.0 0.0 0.0 0.0 0.0 0.0 0.0 0.0 0.0 
0.1125 0.0 0.0 0.0 0.0 0.0 0.0 0.0 0.0 0.0 0.0 0.0 0.0 0.0 0.0 0.0 
0.1375 0.0 0.0 0.0 0.0 0.0 0.0 0.0 0.0 0.0 0.0 0.0 0.0 0.0 0.0 0.0 
0.1625 0.0 0.0 0.0 0.0 0.0 0.0 0.0 0.0 0.0 0.0 0.0 0.0 0.0 0.0 0.0 
0.1875 0.0 0.0 0.0 0.0 0.0 0.0 0.0 0.0 0.0 0.0 0.0 0.0 0.0 0.0 0.0 
0.2125 0.0 0.0 0.0 0.0 0.0 0.0 0.0 0.0 0.0 0.0 0.0 0.0 0.0 0.0 0.0 
0.2375 0.0 0.0 0.0 0.0 0.0 0.0 0.0 0.0 0.0 0.0 0.0 0.0 0.0 0.0 0.0 
0.2625 0.0 0.0 0.0 0.0 0.0 0.0 0.0 0.0 0.0 0.0 0.0 0.0 0.0 0.0 0.0 
0.2875 0.0 0.0 0.0 0.0 0.0 0.0 0.0 0.0 0.0 0.0 0.0 0.0 0.0 0.0 0.0 
0.3125 0.0 0.0 0.0 0.0 0.0 0.0 0.0 0.0 0.0 0.0 0.0 0.0 0.0 0.0 0.0 
0.3375 0.0 0.0 0.0 0.0 0.0 0.0 0.0 0.0 0.0 0.0 0.0 0.0 0.0 0.0 0.0 
0.3625 0.0 0.0 0.0 0.0 0.0 0.0 0.0 0.0 0.0 0.0 0.0 0.0 0.0 0.0 0.0 
0.3875 0.0 0.0 0.0 0.0 0.0 0.0 0.0 0.0 0.0 0.0 0.0 0.0 0.0 0.0 0.0 
0.4125 0.0 0.0 0.0 0.0 0.0 0.0 0.0 0.0 0.0 0.0 0.0 0.0 0.0 0.0 0.0 
0.4375 0.0 0.0 0.0 0.0 0.0 0.0 0.0 0.0 0.0 0.0 0.0 0.0 0.0 0.0 0.0 
0.4625 0.0 0.0 0.0 0.0 0.0 0.0 0.0 0.0 0.0 0.0 0.0 0.0 0.0 0.0 0.0 
0.4875 0.0 0.0 0.0 0.0 0.0 0.0 0.0 0.0 0.0 0.0 0.0 0.0 0.0 0.0 0.0 
0.5125 0.0 0.0 0.0 0.0 0.0 0.0 0.0 0.0 0.0 0.0 0.0 0.0 0.0 0.0 0.0 
0.5375 0.0 0.0 0.0 0.0 0.0 0.0 0.0 0.0 0.0 0.0 0.0 0.0 0.0 0.0 0.0 
0.5625 0.0 0.0 0.0 0.0 0.0 0.0 0.0 0.0 0.0 0.0 0.0 0.0 0.0 0.0 0.0 
0.5875 0.0 0.0 0.0 0.0 0.0 0.0 0.0 0.0 0.0 0.0 0.0 0.0 0.0 0.0 0.0 
0.6125 0.0 0.0 0.0 0.0 0.0 0.0 0.0 0.0 0.0 0.0 0.0 0.0 0.0 0.0 0.0 
0.6375 0.0 0.0 0.0 0.0 0.0 0.0 0.0 0.0 0.0 0.0 0.0 0.0 0.0 0.0 0.0 
0.6625 0.0 0.0 0.0 0.0 0.0 0.0 0.0 0.0 0.0 0.0 0.0 0.0 0.0 0.0 0.0 
0.6875 0.0 0.0 0.0 0.0 0.0 0.0 0.0 0.0 0.0 0.0 0.0 0.0 0.0 0.0 0.0 
0.7125 0.0 0.0 0.0 0.0 0.0 0.0 0.0 0.0 0.0 0.0 0.0 0.0 0.0 0.0 0.0 
0.7375 0.0 0.0 0.0 0.0 0.0 0.0 0.0 0.0 0.0 0.0 0.0 0.0 0.0 0.0 0.0 
0.7625 0.0 0.0 0.0 0.0 0.0 0.0 0.0 0.0 0.0 0.0 0.0 0.0 0.0 0.0 0.0 
0.7875 0.0 0.0 0.0 0.0 0.0 0.0 0.0 0.0 0.0 0.0 0.0 0.0 0.0 0.0 0.0 
0.8125 0.0 0.0 0.0 0.0 0.0 0.0 0.0 0.0 0.0 0.0 0.0 0.0 0.0 0.0 0.0 
0.8375 0.0 0.0 0.0 0.0 0.0 0.0 0.0 0.0 0.0 0.0 0.0 0.0 0.0 0.0 0.0 
0.8625 0.0 0.0 0.0 0.0 0.0 0.0 0.0 0.0 0.0 0.0 0.0 0.0 0.0 0.0 0.0 
0.8875 0.0 0.0 0.0 0.0 0.0 0.0 0.0 0.0 0.0 0.0 0.0 0.0 0.0 0.0 0.0 
0.9125 0.0 0.0 0.0 0.0 0.0 0.0 0.0 0.0 0.0 0.0 0.0 0.0 0.0 0.0 0.0 
0.9375 0.0 0.0 0.0 0.0 0.0 0.0 0.0 0.0 0.0 0.0 0.0 0.0 0.0 0.0 0.0 
0.9625 0.0 0.0 0.0 0.0 0.0 0.0 0.0 0.0 0.0 0.0 0.0 0.0 0.0 0.0 0.0 
0.9875 0.0 0.0 0.0 0.0 0.0 0.0 0.0 0.0 0.0 0.0 0.0 0.0 0.0 0.0 0.0 
1.0125 0.0 0.0 0.0 0.0 0.0 0.0 0.0 0.0 0.0 0.0 0.0 0.0 0.0 0.0 0.0 
1.0375 0.0 0.0 0.0 0.0 0.0 0.0 0.0 0.0 0.0 0.0 0.0 0.0 0.0 0.0 0.0 
1.0625 0.0 0.0 0.0 0.0 0.0 0.0 0.0 0.0 0.0 0.0 0.0 0.0 0.0 0.0 0.0 
1.0875 0.0 0.0 0.0 0.0 0.0 0.0 0.0 0.0 0.0 0.0 0.0 0.0 0.0 0.0 0.0 
1.1125 0.0 0.0 0.0 0.0 0.0 0.0 0.0 0.0 0.0 0.0 0.0 0.0 0.0 0.0 0.0 
1.1375 0.0 0.0 0.0 0.0 0.0 0.0 0.0 0.0 0.0 0.0 0.0 0.0 0.0 0.0 0.0 
1.1625 0.0 0.0 0.0 0.0 0.0 0.0 0.0 0.0 0.0 0.0 0.0 0.0 0.0 0.0 0.0 
1.1875 0.0 0.0 0.0 0.0 0.0 0.0 0.0 0.0 0.0 0.0 0.0 0.0 0.0 0.0 0.0 
1.2125 0.0 0.0 0.0 0.0 0.0 0.0 0.0 0.0 0.0 0.0 0.0 0.0 0.0 0.0 0.0 
1.2375 0.0 0.0 0.0 0.0 0.0 0.0 0.0 0.0 0.0 0.0 0.0 0.0 0.0 0.0 0.0 
1.2625 0.0 0.0 0.0 0.0 0.0 0.0 0.0 0.0 0.0 0.0 0.0 0.0 0.0 0.0 0.0 
1.2875 0.0 0.0 0.0 0.0 0.0 0.0 0.0 0.0 0.0 0.0 0.0 0.0 0.0 0.0 0.0 
1.3125 0.0 0.0 0.0 0.0 0.0 0.0 0.0 0.0 0.0 0.0 0.0 0.0 0.0 0.0 0.0 
1.3375 0.0 0.0 0.0 0.0 0.0 0.0 0.0 0.0 0.0 0.0 0.0 0.0 0.0 0.0 0.0 
1.3625 0.0 0.0 0.0 0.0 0.0 0.0 0.0 0.0 0.0 0.0 0.0 0.0 0.0 0.0 0.0 
1.3875 0.0 0.0 0.0 0.0 0.0 0.0 0.0 0.0 0.0 0.0 0.0 0.0 0.0 0.0 0.0 
1.4125 0.0 0.0 0.0 0.0 0.0 0.0 0.0 0.0 0.0 0.0 0.0 0.0 0.0 0.0 0.0 
1.4375 0.0 0.0 0.0 0.0 0.0 0.0 0.0 0.0 0.0 0.0 0.0 0.0 0.0 0.0 0.0 
1.4625 0.0 0.0 0.0 0.0 0.0 0.0 0.0 0.0 0.0 0.0 0.0 0.0 0.0 0.0 0.0 
1.4875 0.0 0.0 0.0 0.0 0.0 0.0 0.0 0.0 0.0 0.0 0.0 0.0 0.0 0.0 0.0 
1.5125 0.0 0.0 0.0 0.0 0.0 0.0 0.0 0.0 0.0 0.0 0.0 0.0 0.0 0.0 0.0 
1.5375 0.0 0.0 0.0 0.0 0.0 0.0 0.0 0.0 0.0 0.0 0.0 0.0 0.0 0.0 0.0 
1.5625 0.0 0.0 0.0 0.0 0.0 0.0 0.0 0.0 0.0 0.0 0.0 0.0 0.0 0.0 0.0 
1.5875 0.0 0.0 0.0 0.0 0.0 0.0 0.0 0.0 0.0 0.0 0.0 0.0 0.0 0.0 0.0 
1.6125 0.0 0.0 0.0 0.0 0.0 0.0 0.0 0.0 0.0 0.0 0.0 0.0 0.0 0.0 0.0 
1.6375 0.0 0.0 0.0 0.0 0.0 0.0 0.0019397035 0.0 0.0 0.0 0.0 0.0 0.0 0.0 0.0 
1.6625 0.0 0.0 0.0 0.0 0.0 0.0 0.0031363438 0.0 0.0 0.0 0.0 0.0 0.0 0.0 0.0 
1.6875 0.0 0.0 0.0 0.0 0.0 0.0 0.0152205256 0.0 0.0 0.0 0.0 0.0 0.0 0.0 0.0 
1.7125 0.0 0.0 0.0 0.0 0.0 0.0 0.0449293222 0.0 0.0 0.0 0.0 0.0 0.0 0.0 0.0 
1.7375 0.0 0.0 0.0 0.0 0.0 0.0 0.1533342912 0.0 0.0 0.0 0.0 0.0 0.0 0.0 0.0 
1.7625 0.0 0.0 0.0 0.0 0.0 0.0 0.4303026226 0.0 0.0 0.0 0.0 0.0 0.0 0.0 0.0 
1.7875 0.0 0.0 0.0 0.0 0.0 0.0 0.9099531446 0.0 0.0 0.0 4.1858309744e-04 0.0 0.0 0.0 0.0 
1.8125 0.0 0.0 0.0 0.0 0.0 0.0 1.7600218936 0.0 0.0 0.0 5.8805614779e-04 0.0 0.0 0.0 0.0 
1.8375 0.0 0.0 0.0 0.0 0.0 0.0 2.9935899197 0.0 0.0 0.0 0.0015844534 0.0 0.0 0.0 0.0 
1.8625 0.0 0.0 9.9957655213e-04 0.0 0.0 0.0 4.4776031653 0.0 0.0 0.0 0.0068542392 0.0 0.0 0.0 0.0 
1.8875 0.0 0.0 0.008759461 0.0 0.0 0.0 6.3593686845 0.0 0.0 0.0 0.0167263993 0.0 0.0 0.0 0.0 
1.9125 0.0 0.0 0.0564057057 0.0 0.0 0.0 7.6953498538 0.0 0.0 0.0 0.0348997608 0.0 0.0 0.0 0.0 
1.9375 0.0 0.0 0.1791956345 0.0 0.0 0.0 8.8651036214 0.0 0.0 0.0 0.0768773024 0.0 0.0 0.0 0.0 
1.9625 0.0 0.0 0.4605063017 0.0 0.0 0.0 9.3784831773 0.0 0.0 0.0 0.1453864889 9.0030557524e-04 0.0 0.0 0.0 
1.9875 0.0 0.0 1.0630147378 0.0 0.0 0.0 9.7962382117 0.0 0.0 0.0 0.255176205 0.0021944978 0.0 0.0 0.0 
2.0125 0.0 0.0 2.0713973055 0.0 0.0 0.0 9.690064229 0.0 0.0 0.0 0.4233054772 0.0089893249 0.0 0.0 0.0 
2.0375 0.0 0.0 3.5172213556 0.0 0.0 0.0 9.1584735607 0.0 0.0 0.0 0.6581858642 0.023386891 0.0 0.0 0.0 
2.0625 0.0 0.0 5.4454137042 0.0 0.0 0.0 8.1516143626 0.0 0.0 0.0 0.9402067709 0.0607264907 5.5893989501e-04 0.0 0.0 
2.0875 0.0 0.0 7.4248070804 0.0 0.0 0.0 7.1069193483 0.0 0.0 0.0 1.2766776 0.1416370872 4.3650595081e-04 0.0 0.0 
2.1125 0.0 0.0 8.878300975 0.0 0.0 0.0 6.0819061727 0.0 0.0 0.0 1.6627188339 0.3006959679 0.0012787071 0.0 0.0 
2.1375 0.0 0.0 9.7013178712 0.0 0.0 0.0 5.1303222099 0.0018214162 0.0 0.0 2.0611600725 0.5456659274 0.001353052 0.0 0.0 
2.1625 0.0 0.0 9.8238375973 0.0 0.0 0.0 4.1663630055 0.0023727285 0.0 0.0 2.4614304453 0.9516865844 0.0027455859 0.0 0.0 
2.1875 0.0 0.0 9.2879018886 0.0 0.0 0.0 3.3963250362 0.0040579092 0.0 0.0 2.8401119834 1.5021510135 0.0032794531 0.0 0.0 
2.2125 0.0 0.0 8.4990604805 0.0 0.0 0.0 2.7419980098 0.0051000738 0.0 0.0 3.1695744348 2.2560743118 0.0046629246 0.0 0.0 
2.2375 0.0 0.0 7.1407397086 0.0011081652 0.0 0.0 2.2211786853 0.0049867435 0.0 0.0 3.4280893541 3.0848549624 0.0064590202 0.0 0.0 
2.2625 0.025288922 0.0 5.9497833841 0.0027095274 0.0 0.0 1.768643982 0.0081285821 0.0 0.0 3.5795082063 3.9508295768 0.0094756042 5.4190547131e-04 0.0 
2.2875 0.0618479618 0.0 4.6955856119 0.0021205015 0.0 0.0 1.3760067066 0.016433887 0.0 0.0 3.7462730424 4.8731776165 0.0109054365 0.0015903762 0.0 
2.3125 0.0726215399 0.0 3.6349674333 0.0031123517 0.0 0.0 1.1386020001 0.0155617585 0.0 0.0 3.8042108204 5.4777390075 0.0174291696 5.187252848e-04 0.0 
2.3375 0.2606136853 0.0 2.8963657303 0.002030756 0.0 0.0 0.9297054765 0.0248767609 0.0 0.0 3.7785932198 5.8885577589 0.0240209423 0.001015378 0.0 
2.3625 0.2435305914 0.0 2.2880693065 0.002485006 0.0 0.0 0.752335577 0.0268380652 0.0 0.0 3.7258582982 6.0957198033 0.0293940714 0.0 0.0 
2.3875 0.5791103984 0.0 1.6479097365 0.0014599422 0.0 0.0 0.5894516555 0.043311618 0.0 0.0 3.6143997131 6.0715345441 0.0348717618 9.7329478715e-04 0.0 
2.4125 1.0342519153 0.0 1.3264757428 0.0047661379 0.0 0.033362965 0.457847118 0.0471847648 0.0 0.0 3.4909321417 6.0139723267 0.0462451548 0.0 0.0 
2.4375 1.590529453 0.0 1.0513718724 0.0060695351 0.0925993175 0.0217880747 0.385765644 0.0569602524 0.0 0.0 3.2965829464 5.7751042816 0.0551460617 9.3377462994e-04 0.0 
2.4625 1.6971601723 0.0 0.8448632596 0.0114363893 0.1174135968 0.0106739633 0.3010629484 0.0818845474 0.0 0.0 3.1478171421 5.4182753412 0.0697162292 0.0 0.0 
2.4875 1.7887440069 0.0 0.6817064801 0.0098627489 0.2667425273 0.0732234389 0.2616990762 0.1111800786 0.0 0.0 2.9507071184 5.0837987565 0.082078565 0.0040347609 0.0 
2.5125 1.8558580991 0.0 0.5270409963 0.0158194692 0.3639942681 0.153800395 0.230975236 0.1138122923 0.0 0.0 2.742841717 4.6258215218 0.1050864739 0.0039548673 0.0 
2.5375 1.4475340657 0.0 0.4889735609 0.0189558032 0.5377991147 0.0804185592 0.2067905808 0.1438917791 0.0 5.7698264735e-05 2.5871671114 4.1713537473 0.1221541502 0.0107703428 0.0 
2.5625 1.4095703644 0.0 0.3955175586 0.0304163036 0.5717138541 0.1774284375 0.1631707952 0.1706692589 0.0 1.9802280969e-04 2.3948765448 3.7803874522 0.1472293932 0.0122510112 0.0 
2.5875 1.2471179513 0.0 0.3431128084 0.0360462664 0.6718968807 0.1256785532 0.1504517296 0.212962999 0.0 2.7744971033e-04 2.2165124418 3.2666928894 0.169328668 0.0190589454 0.0 
2.6125 1.2707812599 0.0 0.3393717544 0.0308889261 0.8013508691 0.1517350758 0.1303126572 0.2475178424 0.0189668845 4.3546418441e-04 2.0516459584 2.8033732645 0.2098588997 0.0292631932 0.0 
2.6375 1.0048875902 0.0 0.3087935824 0.0378826671 0.7350566632 0.2233083534 0.1243648084 0.2771416171 0.0093045147 0.0011749323 1.8942686499 2.4880438525 0.2399425471 0.0354900776 0.0 
2.6625 0.6117504461 0.0 0.2526405427 0.0524357525 0.8400155379 0.3013099212 0.104920419 0.3537456737 0.0319571129 0.0015198262 1.7310716161 2.2111550304 0.2711453881 0.0508705062 0.0 
2.6875 0.2509226523 0.0 0.222517824 0.0737405346 0.8334216666 0.2957302688 0.0967364434 0.4224718125 0.0492883781 0.002777615 1.6231970569 1.8528749551 0.3147799069 0.0472400299 0.0 
2.7125 0.2287245046 0.0 0.2139579501 0.0761577197 1.0424559154 0.2815070826 0.0959040591 0.4633556311 0.0439854817 0.0053270682 1.5261368785 1.615052632 0.3515966012 0.0705024435 0.0 
2.7375 0.1641059179 0.0 0.1936418984 0.0888392939 0.9846355073 0.2850260679 0.098093387 0.5367374006 0.0647786518 0.0095184958 1.4140122076 1.3925096613 0.3897506736 0.0784747096 0.0 
2.7625 0.0848153343 0.0 0.1928791576 0.109048287 0.911764844 0.3307798039 0.0874658135 0.5983116013 0.0678522675 0.015261892 1.3119872028 1.2463310467 0.4472849166 0.1126832299 0.0 
2.7875 0.0666406523 0.0 0.1851955628 0.1310202825 0.8288431131 0.3082130169 0.0950521804 0.6640264998 0.0499804892 0.0216592745 1.2318341828 1.1834665844 0.494562041 0.130663279 0.0 
2.8125 0.0654612028 0.0 0.1832329204 0.1336109907 0.7037079302 0.2782101119 0.0821918004 0.7041755102 0.0490959021 0.0341448222 1.1494452835 1.0325481911 0.5219996547 0.1564055167 0.0 
2.8375 0.1045082843 0.0 0.1640837486 0.1577960249 0.5908737615 0.3215639518 0.0762278832 0.7862238622 0.1286255807 0.0459120725 1.0708817881 0.9140885997 0.5894464113 0.2060306177 0.0 
2.8625 0.0552950436 0.0118489379 0.1787920095 0.1902600886 0.4621085783 0.4423603485 0.0641112176 0.8338266874 0.1066404411 0.0688946217 0.9983576538 0.8108058938 0.6417578221 0.2461193673 0.0 
2.8875 0.0310524026 0.011644651 0.1678077382 0.1863144156 0.4269705358 0.5278908443 0.0661249823 0.9528651542 0.0892756575 0.09319434 0.950613459 0.7063728459 0.6868157734 0.2984357693 0.0 
2.9125 0.0381520067 0.022891204 0.1543112413 0.2164853865 0.3624440634 0.5875409028 0.0541622238 1.0242178706 0.1449776254 0.130449205 0.8942110148 0.6795826189 0.7368538419 0.3329035097 0.0 
2.9375 0.0525075294 0.0187526891 0.1518967813 0.2356409327 0.2512860333 0.4650666885 0.0558562238 1.0486503719 0.1237677478 0.1745435237 0.848503687 0.606582517 0.7944649432 0.4050580836 0.0 
2.9625 0.0073750101 0.062687586 0.1560604819 0.26139143 0.0700625961 0.4056255564 0.0608438335 1.0885514931 0.1327501821 0.2258361676 0.8072870448 0.5711023459 0.8332918573 0.4595684875 0.0 
2.9875 0.0652688654 0.0435125769 0.1579273438 0.3076960795 0.0797730577 0.384361096 0.0662401282 1.1356782571 0.1885544999 0.2922113742 0.765710352 0.5035026756 0.8860048669 0.5128267992 0.0 
3.0125 0.0570578364 0.0427933773 0.1608572485 0.3227843314 0.1034173284 0.6062395112 0.0597961031 1.2024939011 0.203268542 0.3760931986 0.7316521261 0.4877298757 0.9477073729 0.5844352666 0.0 
3.0375 0.0771684143 0.0385842071 0.1593477645 0.4100950016 0.0806760695 0.6664544869 0.0744123995 1.2071344804 0.2876277259 0.4604065885 0.712748377 0.4378305323 0.9851557427 0.6933131038 0.0 
3.0625 0.0483086998 0.0448580784 0.1687723582 0.4424682549 0.0483086998 0.5520994268 0.065068861 1.2463644559 0.2622472277 0.5646849522 0.6930309038 0.4321903325 1.0214628108 0.7379400374 0.0 
3.0875 0.0407396094 0.0475295443 0.1695058748 0.4944042597 0.0645043815 0.4752954429 0.065292499 1.2795147321 0.3089420379 0.6773674564 0.6659211331 0.3910275009 1.0553720526 0.7950043776 0.0 
3.1125 0.0534503862 0.0668129828 0.1630356088 0.5217139483 0.0668129828 0.6881737225 0.0723011921 1.2842409759 0.3273836156 0.794290465 0.6483944316 0.3624007771 1.0910096486 0.9077020944 0.0334064914 
3.1375 0.039451489 0.0854782262 0.1620329013 0.5782461103 0.118354467 0.4339663791 0.0760850145 1.321061289 0.3682138974 0.922662893 0.6219497049 0.3224806981 1.1433041514 0.9879780032 0.0197257445 
3.1625 0.0517736249 0.1035472497 0.1759494283 0.5932702693 0.1229623591 0.5242079518 0.07280666 1.2952651509 0.3106417492 1.0612499348 0.6087676869 0.3283233667 1.1904394096 1.0875234811 0.0129434062 
3.1875 0.1974881295 0.0414088013 0.1791726981 0.620858995 0.108299942 0.4586821072 0.0860028951 1.3705858202 0.3917909665 1.2009689993 0.5882422508 0.3090302441 1.2255705077 1.1450671175 0.0127411696 
3.2125 0.0878054528 0.0439027264 0.1936983809 0.6429509484 0.1693390876 0.6083663517 0.094245266 1.3579382071 0.4484349912 1.3445429957 0.584363848 0.2845837444 1.2605739915 1.2098337035 0.0062718181 
3.2375 0.0679286351 0.1173312789 0.2209886117 0.6711702028 0.185259914 0.673111021 0.0949457059 1.4103572598 0.4168348066 1.49057433 0.5640313699 0.2777244604 1.2934015419 1.2528863329 0.0123506609 
3.2625 0.0608105246 0.145945259 0.2220127099 0.7396297233 0.1915531524 0.7236452426 0.1068527789 1.416450862 0.4317547246 1.6240133158 0.5528235149 0.279185462 1.3326738156 1.3033432862 0.0121621049 
3.2875 0.1197783415 0.1107949659 0.2403052977 0.7610202485 0.1617007611 0.9163043127 0.1142172042 1.4660869003 0.4371909466 1.7331956574 0.5541688582 0.2818534099 1.3657664281 1.4132133181 0.0119778342 
3.3125 0.1120783378 0.0914323282 0.2501221927 0.8284527358 0.203510666 0.7845483644 0.1185038816 1.4710913853 0.4158696217 1.8557369272 0.5381972286 0.264816674 1.3705386975 1.499658721 0.0648874587 
3.3375 0.0929731015 0.0900676921 0.254482736 0.8907985289 0.2324327538 0.8658120078 0.1459968235 1.427469155 0.4358114133 1.9540305129 0.5359813326 0.2652223744 1.4015695053 1.5602048598 0.0522973696 
3.3625 0.0915957476 0.1202194187 0.2620599319 0.9040990981 0.177466761 0.8930585392 0.1488942036 1.5012706597 0.4751529407 2.0563040884 0.5359008411 0.262213273 1.4171451061 1.5959741202 0.0343484054 
3.3875 0.1410137122 0.0761474046 0.2811712696 0.9439860788 0.1212717925 1.0717042124 0.1643816987 1.5333428163 0.4540641531 2.1252313256 0.5282013928 0.2580550932 1.4322756988 1.6672655532 0.0282027424 
3.4125 0.2278864536 0.0861521959 0.2888282143 0.9828496595 0.1695252887 1.4506918145 0.1816342379 1.5419257989 0.4696684227 2.1980826734 0.5182956373 0.2460995042 1.4524069181 1.741306595 0.0666984742 
3.4375 0.2355391174 0.0739483276 0.2943260815 1.0101576301 0.254710906 1.6542514757 0.1976357088 1.5193446856 0.4573841001 2.2317020461 0.5261021066 0.2623404954 1.4557055262 1.7219396274 0.0931201162 
3.4625 0.2051559238 0.1241733223 0.3274010888 1.091645468 0.2888379453 1.7546230321 0.2198099183 1.5363556395 0.4238089478 2.253185945 0.5282627311 0.2692671499 1.4860472642 1.7917979025 0.1025779619 
3.4875 0.2767291869 0.1170777329 0.3425378964 1.0940686068 0.300676905 1.7135922727 0.2327775217 1.5579701174 0.4550066438 2.2835554301 0.5205207584 0.2802453201 1.5039166965 1.8216230899 0.1702948842 
3.5125 0.2675577854 0.1337788927 0.3611468007 1.1381323611 0.1941105502 2.0093065061 0.266293069 1.5779164185 0.396090447 2.3057888245 0.5193286979 0.2617962995 1.5204734 1.8400780805 0.1468944704 
3.5375 0.2999958208 0.1474117395 0.3947143289 1.151141599 0.2379277199 1.6810110648 0.2748730181 1.5853966332 0.3465468964 2.3180090302 0.5257658987 0.2524287495 1.5298393495 1.8482993747 0.1396532269 
3.5625 0.3060001489 0.1581000769 0.3909698331 1.2060777297 0.3366001638 1.7034008288 0.2919296063 1.6410350842 0.4054501973 2.3236154482 0.5309180644 0.2689795952 1.5318617249 1.8274766034 0.2550001241 
3.5875 0.2766043643 0.1232146714 0.4147718365 1.2294165928 0.3344398223 1.6545970156 0.3226302529 1.6630747598 0.3847315249 2.3114922886 0.5311650543 0.2857197354 1.5341227288 1.8499443576 0.2464293427 
3.6125 0.3422264416 0.119035284 0.4054639363 1.2532714906 0.2752690944 1.6813733872 0.363881298 1.6552281373 0.4414225117 2.2818022013 0.5344403367 0.2769961688 1.5312917576 1.8652403884 0.2579097821 
3.6375 0.2837279994 0.16632331 0.4312263759 1.2889357685 0.3424303441 1.7855296512 0.3680689425 1.6698720554 0.423146068 2.2602742565 0.5366210447 0.2749051767 1.5329218812 1.8570906047 0.4451594473 
3.6625 0.3763739573 0.1930122858 0.4578010154 1.3307507777 0.3908498788 1.7564118009 0.4077815369 1.681895272 0.4777054074 2.2595039247 0.5431683307 0.3036066023 1.5502116552 1.8514703517 0.3908498788 
3.6875 0.3236868878 0.1666035452 0.4702300061 1.3529567898 0.3855682046 1.5470329196 0.4253490511 1.6563112449 0.5021906862 2.2011704105 0.5549974527 0.3363521573 1.5305571404 1.8454232691 0.523611142 
3.7125 0.3616080375 0.1714116022 0.494233991 1.3571371042 0.3944814955 1.4323435253 0.426432484 1.7093527251 0.5494563687 2.1429580084 0.5594729497 0.3291958143 1.5296451272 1.8065642365 0.4743170363 
3.7375 0.3799546345 0.1969277069 0.5154458614 1.3569146432 0.4448249379 1.2881388827 0.4671654761 1.7139660889 0.5305464103 2.1160346055 0.5655454048 0.3224484343 1.5130629482 1.8192148465 0.5560311724 
3.7625 0.3840666406 0.2240388737 0.5266219881 1.4006675241 0.5143749651 1.1567721438 0.5122929712 1.704393694 0.4892277446 2.0566338211 0.5734336091 0.3316493823 1.5021596533 1.8576284455 0.7224110621 
3.7875 0.3519408338 0.1985307267 0.5384259665 1.3951940196 0.5955921802 1.2859376618 0.5421725894 1.6701719677 0.4399260422 1.9977183154 0.5760199604 0.3543580098 1.4943949249 1.8792093531 0.5324233126 
3.8125 0.5343697937 0.2182009991 0.5820813825 1.4183701097 0.6033925588 1.1488950565 0.5808885928 1.66914222 0.5321432529 1.9492910372 0.5809533442 0.3497259454 1.491807787 1.8771647469 0.4631204879 
3.8375 0.624125529 0.1846005086 0.6019530614 1.4093683725 0.6636827808 1.0636505493 0.6134905932 1.6787344207 0.5647896512 1.8882911488 0.5913405504 0.3556620768 1.4932943297 1.8516561216 0.4615012714 
3.8625 0.5943797183 0.1410024879 0.6066205937 1.4458488081 0.7288743991 1.1670667462 0.6330004547 1.667858 0.5553328755 1.8439423275 0.5951754859 0.3812877716 1.4949043926 1.8478453517 0.3687757377 
3.8875 0.5867595706 0.1242045806 0.6472557672 1.4408955044 0.6210229032 1.0578803937 0.6726091037 1.6675841602 0.5053841557 1.7930397458 0.6037896269 0.3939518441 1.4803332995 1.8511377276 0.3683308253 
3.9125 0.6131118911 0.1585634201 0.6870326474 1.4261647042 0.6025409964 1.0190342465 0.6899773966 1.5975944133 0.5306589126 1.7470210208 0.6105241792 0.3910853497 1.4652036654 1.8464030713 0.3805522082 
3.9375 0.588651745 0.1565563152 0.6641342541 1.377516652 0.5218543839 0.9852610768 0.7034969848 1.5873915751 0.5698649872 1.7021305802 0.6322990067 0.4026852078 1.4578217346 1.8518375566 0.5135047138 
3.9625 0.5400241976 0.1648928848 0.6906729872 1.3972905275 0.5132291039 0.9110331884 0.7319698213 1.5458707947 0.6039201905 1.6547758148 0.6369902577 0.4235685978 1.4456024601 1.8036337078 0.5276572313 
3.9875 0.4803536646 0.1261946068 0.7139881498 1.3524339981 0.474247474 0.9077870103 0.7915149633 1.4956677845 0.6452208122 1.5991482448 0.6490569123 0.4405180399 1.4411407482 1.7844033711 0.5292031898 
4.0125 0.5869529311 0.1547786839 0.7563767224 1.3432147899 0.4763967283 0.8563080433 0.7975122446 1.5354964351 0.6593169911 1.5573502581 0.6588913805 0.465089844 1.4345805691 1.7448353229 0.4140832322 
4.0375 0.5122065971 0.1052207351 0.7555472727 1.3671321597 0.4943389251 0.8060305365 0.8301022612 1.5245378416 0.6710303481 1.516450289 0.6662636097 0.4689200346 1.4425118567 1.6885800873 0.4327947215 
4.0625 0.5843594418 0.1647187688 0.7834646544 1.4038073034 0.498078182 0.8118282179 0.8526927594 1.4471720405 0.6255391341 1.4637174526 0.683219717 0.4891138952 1.4241786451 1.6846696124 0.4392500502 
4.0875 0.7631875142 0.1259065696 0.7748442488 1.3732394337 0.5191224716 0.7399432245 0.8734249421 1.4328444339 0.7883688282 1.4114902251 0.6931482789 0.5137610655 1.4236605676 1.6789018442 0.4881300852 
4.1125 0.7654181426 0.1301210842 0.7889274141 1.3539700215 0.5644958802 0.8304786847 0.9107109079 1.4162969274 0.746282689 1.3724806439 0.7021793737 0.5220903482 1.4024678523 1.6774138595 0.4324612506 
4.1375 0.6616718058 0.149348779 0.8110205848 1.373954753 0.4877466454 0.7826632217 0.9144236839 1.4190024498 0.7259484955 1.3407860424 0.7060983413 0.5130657196 1.3867931151 1.6581765523 0.5104325359 
4.1625 0.5155267481 0.153163744 0.8293256383 1.3575004029 0.5342052535 0.7471402147 0.9416968607 1.3550988808 0.6948403996 1.3010138866 0.7280471608 0.557753512 1.3732589623 1.6006945428 0.5678265631 
4.1875 0.6607299856 0.179024605 0.8454562211 1.3234637812 0.7364001795 0.8858949528 0.9827897132 1.3664929646 0.6939510463 1.2623685273 0.7347702006 0.5869054062 1.3563955701 1.6346343834 0.4134176446 
4.2125 0.6273779635 0.1440780788 0.8643707709 1.312804021 0.6784436117 0.8571733804 1.0201079709 1.3296869496 0.7532183109 1.2097443218 0.7505533689 0.6026267565 1.3584057938 1.6279520213 0.4522957412 
4.2375 0.6416249389 0.1712201382 0.9125196575 1.2581204259 0.7840080012 0.7101129942 1.0392933651 1.3026119144 0.8074381253 1.1726912782 0.7617677742 0.6232477398 1.3433781236 1.5666256433 0.5442998077 
4.2625 0.6020583601 0.1514052089 0.8929726544 1.2420316382 0.7053701498 0.6554954927 1.0650211366 1.266002009 0.7445573803 1.1286106427 0.7800294578 0.6407684734 1.3243946177 1.5548678799 0.495184095 
4.2875 0.5422419833 0.1249973403 0.9134300107 1.2533938534 0.6161840719 0.6443524866 1.1022464156 1.2309094224 0.702449842 1.098531122 0.7885826744 0.6646299727 1.3025534857 1.5313557458 0.7218156271 
4.3125 0.7865583076 0.1444343795 0.9366171756 1.2429311714 0.6125409829 0.6856282593 1.1273525933 1.1517958125 0.6925889523 1.0726270302 0.796478183 0.6782014485 1.2816652971 1.4757663519 0.7656762287 
4.3375 0.5470145297 0.1788978336 0.9357118488 1.2448635241 0.6227020747 0.5814179593 1.1162377019 1.1248447028 0.7035501341 1.0361575762 0.8021730063 0.6930755185 1.2874325023 1.465880985 0.6708668761 
4.3625 0.6325906834 0.1887568975 0.9405960262 1.2017765402 0.588377356 0.6019814568 1.1314481981 1.1102403768 0.6836060611 1.0183424207 0.8184454305 0.7069273766 1.2667972007 1.4278475425 0.7176163129 
4.3875 0.6018655876 0.1950178999 0.9553955736 1.1695309917 0.549748735 0.7262735582 1.1303893141 1.081484733 0.719548803 0.9821444881 0.8321807324 0.712583878 1.2679649386 1.4377046211 0.6052279652 
4.4125 0.6582282347 0.1745302137 0.9895685027 1.1604478294 0.5867539567 0.6549038497 1.1502965822 1.0370656538 0.7313647052 0.9586345489 0.8538343711 0.7409519942 1.2452359302 1.4364192775 0.5385503738 
4.4375 0.5127771134 0.2087265814 1.0406100109 1.1341671813 0.5867353509 0.5883788673 1.1817469808 1.0172427296 0.6935639162 0.9366471176 0.863273754 0.7419596042 1.2181555646 1.3952045415 0.6442584245 
4.4625 0.458293222 0.2405226839 1.0259360426 1.1102118479 0.6695631471 0.5590527247 1.1775106056 0.9489037776 0.6890649863 0.9109958339 0.8824109633 0.7671884256 1.1893097158 1.3743224707 0.6370600817 
4.4875 0.4981998213 0.2603495841 1.0228019374 1.096085524 0.6653378259 0.5335559377 1.1618444566 0.9376717559 0.625160421 0.8940292548 0.9058512512 0.786300513 1.173946383 1.3368744515 0.6749804031 
4.5125 0.6834155165 0.3146890053 1.0089460802 1.0886059919 0.638914041 0.6071272728 1.1878317946 0.9128705733 0.5975912424 0.8644460268 0.9163054904 0.82418549 1.1603208332 1.3147461428 0.7088449311 
4.5375 0.5595869055 0.2687903394 1.0181528803 1.0451161218 0.7073429985 0.5941681187 1.2082092074 0.8975845821 0.4951400989 0.8447064826 0.9332236019 0.8313806457 1.1335965507 1.3082477172 0.7607866917 
4.5625 0.6063308778 0.3078295226 1.0067757762 1.0474199339 0.6918390785 0.6591904928 1.2354824507 0.873116464 0.5379243172 0.8256141996 0.9497597329 0.8877583553 1.1179637236 1.2635668974 0.6996125513 
4.5875 0.5259261882 0.3798355803 1.0545709797 1.0328715816 0.6489498579 0.707386101 1.2433903443 0.8385820574 0.5166994129 0.8035679754 0.9619760535 0.9384948521 1.0958019547 1.2537869428 0.7535199772 
4.6125 0.5780450615 0.3437846944 1.0573498128 1.0101011484 0.6921329025 0.6997387586 1.2566775695 0.831732958 0.4487455082 0.7860448522 0.9733136404 0.9312827485 1.070745588 1.2142857874 0.6115108282 
4.6375 0.5748392128 0.4243577435 1.0495276334 0.9954994115 0.7433784584 0.6651280943 1.272670155 0.8150506325 0.4800358871 0.7716071697 0.986707762 0.9603673628 1.0569990383 1.1947798716 0.607945136 
4.6625 0.6580144931 0.4257740837 1.0774615144 0.9785998346 0.6401498462 0.6699242576 1.3069903255 0.7922970887 0.4451274512 0.7573647542 0.9991851943 1.0040888576 1.0341005529 1.1803427397 0.6133528759 
4.6875 0.5420210433 0.4536480471 1.1283337906 0.9741229123 0.6480686387 0.8041942653 1.2978205726 0.7728849752 0.4418649809 0.7446242154 1.0167719006 0.994354016 1.018468121 1.1477127262 0.6627974714 
4.7125 0.6353816445 0.4954810989 1.115535098 0.9729333477 0.7024173225 0.7432216483 1.2987642166 0.7632074406 0.4605059625 0.7258623372 1.0323776962 1.0099070633 0.9976050944 1.1431873152 0.6674421861 
4.7375 0.6344613088 0.4628683639 1.1404854013 0.9822202638 0.7440500803 0.7152109299 1.3270386555 0.7578928725 0.5032431745 0.7116419011 1.0488828428 1.0494103344 0.982527489 1.088018747 0.7844248909 
4.7625 0.6078417751 0.4223501536 1.1215108808 0.9630072711 0.7676499413 0.707721879 1.3171179108 0.7476331532 0.443753033 0.6933304446 1.0567038356 1.0659398332 0.967962256 1.0741799418 0.7819185276 
4.7875 0.6636379562 0.4758425345 1.1614168517 0.9403891038 0.7893055691 0.6777579127 1.3238215658 0.7458967885 0.4956104736 0.6797624422 1.0713848392 1.1048361688 0.9439162113 1.0224462226 0.6664619475 
4.8125 0.6539662134 0.4988588422 1.1604606501 0.9326803852 0.853789223 0.7909078563 1.3218561579 0.7488272465 0.4723089319 0.6630134304 1.0840683449 1.1373292902 0.925901175 1.0025086457 0.8132656756 
4.8375 0.6997767584 0.5255240478 1.1888005928 0.917968021 0.806264526 0.7882860718 1.3520884219 0.734824866 0.4342488185 0.6617268911 1.0906606703 1.1439779355 0.9115398063 0.9877876445 0.6859471782 
4.8625 0.6378486657 0.5379281666 1.2331431267 0.8920104363 0.8705402391 0.802101541 1.3361678096 0.7430096137 0.4558017289 0.6440587792 1.1096999677 1.1329048765 0.8941457237 0.9494989427 0.5529846802 
4.8875 0.6232112206 0.6096631506 1.2455273009 0.8743150211 0.7397246227 0.8237226568 1.3555569838 0.7404213806 0.4348930474 0.638295545 1.1190740393 1.1545858809 0.8802839137 0.9280815047 0.5365035725 
4.9125 0.5981095195 0.6557747871 1.2553690435 0.9214181758 0.7228274238 0.9011874374 1.3757764212 0.7311802665 0.4908253008 0.6380272199 1.135251087 1.1876937752 0.8670513506 0.8687722771 0.5176463554 
4.9375 0.6743734863 0.5402952932 1.2507248141 0.9013013023 0.7115436785 0.8257092687 1.3843526031 0.72288438 0.4858675118 0.6306072444 1.147356054 1.1917692861 0.843176008 0.8603382334 0.4858675118 
4.9625 0.6991358854 0.5716618612 1.2685683593 0.8737696665 0.7648441453 0.888375674 1.3817743042 0.7238421912 0.5072677665 0.6210939169 1.1615859252 1.1987298659 0.8294688895 0.8368228506 0.4993827753 
4.9875 0.6869404905 0.5620422195 1.2868982566 0.8660356898 0.9445431745 0.957553411 1.3727658179 0.7455980714 0.5073992259 0.6128443722 1.1759693952 1.2144823506 0.8120745389 0.8216521971 0.5073992259 
