# Radial distribution function (200 data points):
"Pair separation distance" g(r)
0.0125 0.0 
0.0375 0.0 
0.0625 0.0 
0.0875 0.0 
0.1125 0.0 
0.1375 0.0 
0.1625 0.0 
0.1875 0.0 
0.2125 0.0 
0.2375 0.0 
0.2625 0.0 
0.2875 0.0 
0.3125 0.0 
0.3375 0.0 
0.3625 0.0 
0.3875 0.0 
0.4125 0.0 
0.4375 0.0 
0.4625 0.0 
0.4875 0.0 
0.5125 0.0 
0.5375 0.0 
0.5625 0.0 
0.5875 0.0 
0.6125 0.0 
0.6375 0.0 
0.6625 0.0 
0.6875 0.0 
0.7125 0.0 
0.7375 0.0 
0.7625 0.0 
0.7875 0.0 
0.8125 0.0 
0.8375 0.0 
0.8625 0.0 
0.8875 0.0 
0.9125 0.0 
0.9375 0.0 
0.9625 0.0 
0.9875 0.0 
1.0125 0.0 
1.0375 0.0 
1.0625 0.0 
1.0875 0.0 
1.1125 0.0 
1.1375 0.0 
1.1625 0.0 
1.1875 0.0 
1.2125 0.0 
1.2375 0.0 
1.2625 0.0 
1.2875 0.0 
1.3125 0.0 
1.3375 0.0 
1.3625 0.0 
1.3875 0.0 
1.4125 0.0 
1.4375 0.0 
1.4625 0.0 
1.4875 0.0 
1.5125 0.0 
1.5375 0.0 
1.5625 0.0 
1.5875 0.0 
1.6125 0.0 
1.6375 6.5174037615e-05 
1.6625 1.0538115099e-04 
1.6875 5.1140966063e-04 
1.7125 0.0015096252 
1.7375 0.0051520322 
1.7625 0.0144581681 
1.7875 0.0307385102 
1.8125 0.0593672536 
1.8375 0.101205727 
1.8625 0.1531679139 
1.8875 0.2205258542 
1.9125 0.274139693 
1.9375 0.3340243575 
1.9625 0.3876118004 
1.9875 0.4649737066 
2.0125 0.5614228959 
2.0375 0.6846980075 
2.0625 0.8275300775 
2.0875 0.9935361053 
2.1125 1.1647087692 
2.1375 1.3248562289 
2.1625 1.4673143056 
2.1875 1.5904731453 
2.2125 1.6966551504 
2.2375 1.7629418346 
2.2625 1.796676752 
2.2875 1.8380979216 
2.3125 1.8382980874 
2.3375 1.8113835739 
2.3625 1.7719459781 
2.3875 1.7017772231 
2.4125 1.6381849716 
2.4375 1.5443082313 
2.4625 1.4667498647 
2.4875 1.3740284161 
2.5125 1.2742331962 
2.5375 1.1986758185 
2.5625 1.1096197052 
2.5875 1.0241216605 
2.6125 0.9492821363 
2.6375 0.880273155 
2.6625 0.8105702541 
2.6875 0.7622017525 
2.7125 0.7228890752 
2.7375 0.6786911172 
2.7625 0.6445320812 
2.7875 0.6207951617 
2.8125 0.5913895984 
2.8375 0.5710083445 
2.8625 0.5551488085 
2.8875 0.5492385948 
2.9125 0.5461062975 
2.9375 0.548684929 
2.9625 0.5546833608 
2.9875 0.5668274611 
3.0125 0.5901763039 
3.0375 0.6169509491 
3.0625 0.64840351 
3.0875 0.6789439234 
3.1125 0.7155069137 
3.1375 0.7541487461 
3.1625 0.8006577521 
3.1875 0.8440840142 
3.2125 0.8936249437 
3.2375 0.9389287385 
3.2625 0.9844299611 
3.2875 1.0281203889 
3.3125 1.0640351659 
3.3375 1.1006713596 
3.3625 1.1374852266 
3.3875 1.1619484757 
3.4125 1.1869510402 
3.4375 1.2022420496 
3.4625 1.2193307357 
3.4875 1.2306061794 
3.5125 1.2419717625 
3.5375 1.2509205046 
3.5625 1.2582664922 
3.5875 1.258474923 
3.6125 1.2516203012 
3.6375 1.2481277854 
3.6625 1.2570166379 
3.6875 1.2427334483 
3.7125 1.2271051349 
3.7375 1.2212863281 
3.7625 1.2082750231 
3.7875 1.191572849 
3.8125 1.1812311087 
3.8375 1.1679041261 
3.8625 1.1578326017 
3.8875 1.1461226087 
3.9125 1.1324967331 
3.9375 1.1249923892 
3.9625 1.1115280959 
3.9875 1.0990996625 
4.0125 1.0913332435 
4.0375 1.0825236281 
4.0625 1.0719344492 
4.0875 1.0599570469 
4.1125 1.0499370783 
4.1375 1.0400437236 
4.1625 1.0345781302 
4.1875 1.0266935597 
4.2125 1.0178229916 
4.2375 1.009008565 
4.2625 0.9990413929 
4.2875 0.99188981 
4.3125 0.9836398885 
4.3375 0.9742101712 
4.3625 0.9716623506 
4.3875 0.9654051795 
4.4125 0.9653335934 
4.4375 0.9596909649 
4.4625 0.9535668067 
4.4875 0.9542043677 
4.5125 0.9481579729 
4.5375 0.9449706348 
4.5625 0.9447399986 
4.5875 0.942274271 
4.6125 0.9368026442 
4.6375 0.9362830616 
4.6625 0.9361655561 
4.6875 0.9371558567 
4.7125 0.9348749032 
4.7375 0.9372513354 
4.7625 0.9312949304 
4.7875 0.9312724127 
4.8125 0.929600396 
4.8375 0.9311193591 
4.8625 0.9303307495 
4.8875 0.9312677785 
4.9125 0.9377595548 
4.9375 0.9364833444 
4.9625 0.9373756376 
4.9875 0.9394793302 
