# Radial distribution function (200 data points):
"Pair separation distance" Al-Al Al-Be Al-F Al-K Al-Na Be-Be Be-F Be-K Be-Na F-F F-K F-Na K-K K-Na Na-Na
0.0125 0.0 0.0 0.0 0.0 0.0 0.0 0.0 0.0 0.0 0.0 0.0 0.0 0.0 0.0 0.0 
0.0375 0.0 0.0 0.0 0.0 0.0 0.0 0.0 0.0 0.0 0.0 0.0 0.0 0.0 0.0 0.0 
0.0625 0.0 0.0 0.0 0.0 0.0 0.0 0.0 0.0 0.0 0.0 0.0 0.0 0.0 0.0 0.0 
0.0875 0.0 0.0 0.0 0.0 0.0 0.0 0.0 0.0 0.0 0.0 0.0 0.0 0.0 0.0 0.0 
0.1125 0.0 0.0 0.0 0.0 0.0 0.0 0.0 0.0 0.0 0.0 0.0 0.0 0.0 0.0 0.0 
0.1375 0.0 0.0 0.0 0.0 0.0 0.0 0.0 0.0 0.0 0.0 0.0 0.0 0.0 0.0 0.0 
0.1625 0.0 0.0 0.0 0.0 0.0 0.0 0.0 0.0 0.0 0.0 0.0 0.0 0.0 0.0 0.0 
0.1875 0.0 0.0 0.0 0.0 0.0 0.0 0.0 0.0 0.0 0.0 0.0 0.0 0.0 0.0 0.0 
0.2125 0.0 0.0 0.0 0.0 0.0 0.0 0.0 0.0 0.0 0.0 0.0 0.0 0.0 0.0 0.0 
0.2375 0.0 0.0 0.0 0.0 0.0 0.0 0.0 0.0 0.0 0.0 0.0 0.0 0.0 0.0 0.0 
0.2625 0.0 0.0 0.0 0.0 0.0 0.0 0.0 0.0 0.0 0.0 0.0 0.0 0.0 0.0 0.0 
0.2875 0.0 0.0 0.0 0.0 0.0 0.0 0.0 0.0 0.0 0.0 0.0 0.0 0.0 0.0 0.0 
0.3125 0.0 0.0 0.0 0.0 0.0 0.0 0.0 0.0 0.0 0.0 0.0 0.0 0.0 0.0 0.0 
0.3375 0.0 0.0 0.0 0.0 0.0 0.0 0.0 0.0 0.0 0.0 0.0 0.0 0.0 0.0 0.0 
0.3625 0.0 0.0 0.0 0.0 0.0 0.0 0.0 0.0 0.0 0.0 0.0 0.0 0.0 0.0 0.0 
0.3875 0.0 0.0 0.0 0.0 0.0 0.0 0.0 0.0 0.0 0.0 0.0 0.0 0.0 0.0 0.0 
0.4125 0.0 0.0 0.0 0.0 0.0 0.0 0.0 0.0 0.0 0.0 0.0 0.0 0.0 0.0 0.0 
0.4375 0.0 0.0 0.0 0.0 0.0 0.0 0.0 0.0 0.0 0.0 0.0 0.0 0.0 0.0 0.0 
0.4625 0.0 0.0 0.0 0.0 0.0 0.0 0.0 0.0 0.0 0.0 0.0 0.0 0.0 0.0 0.0 
0.4875 0.0 0.0 0.0 0.0 0.0 0.0 0.0 0.0 0.0 0.0 0.0 0.0 0.0 0.0 0.0 
0.5125 0.0 0.0 0.0 0.0 0.0 0.0 0.0 0.0 0.0 0.0 0.0 0.0 0.0 0.0 0.0 
0.5375 0.0 0.0 0.0 0.0 0.0 0.0 0.0 0.0 0.0 0.0 0.0 0.0 0.0 0.0 0.0 
0.5625 0.0 0.0 0.0 0.0 0.0 0.0 0.0 0.0 0.0 0.0 0.0 0.0 0.0 0.0 0.0 
0.5875 0.0 0.0 0.0 0.0 0.0 0.0 0.0 0.0 0.0 0.0 0.0 0.0 0.0 0.0 0.0 
0.6125 0.0 0.0 0.0 0.0 0.0 0.0 0.0 0.0 0.0 0.0 0.0 0.0 0.0 0.0 0.0 
0.6375 0.0 0.0 0.0 0.0 0.0 0.0 0.0 0.0 0.0 0.0 0.0 0.0 0.0 0.0 0.0 
0.6625 0.0 0.0 0.0 0.0 0.0 0.0 0.0 0.0 0.0 0.0 0.0 0.0 0.0 0.0 0.0 
0.6875 0.0 0.0 0.0 0.0 0.0 0.0 0.0 0.0 0.0 0.0 0.0 0.0 0.0 0.0 0.0 
0.7125 0.0 0.0 0.0 0.0 0.0 0.0 0.0 0.0 0.0 0.0 0.0 0.0 0.0 0.0 0.0 
0.7375 0.0 0.0 0.0 0.0 0.0 0.0 0.0 0.0 0.0 0.0 0.0 0.0 0.0 0.0 0.0 
0.7625 0.0 0.0 0.0 0.0 0.0 0.0 0.0 0.0 0.0 0.0 0.0 0.0 0.0 0.0 0.0 
0.7875 0.0 0.0 0.0 0.0 0.0 0.0 0.0 0.0 0.0 0.0 0.0 0.0 0.0 0.0 0.0 
0.8125 0.0 0.0 0.0 0.0 0.0 0.0 0.0 0.0 0.0 0.0 0.0 0.0 0.0 0.0 0.0 
0.8375 0.0 0.0 0.0 0.0 0.0 0.0 0.0 0.0 0.0 0.0 0.0 0.0 0.0 0.0 0.0 
0.8625 0.0 0.0 0.0 0.0 0.0 0.0 0.0 0.0 0.0 0.0 0.0 0.0 0.0 0.0 0.0 
0.8875 0.0 0.0 0.0 0.0 0.0 0.0 0.0 0.0 0.0 0.0 0.0 0.0 0.0 0.0 0.0 
0.9125 0.0 0.0 0.0 0.0 0.0 0.0 0.0 0.0 0.0 0.0 0.0 0.0 0.0 0.0 0.0 
0.9375 0.0 0.0 0.0 0.0 0.0 0.0 0.0 0.0 0.0 0.0 0.0 0.0 0.0 0.0 0.0 
0.9625 0.0 0.0 0.0 0.0 0.0 0.0 0.0 0.0 0.0 0.0 0.0 0.0 0.0 0.0 0.0 
0.9875 0.0 0.0 0.0 0.0 0.0 0.0 0.0 0.0 0.0 0.0 0.0 0.0 0.0 0.0 0.0 
1.0125 0.0 0.0 0.0 0.0 0.0 0.0 0.0 0.0 0.0 0.0 0.0 0.0 0.0 0.0 0.0 
1.0375 0.0 0.0 0.0 0.0 0.0 0.0 0.0 0.0 0.0 0.0 0.0 0.0 0.0 0.0 0.0 
1.0625 0.0 0.0 0.0 0.0 0.0 0.0 0.0 0.0 0.0 0.0 0.0 0.0 0.0 0.0 0.0 
1.0875 0.0 0.0 0.0 0.0 0.0 0.0 0.0 0.0 0.0 0.0 0.0 0.0 0.0 0.0 0.0 
1.1125 0.0 0.0 0.0 0.0 0.0 0.0 0.0 0.0 0.0 0.0 0.0 0.0 0.0 0.0 0.0 
1.1375 0.0 0.0 0.0 0.0 0.0 0.0 0.0 0.0 0.0 0.0 0.0 0.0 0.0 0.0 0.0 
1.1625 0.0 0.0 0.0 0.0 0.0 0.0 0.0 0.0 0.0 0.0 0.0 0.0 0.0 0.0 0.0 
1.1875 0.0 0.0 0.0 0.0 0.0 0.0 0.0 0.0 0.0 0.0 0.0 0.0 0.0 0.0 0.0 
1.2125 0.0 0.0 0.0 0.0 0.0 0.0 0.0 0.0 0.0 0.0 0.0 0.0 0.0 0.0 0.0 
1.2375 0.0 0.0 0.0 0.0 0.0 0.0 0.0 0.0 0.0 0.0 0.0 0.0 0.0 0.0 0.0 
1.2625 0.0 0.0 0.0 0.0 0.0 0.0 0.0012640633 0.0 0.0 0.0 0.0 0.0 0.0 0.0 0.0 
1.2875 0.0 0.0 0.0 0.0 0.0 0.0 0.0042540806 0.0 0.0 0.0 0.0 0.0 0.0 0.0 0.0 
1.3125 0.0 0.0 0.0 0.0 0.0 0.0 0.019883048 0.0 0.0 0.0 0.0 0.0 0.0 0.0 0.0 
1.3375 0.0 0.0 0.0 0.0 0.0 0.0 0.0687029529 0.0 0.0 0.0 0.0 0.0 0.0 0.0 0.0 
1.3625 0.0 0.0 0.0 0.0 0.0 0.0 0.2810996806 0.0 0.0 0.0 0.0 0.0 0.0 0.0 0.0 
1.3875 0.0 0.0 0.0 0.0 0.0 0.0 0.9235975571 0.0 0.0 0.0 0.0 0.0 0.0 0.0 0.0 
1.4125 0.0 0.0 0.0 0.0 0.0 0.0 2.2863039508 0.0 0.0 0.0 0.0 0.0 0.0 0.0 0.0 
1.4375 0.0 0.0 0.0 0.0 0.0 0.0 4.5256138648 0.0 0.0 0.0 0.0 0.0 0.0 0.0 0.0 
1.4625 0.0 0.0 0.0 0.0 0.0 0.0 7.8245890784 0.0 0.0 0.0 0.0 0.0 0.0 0.0 0.0 
1.4875 0.0 0.0 0.0 0.0 0.0 0.0 11.5262149455 0.0 0.0 0.0 0.0 0.0 0.0 0.0 0.0 
1.5125 0.0 0.0 0.0021137634 0.0 0.0 0.0 14.8822157159 0.0 0.0 0.0 0.0 0.0 0.0 0.0 0.0 
1.5375 0.0 0.0 0.0119325706 0.0 0.0 0.0 17.0397108149 0.0 0.0 0.0 0.0 0.0 0.0 0.0 0.0 
1.5625 0.0 0.0 0.0580990641 0.0 0.0 0.0 17.7053596792 0.0 0.0 2.2766090952e-04 0.0 0.0 0.0 0.0 0.0 
1.5875 0.0 0.0 0.2472002105 0.0 0.0 0.0 16.9198630528 0.0 0.0 1.1027354711e-04 0.0 0.0 0.0 0.0 0.0 
1.6125 0.0 0.0 0.7637273498 0.0 0.0 0.0 15.0622283122 0.0 0.0 3.2064236023e-04 0.0 0.0 0.0 0.0 0.0 
1.6375 0.0 0.0 1.9449396613 0.0 0.0 0.0 12.3583768386 0.0 0.0 2.5910556665e-04 0.0 0.0 0.0 0.0 0.0 
1.6625 0.0 0.0 3.9385212569 0.0 0.0 0.0 9.9290421225 0.0 0.0 4.524689792e-04 0.0 0.0 0.0 0.0 0.0 
1.6875 0.0 0.0 6.8421836452 0.0 0.0 0.0 7.6392969078 0.0 0.0 6.8314095365e-04 0.0 1.3694300223e-04 0.0 0.0 0.0 
1.7125 0.0 0.0 10.273051034 0.0 0.0 0.0 5.6948076628 0.0 0.0 6.1595966085e-04 0.0 4.4324640607e-05 0.0 0.0 0.0 
1.7375 0.0 0.0 13.6801761372 0.0 0.0 0.0 4.0120979455 0.0 0.0 0.0014728911 0.0 1.7223323879e-04 0.0 0.0 0.0 
1.7625 0.0 0.0 15.9089823136 0.0 0.0 0.0 2.8687797119 0.0 0.0 0.0013866727 0.0 3.3476384727e-04 0.0 0.0 0.0 
1.7875 0.0 0.0 16.7315526655 0.0 0.0 0.0 2.0418482328 0.0 0.0 0.0013481565 0.0 0.0021562087 0.0 0.0 0.0 
1.8125 0.0 0.0 16.5248870976 0.0 0.0 0.0 1.4087822586 0.0 0.0 0.0013535206 0.0 0.008032435 0.0 0.0 0.0 
1.8375 0.0 0.0 15.1227976474 0.0 0.0 0.0 0.9303160526 0.0 0.0 0.0011523235 0.0 0.0232535701 0.0 0.0 0.0 
1.8625 0.0 0.0 13.1924372154 0.0 0.0 0.0 0.6734687737 0.0 0.0 0.0013619389 0.0 0.0544478364 0.0 0.0 0.0 
1.8875 0.0 0.0 11.1090715321 0.0 0.0 0.0 0.4999398893 0.0 0.0 0.0013651035 0.0 0.1204423861 0.0 0.0 0.0 
1.9125 0.0 0.0 8.9762805486 0.0 0.0 0.0 0.3869751267 0.0 0.0 0.0025453266 0.0 0.2152240953 0.0 0.0 0.0 
1.9375 0.0 0.0 7.0391143192 0.0 0.0 0.0 0.2613877965 0.0 0.0 0.002294986 0.0 0.3655654723 0.0 0.0 0.0 
1.9625 0.0 0.0 5.3331311108 0.0 0.0 0.0 0.1857158385 0.0 0.0 0.0023090459 0.0 0.5810602228 0.0 0.0 0.0 
1.9875 0.0 0.0 4.0766460373 0.0 0.0 0.0 0.1374626029 0.0 0.0 0.0018643767 0.0 0.8514800045 0.0 0.0 0.0 
2.0125 0.0 0.0 3.0331848101 0.0 0.0 0.0 0.0902911243 0.0 0.0 0.0024015878 0.0 1.1822496594 0.0 0.0 0.0 
2.0375 0.0 0.0 2.2329472596 0.0 0.0 0.0 0.0711021504 0.0 0.0 0.0034141082 0.0 1.5763494692 0.0 0.0 0.0 
2.0625 0.0 0.0 1.6585138255 0.0 0.0 0.0 0.0573109929 0.0 0.0 0.0051284274 0.0014209337 1.9588105943 0.0 0.0 0.0 
2.0875 0.0 0.0 1.2300834474 0.0 0.0 0.0 0.0494733607 0.0 0.0 0.0080994094 0.0060107821 2.3546456008 0.0 0.0 0.0 
2.1125 0.0 0.0 0.9320541423 0.0 0.0 0.0 0.0460518904 0.0 0.0 0.0123614608 0.0212199887 2.7487822846 0.0 0.0 0.0 
2.1375 0.0 0.0 0.7006446787 0.0 0.0 0.0 0.0368226527 0.0 0.0 0.0190994226 0.0374841375 3.048975394 0.0 0.0 0.0 
2.1625 0.0 0.0 0.5040975502 0.0 0.0 0.0 0.029082551 0.0 0.0 0.0303082524 0.0534257233 3.2996082494 0.0 0.0 0.0 
2.1875 0.0 0.0 0.3713757391 0.0 0.0 0.0 0.0227372901 0.0 0.0 0.0548540755 0.0804226374 3.4601428856 0.0 0.0 0.0 
2.2125 0.0 0.0 0.2871316633 0.0 0.0 0.0 0.0168755708 0.0 0.0 0.0898138033 0.1481757437 3.5351333429 0.0 0.0 0.0 
2.2375 0.0 0.0 0.2382521865 0.0 0.0 0.0 0.0148907617 0.0 0.0011294649 0.1458822801 0.2410693576 3.5380034264 0.0 0.0 0.0 
2.2625 0.0 0.0 0.2016848706 0.0 0.0 0.0 0.0112178353 0.0 0.0025774992 0.2163488141 0.363694029 3.541407757 0.0 0.0 0.0 
2.2875 0.0 0.0 0.1504782809 0.0 0.0 0.0 0.0094337715 0.0 0.002161259 0.3176810918 0.5148143849 3.4385382728 0.0 0.0 5.577442655e-04 
2.3125 0.0 0.0 0.1130314598 0.0 0.0 0.0 0.0094192883 0.0 0.0056394191 0.459687254 0.6273246018 3.3457069016 0.0 0.0 8.1862534866e-04 
2.3375 0.0 0.0 0.0868787776 0.0 0.0 0.0 0.0057157091 0.0 0.0182831318 0.628969594 0.817530772 3.2260865535 0.0 0.0 0.0021365559 
2.3625 0.0 0.0 0.0782631611 0.0 0.0 0.0 0.0083028261 0.0 0.0290424241 0.8447472065 1.0161937197 3.0773324602 0.0 0.0 0.0033988133 
2.3875 0.0 0.0 0.0668769099 0.0 0.0 0.0 0.0056555526 0.0 0.0459627674 1.058612192 1.1173251166 2.8897365431 0.0 0.0 0.0035840079 
2.4125 0.0 0.0 0.0535893168 0.0 0.0 0.0 0.0058851317 0.0 0.0650938 1.2949677193 1.292305682 2.7242017742 0.0 0.0 0.0056830408 
2.4375 0.0 0.0 0.045713306 0.0 0.0 0.0 0.0061041507 0.0 0.0913653517 1.5367959364 1.5338374112 2.5239678408 0.0 0.0 0.0065494876 
2.4625 0.0 0.0 0.0384102753 0.0 0.0 0.0 0.0031565538 0.0 0.1283736654 1.7901727282 1.7268010444 2.3799236377 0.0 0.0 0.0081016888 
2.4875 0.0 0.0 0.038293343 0.0 0.0 0.0 0.0050471668 0.0 0.1492616864 1.9722913097 1.8218644049 2.2142829371 0.0 0.0036553882 0.0135996165 
2.5125 0.0 0.0 0.0333219623 0.0 9.5546845365e-04 0.0185122013 0.0043088744 0.0 0.1988568719 2.1302458882 1.9466537184 2.0734283204 0.0 0.0023886711 0.0194175847 
2.5375 0.0 0.0 0.0340454497 0.0 0.0025760196 0.0090746143 0.0053196015 0.0 0.2614074391 2.2659128591 2.1018684335 1.9352447861 0.0 0.0052691309 0.0281775746 
2.5625 0.0 0.0 0.0293340815 0.0 0.0045927297 0.0044492069 0.0047560488 0.0 0.3378526801 2.3154498095 2.244855021 1.8020921205 0.0 0.0022963649 0.0325194895 
2.5875 0.0 0.0 0.029492241 0.0 0.0065313956 0.0043636479 0.0049655304 0.0 0.4419953042 2.3180776925 2.2320811402 1.6861446165 0.0 0.0022522054 0.0435184199 
2.6125 0.0 0.0 0.0335357647 0.0 0.0121511914 0.0042805333 0.0078230437 0.0 0.5526030463 2.2795036153 2.2680922529 1.5618471044 0.0 0.0022093075 0.0602214472 
2.6375 0.0 0.0 0.0388116766 0.0 0.017991277 0.0167990839 0.0047790497 0.008399542 0.65489332 2.2145427338 2.2073416996 1.463687925 0.0 0.0065028712 0.0702030396 
2.6625 0.0 0.0 0.030127926 0.0 0.0325447614 0.0164850916 0.0059687401 0.0206063645 0.7420950098 2.0983698619 2.2504992267 1.3600658984 0.0 0.010635543 0.0949651061 
2.6875 0.0 0.0 0.0273383181 0.0 0.0513578832 0.0080899105 0.009763685 0.0202247761 0.8570085787 1.9766700595 2.1834389361 1.2770360098 0.0 0.0172236803 0.1200775055 
2.7125 0.0 0.0 0.0263985614 0.0 0.072959108 0.0397073797 0.0110906819 0.0476488556 1.0592904192 1.8379464843 2.1504969147 1.2171747345 0.0 0.0158829519 0.1525821141 
2.7375 0.0 0.0 0.0282846142 0.0 0.1058392017 0.015594179 0.0131743926 0.0818694395 1.1486873435 1.6890109002 2.1143555745 1.1332059145 0.0 0.0150911409 0.1694102272 
2.7625 0.0 0.0 0.0302039875 0.0 0.1412767156 0.0650811443 0.0149171791 0.1378188939 1.3455866197 1.5290085844 1.9970538568 1.0785167351 0.0 0.0143252614 0.2038999383 
2.7875 0.0 0.0 0.0270715816 0.0 0.1923149635 0.0676789541 0.019188669 0.2368763393 1.4387235725 1.3865199283 1.945316144 1.0212487338 0.0 0.0135843062 0.2455191194 
2.8125 0.0 0.0 0.0249622626 0.0 0.2645901239 0.1181886721 0.0208867912 0.3250188482 1.6377232726 1.2766765654 1.9276979963 0.9544655538 0.0 0.0185861218 0.2825582457 
2.8375 0.0 0.0043543215 0.0251249356 0.0 0.3339249571 0.1052294365 0.0275273199 0.2975453032 1.8063411166 1.1666923836 1.9126482355 0.9060928134 0.0 0.0224739175 0.3236364943 
2.8625 0.0 0.0085571922 0.03147473 0.0 0.4409254308 0.1212268896 0.0256961663 0.4278596104 1.9281286316 1.0915592368 1.8793856337 0.8674746518 0.0 0.0630287813 0.364905033 
2.8875 0.0 0.0056064387 0.027162229 0.0 0.5470799086 0.1962253556 0.0279113652 0.4800513165 2.0237435295 1.0018592686 1.8015517565 0.8419948003 0.0 0.0759582022 0.3999181843 
2.9125 0.0 0.0041329534 0.0247027099 0.0110212091 0.6628723961 0.1894270306 0.0339662262 0.5923899866 2.1662453036 0.9562307629 1.703299356 0.7981794977 0.0 0.0897695254 0.4500804883 
2.9375 0.0 0.0067715084 0.0289540358 0.0081258101 0.8059405588 0.1963737431 0.037126546 0.6331360336 2.1946240227 0.9308448762 1.589202967 0.7725394723 0.0 0.0934905028 0.5176504596 
2.9625 0.0 0.0093207859 0.0282837641 0.0053261634 0.9470262105 0.302925542 0.0451116855 0.7722936894 2.3327736525 0.8885858119 1.5250734182 0.7498841088 0.0 0.1151138536 0.5810561584 
2.9875 0.0 0.0144028392 0.0286250785 0.0052373961 1.101711603 0.5171928607 0.0538413345 0.7888827812 2.3678098629 0.8747728071 1.4831763836 0.7246569545 0.0 0.1368480905 0.6565547379 
3.0125 0.0 0.0347680992 0.0351677326 0.0180279033 1.2579654922 0.3058305025 0.060500045 0.9207107758 2.4910906937 0.8751204224 1.4562194306 0.6991577849 0.0 0.1703096856 0.7276015678 
3.0375 0.0 0.0443309264 0.0331062485 0.0202655664 1.4372208927 0.3799793695 0.062893137 1.0576092452 2.444125364 0.8649764221 1.4013377093 0.6779186994 0.0 0.2112358431 0.7958083362 
3.0625 0.0 0.0448561177 0.0358333354 0.0598081569 1.5958488309 0.3893760213 0.0711081175 1.1245179495 2.4526167555 0.8753580391 1.3269934805 0.6530914349 0.0 0.2395541767 0.8629447816 
3.0875 0.0 0.0711025991 0.0359317534 0.1005243642 1.7901404085 0.4505207786 0.0789441758 1.311720362 2.4551751184 0.887404983 1.2914294895 0.642626114 0.0 0.2519040912 0.9215349952 
3.1125 0.0 0.1145978153 0.0362719764 0.1326922071 2.0234588771 0.4312496732 0.0976473217 1.5078659902 2.3987715862 0.9044040359 1.2075406812 0.6335385337 0.0 0.297681931 0.9774360784 
3.1375 0.0 0.1317731719 0.0359418592 0.1282117348 2.1497293744 0.4155009925 0.1058197109 1.7569756252 2.4564342084 0.9123659299 1.1857129307 0.6223469338 0.0 0.3251247397 1.0388080707 
3.1625 0.0 0.1472248102 0.0345700293 0.1472248102 2.261970125 0.408957806 0.1040525649 1.74391293 2.4215202073 0.9229511485 1.1160720421 0.6130532908 0.0 0.3999117348 1.1072683062 
3.1875 0.0 0.1679283538 0.0356163585 0.2806473857 2.4281712734 0.3738131162 0.1285044559 2.08760248 2.45547911 0.9320265708 1.0914946376 0.6026812922 0.0 0.4125857918 1.1576626865 
3.2125 0.0 0.2230753328 0.0420145384 0.3147966626 2.4754165965 0.3312159129 0.1337358682 2.1260098344 2.394580554 0.9417590299 1.0689107712 0.5914104279 0.1245598305 0.4617115125 1.2335087785 
3.2375 0.0 0.2564365419 0.0537478689 0.4415168287 2.6072367174 0.3261203848 0.1544578421 2.2326703267 2.3708691223 0.9634632294 1.0353577321 0.5819523283 0.1003447338 0.5272594256 1.2958381323 
3.2625 0.0 0.3315717833 0.0511857788 0.5423723872 2.6562576103 0.3650583376 0.1777494317 2.2809284099 2.3111212048 0.9568351581 0.9739305921 0.5826913246 0.0658751887 0.6144809272 1.3462941798 
3.2875 0.0 0.3925064493 0.060924816 0.7222983695 2.6888418344 0.3541208323 0.1982666519 2.4328912145 2.3181354856 0.9714079156 0.991240045 0.5763164773 0.0540642492 0.6156348378 1.4220304001 
3.3125 0.0 0.3983194878 0.0663253729 0.6773561343 2.7720892556 0.3008696666 0.2148413243 2.4335829668 2.3379024619 0.9904102736 1.0066325982 0.5765471591 0.1810543126 0.7001682906 1.4952468543 
3.3375 0.0 0.3766375855 0.0662760596 0.8644829261 2.7066194213 0.2255628994 0.2348784482 2.746097159 2.2723812274 1.0002036418 0.97768041 0.5662033139 0.1363868694 0.7699258757 1.508476112 
3.3625 0.0 0.4020654939 0.0714957345 1.0356545627 2.7053316339 0.1498701712 0.2591096659 2.8966286545 2.2770596985 1.0107034436 0.9655131841 0.559390371 0.1653739821 0.7998632721 1.5315592511 
3.3875 0.0 0.4338332238 0.0799258878 0.8248941579 2.7257315043 0.1629420559 0.2867288548 3.0297038517 2.2769181237 1.0216815651 0.8823101625 0.564655848 0.1934936914 0.8446048905 1.571220912 
3.4125 0.0 0.4816901469 0.0847110258 1.1861619867 2.7449864043 0.1530369738 0.2975959241 3.0431778551 2.2694144992 1.0382923712 0.8353448381 0.5756014188 0.1505281709 0.8866594841 1.5934370208 
3.4375 0.0 0.5024006265 0.0887351636 1.1966629095 2.704566644 0.089007985 0.3293465959 2.922428841 2.1917019963 1.0432949427 0.8660374633 0.5817806559 0.1879057461 0.9819590604 1.6132375684 
3.4625 0.0 0.5439093643 0.1002982044 1.3412531995 2.6669104316 0.0682323575 0.360488687 3.0558348695 2.1997860521 1.0693019944 0.8171076904 0.5771288617 0.360656747 0.998016142 1.6112451998 
3.4875 0.0 0.4727250303 0.1158288973 1.5930449192 2.6055046517 0.0624535101 0.3901273642 3.1515002021 2.2083437195 1.0771730991 0.8249827064 0.5830454927 0.4611951515 1.0516365249 1.6649336935 
3.5125 0.0 0.4470759287 0.1233966144 1.6689571744 2.584925066 0.0639356466 0.4302387252 3.3104457007 2.1620484358 1.090310149 0.8232428976 0.591475191 0.4925412774 1.1647440132 1.6633567991 
3.5375 0.0 0.4277052304 0.1320276649 1.8266188444 2.4969454247 0.060700524 0.461855313 3.1097345357 2.1617218859 1.1218020917 0.812453167 0.5939063502 0.5322969025 1.1627991192 1.6936869805 
3.5625 0.0 0.3729213801 0.1389445687 1.9944387886 2.4621424964 0.0460396766 0.4821465438 3.0869603134 2.1092112468 1.1345358774 0.796010132 0.6022235512 0.3591094772 1.1260413796 1.7266842942 
3.5875 0.0 0.4022461881 0.1457191375 2.0139549551 2.452902117 0.0476702593 0.504412399 2.9192358794 2.099834648 1.1512228615 0.7359536585 0.6112418566 0.5448029635 1.1584385595 1.7195969502 
3.6125 0.005731078 0.3035680363 0.1765641371 1.9037924637 2.4062439266 0.040296642 0.528642537 2.9528483767 2.0034219391 1.1627516453 0.7534391299 0.6168857582 0.7432491744 1.2759158972 1.7134715494 
3.6375 0.0056525713 0.2949935642 0.1867541334 1.7876256705 2.3782965777 0.0198723209 0.5600035269 2.8373258234 1.9695678089 1.1668615181 0.7463160532 0.6228576321 0.6712428407 1.3641386763 1.7092999136 
3.6625 0.0027878334 0.3188584424 0.1970108974 1.9584529469 2.3571805673 0.013067969 0.5739391881 2.855351216 1.9240827834 1.1802608344 0.7430717518 0.6318559226 0.4704468823 1.3992562884 1.7212912944 
3.6875 0.0055003211 0.3033770834 0.2116556735 2.1898153217 2.2762014125 0.0236341921 0.5991526994 2.8339544833 1.8451303836 1.1668152842 0.7367348143 0.635812106 0.4554953377 1.3972589788 1.7301900928 
3.7125 0.0027132462 0.2636936132 0.2365319139 2.1180278002 2.2405067961 0.0105986179 0.642641714 2.8128731894 1.7429598074 1.1524037288 0.7436575067 0.6446128919 0.483296976 1.439223932 1.709648605 
3.7375 0.0133853505 0.258504582 0.2478597666 2.0479586303 2.2438813013 0.0083658441 0.6793642346 2.7168078643 1.6722242848 1.1348003883 0.7330210277 0.6513540114 0.6190724618 1.5061218 1.6696518531 
3.7625 0.0052832255 0.2154565395 0.2820377055 2.0588069328 2.2247066042 0.0082550398 0.7159112126 2.7530557823 1.5890951667 1.117011917 0.7053789204 0.6657382008 0.6026179074 1.5442250308 1.6776371261 
3.7875 0.0091239932 0.2158801952 0.312204618 2.0691913046 2.1678944103 0.0183294505 0.7515776996 2.6659167498 1.4980219751 1.0996895393 0.7278407101 0.675509687 0.7820565561 1.5225926364 1.6645828302 
3.8125 0.0077183374 0.2001943766 0.323870753 2.1482705794 2.1006534171 0.0341697229 0.7894384259 2.6350886317 1.3820907279 1.076270987 0.7190196866 0.6880985803 1.0773512636 1.5548196498 1.6333198665 
3.8375 0.0215846186 0.1587104308 0.3465360166 2.2838430999 2.0572967591 0.0357098469 0.8131173194 2.7199000087 1.3414871175 1.0600384793 0.7011991018 0.7012564777 0.936391542 1.5499865464 1.6376075861 
3.8625 0.0087731046 0.1590125217 0.3774487817 2.1791765284 2.0100314752 0.0391656457 0.8519203216 2.440019729 1.3034579581 1.0363295059 0.6984990335 0.711751747 0.7598135272 1.6479892997 1.611880286 
3.8875 0.0222701927 0.1786255039 0.41665952 1.9532814845 1.9817677749 0.0405967054 0.8653964368 2.4957307962 1.2412240016 1.0293417527 0.7232746371 0.729953665 0.5490221116 1.5812136146 1.599197587 
3.9125 0.0122147221 0.1755866306 0.434359731 2.1635326575 1.9434213946 0.045805208 0.9009015693 2.4448529766 1.1256752996 1.0133335659 0.7399910326 0.7448653725 0.5725650999 1.6492337523 1.5695155313 
3.9375 0.0036180322 0.1515051001 0.4683168458 2.1662968048 1.8673714797 0.0565317538 0.9555165969 2.4553625058 1.0446824951 0.9972174479 0.7433600727 0.766911826 0.4597915974 1.6653160501 1.551311327 
3.9625 0.002381682 0.1771375991 0.4935830636 2.2060329564 1.7808835115 0.0614027392 0.970509752 2.2979509962 1.0165364522 0.982895171 0.7252837655 0.7814314551 0.3646950569 1.6030736635 1.5374984114 
3.9875 0.0023519114 0.1727184912 0.5246688488 1.9785454393 1.7059892589 0.0624726457 1.0143884973 2.315162754 0.9481142707 0.9771723314 0.7477709585 0.7952580177 0.4115844896 1.6126714852 1.4985175144 
4.0125 0.0104521296 0.2010583255 0.5564958059 2.1543000363 1.6356271556 0.0816572622 1.0626707151 2.1321618452 0.9014493457 0.9720677267 0.7411100483 0.807711532 0.3338874719 1.6495352313 1.4852803597 
4.0375 0.0206461851 0.2150644285 0.5978791113 1.9556525367 1.5517014144 0.112908825 1.0781031481 1.9140734138 0.8498513708 0.9660510007 0.7843671629 0.8270052607 0.2867525714 1.5873142337 1.4627066647 
4.0625 0.0203928609 0.2343762834 0.6333213916 1.9514834955 1.5102777368 0.1504681578 1.0964336916 1.8144689612 0.8005933859 0.9582980922 0.7881723542 0.8337371408 0.3044767428 1.540428472 1.4276947846 
4.0875 0.0100720853 0.2315180717 0.6700252142 1.9906357461 1.420200127 0.1398900735 1.1060963399 1.9357288922 0.7603702383 0.9560762955 0.7791635905 0.8577408873 0.3986867095 1.5387908086 1.4113321735 
4.1125 0.0088444453 0.2342396049 0.7122256402 2.0425140766 1.3260426846 0.1675607793 1.1293822877 1.8759897557 0.7371114029 0.9397469568 0.7704340986 0.8842523755 0.4975000457 1.61798962 1.383066233 
4.1375 0.0174757739 0.234148065 0.7355643646 2.1967593967 1.2574805889 0.1791949477 1.1457883847 1.9370120535 0.6767017809 0.9401459227 0.7578563337 0.9059012216 0.4095884518 1.6359315101 1.3750976848 
4.1625 0.0237414179 0.2286460418 0.7738288174 1.9708074757 1.1748868836 0.1500700422 1.1924201572 1.6524566446 0.6422714964 0.9263044233 0.7687819055 0.9275079231 0.5935354479 1.5776119987 1.3434698164 
4.1875 0.0106630842 0.2372536245 0.8046492066 1.9113578514 1.1066389612 0.2065972573 1.2207393001 1.6494458446 0.6048505551 0.9272192046 0.76376639 0.9439542774 0.5464830677 1.5280887668 1.30190045 
4.2125 0.0115905849 0.2647394965 0.8589386443 2.1192330839 1.0466366164 0.2140306875 1.2247437721 1.6266332248 0.6120321693 0.9144844333 0.7923109481 0.9524814275 0.5992859249 1.5391090131 1.2866854039 
4.2375 0.0052064667 0.280498392 0.8980706178 1.9589330857 0.9952748872 0.2652043962 1.2593702307 1.4138811059 0.588456697 0.9098315988 0.8241702093 0.977551762 0.4230254172 1.5308691524 1.2604958753 
4.2625 0.0226405213 0.2907248759 0.9542820041 1.8755613673 0.9407269392 0.2958704489 1.2841198887 1.2960412055 0.5479620305 0.8998175514 0.867871864 1.001869969 0.4438056733 1.5714746002 1.2344020864 
4.2875 0.0162743727 0.2949730046 0.9957531034 1.7927238639 0.9157615748 0.3019658991 1.3017415609 1.3365964269 0.5182124461 0.9053118694 0.8775096145 1.0178625017 0.5785030908 1.5730936582 1.1997798605 
4.3125 0.0090485054 0.3273799506 1.0145766633 1.7167025431 0.8723375365 0.3157551347 1.291622136 1.3918360662 0.5189107012 0.9012043545 0.8581562607 1.0365842365 0.5655315845 1.4817332912 1.1733815921 
4.3375 0.016895168 0.3397667972 1.0513643704 1.7416930519 0.8428348504 0.3369716408 1.3125990513 1.3028534866 0.5294767716 0.9009274171 0.8617863636 1.056790933 0.5341854582 1.5163974296 1.1458299407 
4.3625 0.0167020825 0.3813232797 1.1052425205 1.6370496998 0.7929527573 0.3592175823 1.3325352489 1.2188835912 0.5065888981 0.8909670806 0.8857100776 1.0691933765 0.4605353619 1.5058020736 1.1334249689 
4.3875 0.0281680209 0.3436012896 1.1525526868 1.8175658321 0.7570743107 0.3854890793 1.3318893657 1.1913737293 0.4886908801 0.8913670257 0.8657019209 1.0931031014 0.3460295672 1.4364045703 1.1073805272 
4.4125 0.0412944444 0.3907366763 1.1839865619 1.7105983523 0.7084800782 0.4741658591 1.3528007841 1.3939876047 0.4677765274 0.8833077843 0.860059462 1.1077445427 0.3841343668 1.4199805677 1.0722585214 
4.4375 0.0446286498 0.4278890491 1.218815629 1.4088884918 0.6639928316 0.5519234614 1.3618000274 1.3308477013 0.4790802852 0.8630944554 0.9130168791 1.1218357447 0.332341009 1.4363793725 1.0513921783 
4.4625 0.0647866117 0.467707695 1.2464785443 1.3497210771 0.6540752125 0.6543213047 1.3522505393 1.1634008849 0.4689002956 0.8564096415 0.9082793185 1.130007087 0.4225213806 1.3907995446 1.0194934319 
4.4875 0.0659237757 0.5263456385 1.2764927301 1.34517 0.6326555891 0.6499527179 1.3605883673 1.1707853646 0.4628479536 0.8554021427 0.9413108328 1.1449051908 0.4758582399 1.3828343108 1.0058953093 
4.5125 0.0936609162 0.5394685123 1.2974158351 1.2729161279 0.6084849369 0.6542490468 1.3697473616 1.1449358319 0.4676381133 0.8518667341 0.9887947255 1.1714700528 0.6255539132 1.3899552472 0.9897641348 
4.5375 0.0635707647 0.5863267854 1.3322459402 1.1147587673 0.5749199345 0.7520648506 1.4124825012 1.0755946354 0.4508727193 0.8505032943 0.9775375137 1.1862569367 0.374613435 1.3746811682 0.9665317214 
4.5625 0.0979069287 0.6029360171 1.3390576695 1.0610326558 0.5516138367 0.7719152919 1.4055149785 1.0105072912 0.470755144 0.8461479932 0.9982147217 1.1988143445 0.3199939755 1.3529569843 0.9525103182 
4.5875 0.0906234753 0.6546879744 1.3967289522 1.1505627506 0.5307864526 0.8301598997 1.4116356407 0.8468186268 0.4780875547 0.8387401675 1.0013426814 1.2037582602 0.3276216326 1.3124569177 0.9393141432 
4.6125 0.0878860507 0.698144815 1.4256102348 1.2271089825 0.527316304 0.9612536792 1.4118117461 0.8266781641 0.4683121611 0.8382027581 1.0424156893 1.2135839156 0.3185869337 1.2498955674 0.9109375434 
4.6375 0.087810459 0.7471496358 1.414665768 1.1476218405 0.5067821764 1.0691032061 1.3839834476 0.8286568688 0.4753712169 0.8365426855 1.0144371481 1.2108704863 0.3586318252 1.2723892566 0.8876852946 
4.6625 0.1023533359 0.8214070235 1.4516986288 1.111694846 0.5103100382 1.0872354091 1.3896648997 0.775444785 0.4768766498 0.8327094177 1.03936387 1.2167081669 0.3978018308 1.2331163115 0.8723066835 
4.6875 0.1106250632 0.8238376104 1.4694500276 1.1424165184 0.499185304 1.0756691846 1.382171401 0.7432621436 0.4815827427 0.837238871 1.0526070133 1.2295703168 0.3616588606 1.2208560018 0.8512055364 
4.7125 0.1431327274 0.8751092858 1.470993621 1.1997890388 0.4950572655 1.0340287111 1.3604685902 0.7472370329 0.4695269498 0.8400488005 1.0820239018 1.2301449214 0.4472897732 1.1632929093 0.8502804185 
4.7375 0.1574548784 0.9700345189 1.4618655586 1.1194708619 0.474662364 1.1572204607 1.3618582979 0.8109655197 0.468447747 0.8335589387 1.0973866733 1.2192232827 0.5415114867 1.1738907508 0.847095092 
4.7625 0.1714692037 1.0041871332 1.4706497432 0.9830626219 0.4746117575 1.0832752424 1.3622111776 0.7303413347 0.4705231424 0.8371570115 1.1390180129 1.2150820715 0.5873644596 1.1777205888 0.8357588169 
4.7875 0.2121038529 1.0620488598 1.4846214813 1.081933596 0.4686810944 1.2032814734 1.3549663202 0.7138110436 0.4839605981 0.8391614524 1.1398999756 1.2165867389 0.377300123 1.1272951365 0.827838299 
4.8125 0.2696483553 1.1358129637 1.4858707313 1.0596211567 0.4662984162 1.3484940673 1.3316601843 0.7152442808 0.4806545738 0.840587186 1.1782848067 1.2125896137 0.2421991215 1.1170783408 0.8026468806 
4.8375 0.2796526199 1.1615571318 1.4651110963 0.9737903727 0.4690302811 1.2759150781 1.313325504 0.6978831005 0.4914862576 0.842104961 1.1853379365 1.199655524 0.2397022456 1.0881644281 0.7907347231 
4.8625 0.2522692223 1.1412414463 1.4670596499 0.9529291938 0.4690028973 1.2455298591 1.2883513393 0.6524204024 0.4956928228 0.8453102704 1.2187717601 1.2071327842 0.2273586251 1.0771633037 0.7832213017 
4.8875 0.2857012545 1.1746039589 1.4617053789 0.8913487768 0.4760845915 1.2144749387 1.278030647 0.591949517 0.4962370717 0.8464632031 1.1982380789 1.199315548 0.146764343 1.0559142143 0.781032694 
4.9125 0.3223153858 1.1927025168 1.4327725755 0.7747966004 0.4497569298 1.2554126166 1.2545777065 0.6125735622 0.4963540721 0.8537042447 1.2331622617 1.187716218 0.1985416289 1.0545669051 0.7664923289 
4.9375 0.3083221165 1.2391366155 1.4405490035 0.8484610482 0.4535640508 1.2607076591 1.2423598749 0.6495280905 0.540513139 0.8594560391 1.2166564475 1.1861861154 0.177361914 1.0466981657 0.7607452887 
4.9625 0.3576125238 1.315896402 1.4117696255 0.7810910485 0.4433111897 1.4034488312 1.2530690864 0.6738452545 0.5396732042 0.8639542321 1.2003379953 1.1802769815 0.1803247864 1.0540886921 0.756576003 
4.9875 0.395378262 1.2989791996 1.3848218233 0.7385154799 0.4664595434 1.4998159475 1.231304627 0.609557147 0.538974453 0.865939582 1.1750508979 1.1642780455 0.2161050386 1.0232406879 0.7480130338 
