# Radial distribution function (200 data points):
"Pair separation distance" g(r)
0.0125 0.0 
0.0375 0.0 
0.0625 0.0 
0.0875 0.0 
0.1125 0.0 
0.1375 0.0 
0.1625 0.0 
0.1875 0.0 
0.2125 0.0 
0.2375 0.0 
0.2625 0.0 
0.2875 0.0 
0.3125 0.0 
0.3375 0.0 
0.3625 0.0 
0.3875 0.0 
0.4125 0.0 
0.4375 0.0 
0.4625 0.0 
0.4875 0.0 
0.5125 0.0 
0.5375 0.0 
0.5625 0.0 
0.5875 0.0 
0.6125 0.0 
0.6375 0.0 
0.6625 0.0 
0.6875 0.0 
0.7125 0.0 
0.7375 0.0 
0.7625 0.0 
0.7875 0.0 
0.8125 0.0 
0.8375 0.0 
0.8625 0.0 
0.8875 0.0 
0.9125 0.0 
0.9375 0.0 
0.9625 0.0 
0.9875 0.0 
1.0125 0.0 
1.0375 0.0 
1.0625 0.0 
1.0875 0.0 
1.1125 0.0 
1.1375 0.0 
1.1625 0.0 
1.1875 0.0 
1.2125 0.0 
1.2375 0.0 
1.2625 5.8652538102e-05 
1.2875 1.9738934166e-04 
1.3125 9.2257342766e-04 
1.3375 0.003187817 
1.3625 0.0130430252 
1.3875 0.0428549266 
1.4125 0.1060845033 
1.4375 0.2099884833 
1.4625 0.3630609332 
1.4875 0.5348163735 
1.5125 0.6906574075 
1.5375 0.7913346709 
1.5625 0.82497502 
1.5875 0.7994563539 
1.6125 0.7432914441 
1.6375 0.6863223488 
1.6625 0.6892939979 
1.6875 0.7515890813 
1.7125 0.8602991835 
1.7375 0.9801689763 
1.7625 1.0564192106 
1.7875 1.0664007051 
1.8125 1.0271547364 
1.8375 0.9290385539 
1.8625 0.8164479078 
1.8875 0.7112936626 
1.9125 0.6168307502 
1.9375 0.5526264014 
1.9625 0.5276648385 
1.9875 0.5496431209 
2.0125 0.6060590988 
2.0375 0.700813856 
2.0625 0.8049994903 
2.0875 0.9232350534 
2.1125 1.0493087567 
2.1375 1.1460521919 
2.1625 1.2285613876 
2.1875 1.287180901 
2.2125 1.3223216537 
2.2375 1.3414712091 
2.2625 1.366989824 
2.2875 1.3645826416 
2.3125 1.379520332 
2.3375 1.3966157327 
2.3625 1.4203287998 
2.3875 1.4268139232 
2.4125 1.4507733075 
2.4375 1.4660118873 
2.4625 1.5044329294 
2.4875 1.5095113372 
2.5125 1.5164010515 
2.5375 1.5185024068 
2.5625 1.492634174 
2.5875 1.455245159 
2.6125 1.4032958066 
2.6375 1.3486640555 
2.6625 1.2779374875 
2.6875 1.2115126304 
2.7125 1.1514504789 
2.7375 1.0753808186 
2.7625 1.0088159273 
2.7875 0.9471504188 
2.8125 0.89675064 
2.8375 0.8526051804 
2.8625 0.8240119713 
2.8875 0.7921000899 
2.9125 0.7711539975 
2.9375 0.762899803 
2.9625 0.7539397304 
2.9875 0.7532527758 
3.0125 0.7593867954 
3.0375 0.7588897304 
3.0625 0.7644030689 
3.0875 0.7766904668 
3.1125 0.7903775129 
3.1375 0.8009007187 
3.1625 0.8095308086 
3.1875 0.8213168748 
3.2125 0.8288120533 
3.2375 0.844416544 
3.2625 0.8485558728 
3.2875 0.8623853269 
3.3125 0.8813553535 
3.3375 0.8803163925 
3.3625 0.8857843914 
3.3875 0.8961568661 
3.4125 0.9093426875 
3.4375 0.915393721 
3.4625 0.9231954944 
3.4875 0.9349655575 
3.5125 0.9444592657 
3.5375 0.9577272641 
3.5625 0.9662844148 
3.5875 0.974340148 
3.6125 0.9801182089 
3.6375 0.9840031431 
3.6625 0.9930854901 
3.6875 0.9886036433 
3.7125 0.9850948994 
3.7375 0.9788104498 
3.7625 0.9795000996 
3.7875 0.9755503823 
3.8125 0.9670497901 
3.8375 0.9665433497 
3.8625 0.9614539376 
3.8875 0.9643240885 
3.9125 0.9616192682 
3.9375 0.9626679288 
3.9625 0.9592313585 
3.9875 0.9585685167 
4.0125 0.9612997755 
4.0375 0.9628778568 
4.0625 0.9592093687 
4.0875 0.9643350196 
4.1125 0.9665707277 
4.1375 0.9725568565 
4.1625 0.9722434383 
4.1875 0.973747522 
4.2125 0.9740437803 
4.2375 0.9807108884 
4.2625 0.986596735 
4.2875 0.99278759 
4.3125 0.9933775927 
4.3375 1.0008697511 
4.3625 1.0029747888 
4.3875 1.0092286217 
4.4125 1.0093298547 
4.4375 1.0079190644 
4.4625 1.0054929082 
4.4875 1.0114401707 
4.5125 1.0204540466 
4.5375 1.024917384 
4.5625 1.0266237597 
4.5875 1.0275791426 
4.6125 1.0302090745 
4.6375 1.0239112491 
4.6625 1.0261136953 
4.6875 1.0308511421 
4.7125 1.0309134694 
4.7375 1.0244522579 
4.7625 1.0243430083 
4.7875 1.0254283138 
4.8125 1.022223594 
4.8375 1.0148533649 
4.8625 1.0172776158 
4.8875 1.0132629813 
4.9125 1.0073944139 
4.9375 1.0092007954 
4.9625 1.0069544871 
4.9875 0.9982117236 
