# Radial distribution function (200 data points):
"Pair separation distance" g(r)
0.0125 0.0 
0.0375 0.0 
0.0625 0.0 
0.0875 0.0 
0.1125 0.0 
0.1375 0.0 
0.1625 0.0 
0.1875 0.0 
0.2125 0.0 
0.2375 0.0 
0.2625 0.0 
0.2875 0.0 
0.3125 0.0 
0.3375 0.0 
0.3625 0.0 
0.3875 0.0 
0.4125 0.0 
0.4375 0.0 
0.4625 0.0 
0.4875 0.0 
0.5125 0.0 
0.5375 0.0 
0.5625 0.0 
0.5875 0.0 
0.6125 0.0 
0.6375 0.0 
0.6625 0.0 
0.6875 0.0 
0.7125 0.0 
0.7375 0.0 
0.7625 0.0 
0.7875 0.0 
0.8125 0.0 
0.8375 0.0 
0.8625 0.0 
0.8875 0.0 
0.9125 0.0 
0.9375 0.0 
0.9625 0.0 
0.9875 0.0 
1.0125 0.0 
1.0375 0.0 
1.0625 0.0 
1.0875 0.0 
1.1125 0.0 
1.1375 0.0 
1.1625 0.0 
1.1875 0.0 
1.2125 0.0 
1.2375 0.0 
1.2625 0.0 
1.2875 0.0 
1.3125 0.0 
1.3375 0.0 
1.3625 0.0 
1.3875 0.0 
1.4125 0.0 
1.4375 0.0 
1.4625 0.0 
1.4875 0.0 
1.5125 0.0 
1.5375 0.0 
1.5625 0.0 
1.5875 0.0 
1.6125 0.0 
1.6375 0.0 
1.6625 0.0 
1.6875 0.0 
1.7125 0.0 
1.7375 0.0 
1.7625 0.0 
1.7875 0.0 
1.8125 0.0 
1.8375 0.0 
1.8625 0.0 
1.8875 0.0 
1.9125 0.0 
1.9375 0.0 
1.9625 0.0 
1.9875 0.0 
2.0125 0.0 
2.0375 0.0 
2.0625 0.0 
2.0875 0.0 
2.1125 0.0012426738 
2.1375 0.0025011137 
2.1625 0.0055340792 
2.1875 0.0081124652 
2.2125 0.0146587997 
2.2375 0.0214828098 
2.2625 0.0317458234 
2.2875 0.0394378794 
2.3125 0.0509083496 
2.3375 0.0647112922 
2.3625 0.0878575961 
2.3875 0.1123543615 
2.4125 0.1349847793 
2.4375 0.1707253026 
2.4625 0.2059085219 
2.4875 0.2331589984 
2.5125 0.2489339033 
2.5375 0.2786604563 
2.5625 0.2803644244 
2.5875 0.2781104968 
2.6125 0.268479819 
2.6375 0.2612642886 
2.6625 0.2496247617 
2.6875 0.2334384821 
2.7125 0.2388395564 
2.7375 0.2393184924 
2.7625 0.2529976038 
2.7875 0.2776123364 
2.8125 0.3126393026 
2.8375 0.3568302591 
2.8625 0.41524905 
2.8875 0.4803273142 
2.9125 0.5599589249 
2.9375 0.6477277911 
2.9625 0.7599057813 
2.9875 0.9093760429 
3.0125 1.0312646438 
3.0375 1.1357921657 
3.0625 1.2590729179 
3.0875 1.3783161694 
3.1125 1.4963567577 
3.1375 1.5597214838 
3.1625 1.6387311313 
3.1875 1.7406509387 
3.2125 1.781795673 
3.2375 1.826164579 
3.2625 1.8361137932 
3.2875 1.8387086623 
3.3125 1.8181657709 
3.3375 1.8046226828 
3.3625 1.7784825564 
3.3875 1.7417553866 
3.4125 1.7082330014 
3.4375 1.667505363 
3.4625 1.625108356 
3.4875 1.5589637317 
3.5125 1.5160928253 
3.5375 1.4746229641 
3.5625 1.4180623533 
3.5875 1.3695236028 
3.6125 1.3313179978 
3.6375 1.2869426297 
3.6625 1.247559438 
3.6875 1.2056742329 
3.7125 1.1897835604 
3.7375 1.1429900269 
3.7625 1.1264861445 
3.7875 1.1250073302 
3.8125 1.0986011558 
3.8375 1.0820286837 
3.8625 1.065634135 
3.8875 1.0438437278 
3.9125 1.0332691325 
3.9375 1.0301403811 
3.9625 1.0341148102 
3.9875 1.0238625323 
4.0125 1.0192123503 
4.0375 1.0223508211 
4.0625 1.028094533 
4.0875 1.0347481984 
4.1125 1.0293800229 
4.1375 1.0209243079 
4.1625 1.0074757286 
4.1875 1.0154065135 
4.2125 1.0130591162 
4.2375 1.0176685857 
4.2625 1.0160977009 
4.2875 1.0227949117 
4.3125 1.043681602 
4.3375 1.0302383679 
4.3625 1.0440807015 
4.3875 1.0465943229 
4.4125 1.0343542274 
4.4375 1.0375051276 
4.4625 1.0258286241 
4.4875 1.0154320585 
4.5125 1.013983354 
4.5375 1.0048323698 
4.5625 1.0211293673 
4.5875 1.0120265573 
4.6125 1.0099405297 
4.6375 1.0138338714 
4.6625 1.0168746632 
4.6875 1.0117624928 
4.7125 1.0073066588 
4.7375 1.0086986541 
4.7625 1.0035451704 
4.7875 0.9948366887 
4.8125 0.9976610128 
4.8375 0.9889270848 
4.8625 0.979779393 
4.8875 0.9811081628 
4.9125 0.983884238 
4.9375 0.9780338195 
4.9625 0.9703881008 
4.9875 0.9611369377 
