# Radial distribution function (200 data points):
"Pair separation distance" Br-Br Br-I Br-K Br-Tl Br-Zn I-I I-K I-Tl I-Zn K-K K-Tl K-Zn Tl-Tl Tl-Zn Zn-Zn
0.0125 0.0 0.0 0.0 0.0 0.0 0.0 0.0 0.0 0.0 0.0 0.0 0.0 0.0 0.0 0.0 
0.0375 0.0 0.0 0.0 0.0 0.0 0.0 0.0 0.0 0.0 0.0 0.0 0.0 0.0 0.0 0.0 
0.0625 0.0 0.0 0.0 0.0 0.0 0.0 0.0 0.0 0.0 0.0 0.0 0.0 0.0 0.0 0.0 
0.0875 0.0 0.0 0.0 0.0 0.0 0.0 0.0 0.0 0.0 0.0 0.0 0.0 0.0 0.0 0.0 
0.1125 0.0 0.0 0.0 0.0 0.0 0.0 0.0 0.0 0.0 0.0 0.0 0.0 0.0 0.0 0.0 
0.1375 0.0 0.0 0.0 0.0 0.0 0.0 0.0 0.0 0.0 0.0 0.0 0.0 0.0 0.0 0.0 
0.1625 0.0 0.0 0.0 0.0 0.0 0.0 0.0 0.0 0.0 0.0 0.0 0.0 0.0 0.0 0.0 
0.1875 0.0 0.0 0.0 0.0 0.0 0.0 0.0 0.0 0.0 0.0 0.0 0.0 0.0 0.0 0.0 
0.2125 0.0 0.0 0.0 0.0 0.0 0.0 0.0 0.0 0.0 0.0 0.0 0.0 0.0 0.0 0.0 
0.2375 0.0 0.0 0.0 0.0 0.0 0.0 0.0 0.0 0.0 0.0 0.0 0.0 0.0 0.0 0.0 
0.2625 0.0 0.0 0.0 0.0 0.0 0.0 0.0 0.0 0.0 0.0 0.0 0.0 0.0 0.0 0.0 
0.2875 0.0 0.0 0.0 0.0 0.0 0.0 0.0 0.0 0.0 0.0 0.0 0.0 0.0 0.0 0.0 
0.3125 0.0 0.0 0.0 0.0 0.0 0.0 0.0 0.0 0.0 0.0 0.0 0.0 0.0 0.0 0.0 
0.3375 0.0 0.0 0.0 0.0 0.0 0.0 0.0 0.0 0.0 0.0 0.0 0.0 0.0 0.0 0.0 
0.3625 0.0 0.0 0.0 0.0 0.0 0.0 0.0 0.0 0.0 0.0 0.0 0.0 0.0 0.0 0.0 
0.3875 0.0 0.0 0.0 0.0 0.0 0.0 0.0 0.0 0.0 0.0 0.0 0.0 0.0 0.0 0.0 
0.4125 0.0 0.0 0.0 0.0 0.0 0.0 0.0 0.0 0.0 0.0 0.0 0.0 0.0 0.0 0.0 
0.4375 0.0 0.0 0.0 0.0 0.0 0.0 0.0 0.0 0.0 0.0 0.0 0.0 0.0 0.0 0.0 
0.4625 0.0 0.0 0.0 0.0 0.0 0.0 0.0 0.0 0.0 0.0 0.0 0.0 0.0 0.0 0.0 
0.4875 0.0 0.0 0.0 0.0 0.0 0.0 0.0 0.0 0.0 0.0 0.0 0.0 0.0 0.0 0.0 
0.5125 0.0 0.0 0.0 0.0 0.0 0.0 0.0 0.0 0.0 0.0 0.0 0.0 0.0 0.0 0.0 
0.5375 0.0 0.0 0.0 0.0 0.0 0.0 0.0 0.0 0.0 0.0 0.0 0.0 0.0 0.0 0.0 
0.5625 0.0 0.0 0.0 0.0 0.0 0.0 0.0 0.0 0.0 0.0 0.0 0.0 0.0 0.0 0.0 
0.5875 0.0 0.0 0.0 0.0 0.0 0.0 0.0 0.0 0.0 0.0 0.0 0.0 0.0 0.0 0.0 
0.6125 0.0 0.0 0.0 0.0 0.0 0.0 0.0 0.0 0.0 0.0 0.0 0.0 0.0 0.0 0.0 
0.6375 0.0 0.0 0.0 0.0 0.0 0.0 0.0 0.0 0.0 0.0 0.0 0.0 0.0 0.0 0.0 
0.6625 0.0 0.0 0.0 0.0 0.0 0.0 0.0 0.0 0.0 0.0 0.0 0.0 0.0 0.0 0.0 
0.6875 0.0 0.0 0.0 0.0 0.0 0.0 0.0 0.0 0.0 0.0 0.0 0.0 0.0 0.0 0.0 
0.7125 0.0 0.0 0.0 0.0 0.0 0.0 0.0 0.0 0.0 0.0 0.0 0.0 0.0 0.0 0.0 
0.7375 0.0 0.0 0.0 0.0 0.0 0.0 0.0 0.0 0.0 0.0 0.0 0.0 0.0 0.0 0.0 
0.7625 0.0 0.0 0.0 0.0 0.0 0.0 0.0 0.0 0.0 0.0 0.0 0.0 0.0 0.0 0.0 
0.7875 0.0 0.0 0.0 0.0 0.0 0.0 0.0 0.0 0.0 0.0 0.0 0.0 0.0 0.0 0.0 
0.8125 0.0 0.0 0.0 0.0 0.0 0.0 0.0 0.0 0.0 0.0 0.0 0.0 0.0 0.0 0.0 
0.8375 0.0 0.0 0.0 0.0 0.0 0.0 0.0 0.0 0.0 0.0 0.0 0.0 0.0 0.0 0.0 
0.8625 0.0 0.0 0.0 0.0 0.0 0.0 0.0 0.0 0.0 0.0 0.0 0.0 0.0 0.0 0.0 
0.8875 0.0 0.0 0.0 0.0 0.0 0.0 0.0 0.0 0.0 0.0 0.0 0.0 0.0 0.0 0.0 
0.9125 0.0 0.0 0.0 0.0 0.0 0.0 0.0 0.0 0.0 0.0 0.0 0.0 0.0 0.0 0.0 
0.9375 0.0 0.0 0.0 0.0 0.0 0.0 0.0 0.0 0.0 0.0 0.0 0.0 0.0 0.0 0.0 
0.9625 0.0 0.0 0.0 0.0 0.0 0.0 0.0 0.0 0.0 0.0 0.0 0.0 0.0 0.0 0.0 
0.9875 0.0 0.0 0.0 0.0 0.0 0.0 0.0 0.0 0.0 0.0 0.0 0.0 0.0 0.0 0.0 
1.0125 0.0 0.0 0.0 0.0 0.0 0.0 0.0 0.0 0.0 0.0 0.0 0.0 0.0 0.0 0.0 
1.0375 0.0 0.0 0.0 0.0 0.0 0.0 0.0 0.0 0.0 0.0 0.0 0.0 0.0 0.0 0.0 
1.0625 0.0 0.0 0.0 0.0 0.0 0.0 0.0 0.0 0.0 0.0 0.0 0.0 0.0 0.0 0.0 
1.0875 0.0 0.0 0.0 0.0 0.0 0.0 0.0 0.0 0.0 0.0 0.0 0.0 0.0 0.0 0.0 
1.1125 0.0 0.0 0.0 0.0 0.0 0.0 0.0 0.0 0.0 0.0 0.0 0.0 0.0 0.0 0.0 
1.1375 0.0 0.0 0.0 0.0 0.0 0.0 0.0 0.0 0.0 0.0 0.0 0.0 0.0 0.0 0.0 
1.1625 0.0 0.0 0.0 0.0 0.0 0.0 0.0 0.0 0.0 0.0 0.0 0.0 0.0 0.0 0.0 
1.1875 0.0 0.0 0.0 0.0 0.0 0.0 0.0 0.0 0.0 0.0 0.0 0.0 0.0 0.0 0.0 
1.2125 0.0 0.0 0.0 0.0 0.0 0.0 0.0 0.0 0.0 0.0 0.0 0.0 0.0 0.0 0.0 
1.2375 0.0 0.0 0.0 0.0 0.0 0.0 0.0 0.0 0.0 0.0 0.0 0.0 0.0 0.0 0.0 
1.2625 0.0 0.0 0.0 0.0 0.0 0.0 0.0 0.0 0.0 0.0 0.0 0.0 0.0 0.0 0.0 
1.2875 0.0 0.0 0.0 0.0 0.0 0.0 0.0 0.0 0.0 0.0 0.0 0.0 0.0 0.0 0.0 
1.3125 0.0 0.0 0.0 0.0 0.0 0.0 0.0 0.0 0.0 0.0 0.0 0.0 0.0 0.0 0.0 
1.3375 0.0 0.0 0.0 0.0 0.0 0.0 0.0 0.0 0.0 0.0 0.0 0.0 0.0 0.0 0.0 
1.3625 0.0 0.0 0.0 0.0 0.0 0.0 0.0 0.0 0.0 0.0 0.0 0.0 0.0 0.0 0.0 
1.3875 0.0 0.0 0.0 0.0 0.0 0.0 0.0 0.0 0.0 0.0 0.0 0.0 0.0 0.0 0.0 
1.4125 0.0 0.0 0.0 0.0 0.0 0.0 0.0 0.0 0.0 0.0 0.0 0.0 0.0 0.0 0.0 
1.4375 0.0 0.0 0.0 0.0 0.0 0.0 0.0 0.0 0.0 0.0 0.0 0.0 0.0 0.0 0.0 
1.4625 0.0 0.0 0.0 0.0 0.0 0.0 0.0 0.0 0.0 0.0 0.0 0.0 0.0 0.0 0.0 
1.4875 0.0 0.0 0.0 0.0 0.0 0.0 0.0 0.0 0.0 0.0 0.0 0.0 0.0 0.0 0.0 
1.5125 0.0 0.0 0.0 0.0 0.0 0.0 0.0 0.0 0.0 0.0 0.0 0.0 0.0 0.0 0.0 
1.5375 0.0 0.0 0.0 0.0 0.0 0.0 0.0 0.0 0.0 0.0 0.0 0.0 0.0 0.0 0.0 
1.5625 0.0 0.0 0.0 0.0 0.0 0.0 0.0 0.0 0.0 0.0 0.0 0.0 0.0 0.0 0.0 
1.5875 0.0 0.0 0.0 0.0 0.0 0.0 0.0 0.0 0.0 0.0 0.0 0.0 0.0 0.0 0.0 
1.6125 0.0 0.0 0.0 0.0 0.0 0.0 0.0 0.0 0.0 0.0 0.0 0.0 0.0 0.0 0.0 
1.6375 0.0 0.0 0.0 0.0 0.0 0.0 0.0 0.0 0.0 0.0 0.0 0.0 0.0 0.0 0.0 
1.6625 0.0 0.0 0.0 0.0 0.0 0.0 0.0 0.0 0.0 0.0 0.0 0.0 0.0 0.0 0.0 
1.6875 0.0 0.0 0.0 0.0 0.0 0.0 0.0 0.0 0.0 0.0 0.0 0.0 0.0 0.0 0.0 
1.7125 0.0 0.0 0.0 0.0 0.0 0.0 0.0 0.0 0.0 0.0 0.0 0.0 0.0 0.0 0.0 
1.7375 0.0 0.0 0.0 0.0 0.0 0.0 0.0 0.0 0.0 0.0 0.0 0.0 0.0 0.0 0.0 
1.7625 0.0 0.0 0.0 0.0 0.0 0.0 0.0 0.0 0.0 0.0 0.0 0.0 0.0 0.0 0.0 
1.7875 0.0 0.0 0.0 0.0 0.0 0.0 0.0 0.0 0.0 0.0 0.0 0.0 0.0 0.0 0.0 
1.8125 0.0 0.0 0.0 0.0 0.0 0.0 0.0 0.0 0.0 0.0 0.0 0.0 0.0 0.0 0.0 
1.8375 0.0 0.0 0.0 0.0 0.0 0.0 0.0 0.0 0.0 0.0 0.0 0.0 0.0 0.0 0.0 
1.8625 0.0 0.0 0.0 0.0 0.0 0.0 0.0 0.0 0.0 0.0 0.0 0.0 0.0 0.0 0.0 
1.8875 0.0 0.0 0.0 0.0 0.0 0.0 0.0 0.0 0.0 0.0 0.0 0.0 0.0 0.0 0.0 
1.9125 0.0 0.0 0.0 0.0 0.0 0.0 0.0 0.0 0.0 0.0 0.0 0.0 0.0 0.0 0.0 
1.9375 0.0 0.0 0.0 0.0 0.0 0.0 0.0 0.0 0.0 0.0 0.0 0.0 0.0 0.0 0.0 
1.9625 0.0 0.0 0.0 0.0 0.0 0.0 0.0 0.0 0.0 0.0 0.0 0.0 0.0 0.0 0.0 
1.9875 0.0 0.0 0.0 0.0 0.0 0.0 0.0 0.0 0.0 0.0 0.0 0.0 0.0 0.0 0.0 
2.0125 0.0 0.0 0.0 0.0 0.0 0.0 0.0 0.0 0.0 0.0 0.0 0.0 0.0 0.0 0.0 
2.0375 0.0 0.0 0.0 0.0 0.0 0.0 0.0 0.0 0.0 0.0 0.0 0.0 0.0 0.0 0.0 
2.0625 0.0 0.0 0.0 0.0 0.0 0.0 0.0 0.0 0.0 0.0 0.0 0.0 0.0 0.0 0.0 
2.0875 0.0 0.0 0.0 0.0 0.0 0.0 0.0 0.0 0.0 0.0 0.0 0.0 0.0 0.0 0.0 
2.1125 0.0 0.0 0.0 0.0 0.4370760906 0.0 0.0 0.0 0.0 0.0 0.0 0.0 0.0 0.0 0.0 
2.1375 0.0 0.0 0.0 0.0 1.0119395409 0.0 0.0 0.0 0.0 0.0 0.0 0.0 0.0 0.0 0.0 
2.1625 0.0 0.0 0.0 0.0 2.0700437236 0.0 0.0 0.0 0.0 0.0 0.0 0.0 0.0 0.0 0.0 
2.1875 0.0 0.0 0.0 0.0 3.336439183 0.0 0.0 0.0 0.0 0.0 0.0 0.0 0.0 0.0 0.0 
2.2125 0.0 0.0 0.0 0.0 5.9473795639 0.0 0.0 0.0 0.0019677021 0.0 0.0 0.0 0.0 0.0 0.0 
2.2375 0.0 0.0 0.0 0.0 8.4558797741 0.0 0.0 0.0 0.0365555667 0.0 0.0 0.0 0.0 0.0 0.0 
2.2625 0.0 0.0 0.0 0.0 11.9957973586 0.0 0.0 0.0 0.1505354963 0.0 0.0 0.0 0.0 0.0 0.0 
2.2875 0.0 0.0 0.0 0.0 14.1234531966 0.0 0.0 0.0 0.2908446536 0.0 0.0 0.0 0.0 0.0 0.0 
2.3125 0.0 0.0 0.0 0.0 15.5353813107 0.0 0.0 0.0 0.7222826557 0.0 0.0 0.0 0.0 0.0 0.0 
2.3375 0.0 0.0 0.0 0.0 16.7385608865 0.0 0.0 0.0 1.3274498523 0.0 0.0 0.0 0.0 0.0 0.0 
2.3625 0.0 0.0 0.0 0.0 17.1239498303 0.0 0.0 0.0 2.5420587654 0.0 0.0 0.0 0.0 0.0 0.0 
2.3875 0.0 0.0 0.0 0.0 17.1094019531 0.0 0.0 0.0 3.8764412919 0.0 0.0 0.0 0.0 0.0 0.0 
2.4125 0.0 0.0 0.0 0.0 15.9994913708 0.0 0.0 0.0 5.36212589 0.0 0.0 0.0 0.0 0.0 0.0 
2.4375 0.0 0.0 0.0 0.0 16.9375211366 0.0 0.0 0.0 7.207869727 0.0 0.0 0.0 0.0 0.0 0.0 
2.4625 0.0 0.0 0.0 0.0021179371 16.5357937677 0.0 0.0 0.0 9.1463112886 0.0 0.0 0.0 0.0 0.0 0.0 
2.4875 0.0 0.0 0.0 0.0155668482 15.0375754085 0.0 0.0 0.0 10.7489087159 0.0 0.0 0.0 0.0 0.0 0.0 
2.5125 0.0 0.0 0.0 0.0300085879 13.1834338571 0.0 0.0 0.0 11.9230731666 0.0 0.0 0.0 0.0 0.0 0.0 
2.5375 0.0 0.0 0.0448782761 0.0498647512 11.4888386824 0.0 0.0 0.0 13.8165252697 0.0 0.0 0.0 0.0 0.0 0.0 
2.5625 0.0 0.0 0.0550086011 0.0850799698 9.9895619675 0.0 0.0 0.0 13.9413798735 0.0 0.0 0.0 0.0 0.0 0.0 
2.5875 0.0 0.0 0.0215803105 0.1381139874 8.222098315 0.0 0.0 6.3941660854e-04 13.9092294855 0.0 0.0 0.0 0.0 0.0 0.0 
2.6125 0.0 0.0 0.0846770782 0.2079292698 6.4883811174 0.0 0.0 3.1361880816e-04 13.4241394646 0.0 0.0 0.0 0.0 0.0 0.0 
2.6375 0.0 0.0 0.1765438213 0.3793961337 5.7947913118 0.0 0.0 9.84645278e-04 12.6183830884 0.0 0.0 0.0 0.0 0.0 0.0 
2.6625 0.0 0.0 0.1528623828 0.5013886155 4.3412916704 0.0 0.0 0.0038649649 11.6419990711 0.0 0.0 0.0 0.0 0.0 0.0 
2.6875 0.0 0.0 0.0800168958 0.6214645571 3.8108046605 0.0 0.0 0.0084758638 10.3608543858 0.0 0.0 0.0 0.0 0.0 0.0 
2.7125 0.0 0.0 0.1963718435 1.0058602207 2.5135595971 0.0 0.0 0.016989801 9.495233207 0.0 0.0 0.0 0.0 0.0 0.0 
2.7375 0.0 0.0 0.1831614683 1.2043669883 2.3521788566 0.0 0.0 0.0356468635 8.5051188493 0.0 0.0 0.0 0.0 0.0 0.0 
2.7625 0.0 0.0 0.3313235428 1.5996090282 1.7607479702 0.0 0.0 0.0787603393 7.2007649966 0.0 0.0 0.0 0.0 0.0 0.0 
2.7875 0.0 0.0 0.6880038145 2.0169048762 1.8315777225 0.0 0.0 0.1270499937 6.1498863495 0.0 0.0 0.0 0.0 0.0 0.0 
2.8125 0.0 0.0 0.6301630849 2.3765570772 1.1963965815 0.0 0.0024354129 0.2045746826 5.434623861 0.0 0.0 0.0 0.001515368 0.0 0.0 
2.8375 0.0 0.0 1.0767093535 2.7906711318 1.1395173991 0.0 0.0275159057 0.2966400733 4.6047270019 0.0 0.0 0.0 8.5073331637e-04 0.0 0.0 
2.8625 0.0 0.0 1.2872144136 2.9862590704 0.9345529304 0.0 0.0364416866 0.4436220228 3.9074892337 0.0 0.0 0.0 6.2695374789e-04 0.0246863038 0.0 
2.8875 0.0 0.0 1.2130344265 3.189317816 0.9271048831 0.0 0.0646951694 0.6005868227 3.2948325566 0.0 0.0 0.0 4.1076298041e-04 0.0184843341 0.0 
2.9125 0.0 0.0 1.2178485754 3.4092189956 0.7238960063 0.0 0.0965194675 0.7944624615 2.7434239236 0.0 0.0 0.0 0.0039364802 0.0295236018 0.0 
2.9375 0.0 0.0 1.5990674569 3.6837156075 0.569301503 0.0 0.2098601619 0.9953225928 2.2727409021 0.0 0.0 0.0 0.0032744139 0.0379534335 0.0 
2.9625 0.0 0.0 1.9837618627 3.9316715055 0.7243611781 0.0 0.2710866833 1.2381942185 1.8965092663 0.0 0.0 0.1975530486 0.0081947931 0.0285354403 0.0 
2.9875 0.0 0.0 1.7078742185 4.1104098622 0.7365713454 0.0 0.3896003746 1.5853581512 1.6911462246 0.0 0.0010792254 0.0971302873 0.0169798132 0.0496443691 0.0 
3.0125 0.0 0.0 2.1333886487 4.0261961563 0.4298618919 0.0 0.660182955 1.8957322195 1.5549325226 0.0 0.0095524865 0.0716436487 0.0275488993 0.0509465946 0.0 
3.0375 0.0 0.0 2.4664216195 4.1310604649 0.3366861258 0.0 0.7652431945 2.1341434429 1.2632254644 0.0 0.0041759519 0.0469794594 0.0362843825 0.0490674354 0.0 
3.0625 0.0 0.0 3.0425258636 4.2449868589 0.4082376475 0.0 1.0773365843 2.4064967438 1.0783635972 0.0 0.0030810388 0.0693233741 0.0431801889 0.0688098676 0.0 
3.0875 0.0 0.0 3.1904914127 4.3129313845 0.2500860252 0.0 1.2458831075 2.6817754581 0.8750484761 0.0 0.0030313458 0.0454701864 0.0647585272 0.0788149898 0.0 
3.1125 0.0 0.0 3.3706151564 4.2850229456 0.0894853581 0.0 1.5988050653 2.9526191057 0.7904539968 0.0 0.0109370993 0.0447426791 0.0710580029 0.1014167392 0.0 
3.1375 0.0 0.0 3.4418731905 4.0447921758 0.0954037345 0.0 1.8591496978 3.136722579 0.6957133869 0.0 0.0205484967 0.0220162464 0.0764534542 0.0939359847 0.0 
3.1625 0.0 0.0016051512 3.8066160534 4.0170513748 0.1083477055 0.0011985129 1.9319599755 3.3182541536 0.5913376994 0.0 0.0231141772 0.3467126576 0.0872346168 0.0606747151 0.0 
3.1875 0.0 0.002528114 4.138206524 3.9166805391 0.1137651278 5.898932553e-04 2.4288854787 3.5602586072 0.568825639 0.0 0.0502462648 0.2346405761 0.1010402876 0.0843758031 0.0 
3.2125 0.0 0.0012444596 3.8010462562 3.7853349539 0.1540018741 3.3185589032e-04 2.6954994691 3.6709898587 0.42373849 0.0 0.048533924 0.1890023 0.1146562101 0.1717354232 0.0 
3.2375 0.0367594331 0.0039822719 3.4599816418 3.7341457471 0.213664205 0.0012253144 2.9131850742 3.7608576018 0.3234830114 0.0 0.0385974048 0.1860946301 0.1556966211 0.1911490522 0.0 
3.2625 0.0271486735 0.0075412982 3.5361147278 3.4171130421 0.5497606391 9.652861701e-04 3.2931340997 3.8054396243 0.2298587693 0.0 0.0425329219 0.1425305361 0.1725449029 0.1601771739 0.0 
3.2875 0.1381429126 0.0124774244 3.2485865579 3.3721724754 0.1871613655 0.0015052131 3.6692540079 3.790958409 0.2290498616 0.0 0.0561484096 0.1403710241 0.1891022982 0.2040950128 0.0 
3.3125 0.0702274142 0.0237017523 3.0417248777 3.2547480341 0.079005841 0.0026530356 3.8528515118 3.7408582937 0.2317504669 0.0 0.0632046728 0.1382602217 0.2135693696 0.2256055681 0.0 
3.3375 0.1945666784 0.0314189155 3.3141190895 2.9810497607 0.0713411154 0.0038432924 3.8679855675 3.7186928737 0.2023493456 0.0 0.0700440042 0.3502200212 0.2399751783 0.2594222379 0.0 
3.3625 0.1277895082 0.0312374353 2.9774955402 2.9661364729 0.0702842295 0.0051494439 4.3022467749 3.6419063238 0.1993516327 0.0 0.078377565 0.2491895409 0.2567906502 0.3058428895 0.0 
3.3875 0.1217132753 0.0492449114 2.8707544937 2.824027788 0.0692506566 0.0074613502 4.1046752848 3.5727556283 0.1829896139 0.0 0.1066040411 0.2455250554 0.2740553932 0.2887542532 0.0 
3.4125 0.186108317 0.0471474403 2.4070009001 2.603034994 0.0682397162 0.0127932236 3.9951252053 3.5123648263 0.1770096882 0.0 0.119936471 0.1488866536 0.2802010059 0.2357372016 0.0 
3.4375 0.3260642535 0.061680488 1.9747266352 2.4574375905 0.0611370475 0.0163756714 4.0692818835 3.4018283567 0.1622169661 0.0 0.1540653598 0.1834111426 0.3286727675 0.2249843349 0.0 
3.4625 0.3334242416 0.101500231 2.0788800608 2.2555011751 0.078334611 0.0162114705 4.0581345651 3.3127818574 0.1197113542 0.0 0.1839859068 0.1807721792 0.3295142064 0.3679718137 0.0 
3.4875 0.2415461242 0.1193211455 1.9006908131 2.1493645279 0.0831552231 0.0280175905 4.0524312045 3.1423346858 0.0958264952 0.0 0.2201633525 0.1247328346 0.3669741188 0.3532117094 0.0 
3.5125 0.2966740932 0.1262166098 1.8912973442 2.0298753746 0.0761203265 0.0421936488 4.0675579622 3.0172622748 0.0968094409 0.0 0.2467079301 0.1405298336 0.3949408806 0.3778691082 0.0 
3.5375 0.361770941 0.1878129992 1.4720998397 1.9561288327 0.0750482271 0.049194006 4.0980180635 2.8838361025 0.1062221061 0.0 0.2293781711 0.1558693948 0.4409671328 0.4264278751 0.0 
3.5625 0.2921996742 0.2034013317 1.2352077138 1.8614763662 0.0796908202 0.0598397948 4.0558832702 2.7564759571 0.0903162629 0.0 0.2375545403 0.2903022737 0.428188475 0.4660015584 0.0 
3.5875 0.3143360848 0.224775248 1.3303152162 1.7181211241 0.08981031 0.0720478264 3.7413478289 2.6470092021 0.080829279 0.0 0.2365004829 0.2189126305 0.4531096453 0.5253903132 0.0 
3.6125 0.6015485581 0.2241352705 1.2012518752 1.5945342352 0.0996430127 0.0894900868 3.5428626734 2.5614569086 0.0819286993 0.0 0.2465241944 0.1826788566 0.459128759 0.5336436902 0.0 
3.6375 0.636987435 0.2732372769 1.4850907057 1.5811848102 0.1255775229 0.1081301337 3.4513799194 2.4244510206 0.0851743199 0.0 0.291194256 0.163796769 0.4851296305 0.5627328997 0.0 
3.6625 0.603188231 0.3329503291 1.4756569222 1.5467469637 0.1615682761 0.1428502922 3.2514717974 2.2993280046 0.0868878285 0.0 0.2649719729 0.1615682761 0.5058483313 0.6706878663 0.0 
3.6875 0.7331707908 0.3860657787 1.2432026452 1.5230117876 0.1168823 0.1574802059 3.2351603879 2.1830937543 0.0913807073 0.0 0.2415567533 0.3506468999 0.5184064516 0.6375398181 0.0 
3.7125 0.6394654054 0.4314353118 1.2841723305 1.476477865 0.0943473549 0.2061819726 3.10507628 2.0821335269 0.1097224794 0.0 0.314491183 0.3773894196 0.5981078735 0.6415620133 0.0 
3.7375 0.7412675155 0.4684350997 1.2567070205 1.399329189 0.0930894089 0.2266631336 2.8140583543 1.9710437317 0.0889521019 0.0 0.4054560922 0.6981705669 0.5954657499 0.6826556655 0.0 
3.7625 0.6940265471 0.545241771 1.1175868663 1.3295371305 0.1020627275 0.2675101889 2.7693020067 1.9021165921 0.0782480911 0.0 0.4034879828 0.9032551385 0.6251984678 0.6450364379 0.0 
3.7875 0.6848947515 0.6002901057 1.0575580722 1.1864794372 0.1712236879 0.3177672904 2.6979481485 1.8663755015 0.100048351 0.0 0.4599538282 0.6798587607 0.6628109992 0.6721369081 0.0 
3.8125 0.8946291272 0.6666643719 1.0984057618 1.1643432419 0.0397612945 0.3540816911 2.6030394162 1.7666974014 0.1206092601 0.0 0.4983415583 0.3876726218 0.6902560733 0.6540732953 0.0 
3.8375 0.8372249899 0.7303915927 1.093952184 1.1701527398 0.0392449214 0.3911701203 2.4155249122 1.694305003 0.0922255653 0.0 0.4467380219 0.6033906665 0.707222554 0.7175279796 0.0 
3.8625 1.1718409073 0.785531554 1.4091144794 1.1378370756 0.1016886738 0.4463253988 2.3404536027 1.6094286126 0.0923268594 0.0 0.4855230646 0.5374972757 0.7157734825 0.837398158 0.0 
3.8875 0.882750554 0.8621424183 1.0803337105 1.1028539412 0.2103304569 0.4824145025 2.2282281132 1.5304692156 0.0841321828 0.4015399632 0.4531665299 0.5306063799 0.7421195031 0.791607356 0.0 
3.9125 0.9470149769 0.8966753103 1.0996070911 1.0384653711 0.0802288436 0.5300207558 2.0853206866 1.476881917 0.0830604498 0.1698963746 0.5442976445 0.6087953423 0.7572204508 0.9080017353 0.0 
3.9375 1.1462630792 0.988250662 0.9552192327 0.996534406 0.0605748782 0.5825128797 1.9582770871 1.4285316568 0.1000262091 0.1118305443 0.5299525239 0.6570044478 0.7776226639 0.933785045 0.0 
3.9625 1.0091516565 1.0592513841 0.9386030604 0.9561890873 0.0552119447 0.656545002 1.9354853959 1.3765087613 0.0840448492 0.1104238895 0.6435258891 0.6487403506 0.8044312184 0.9882938107 0.0 
3.9875 1.0207693392 1.0754930762 0.9995664152 0.9141489215 0.0408913533 0.6837168902 1.7749876342 1.3486405855 0.1066204176 0.0817827067 0.6112500078 0.5315875935 0.8082150748 0.9795750869 0.0 
4.0125 1.0320200382 1.1195672453 0.7538233323 0.890229459 0.0403833928 0.7410601859 1.7529383837 1.2953795865 0.1040994125 0.3230671424 0.6527152821 0.605750892 0.8360924465 1.0044995039 0.0 
4.0375 1.0576868354 1.1567588053 0.6913372053 0.9113439455 0.0487481363 0.7983533159 1.5374866736 1.2563034844 0.1181773 0.3190787101 0.6310667823 1.302904733 0.8775583685 1.0547324029 0.0 
4.0625 1.1497638078 1.1843929039 0.8010410285 0.9482146868 0.0306409137 0.8292825479 1.4836038576 1.2133931506 0.1640018426 0.7616455681 0.7377164736 0.8535683091 0.9336626847 1.1019056188 0.0 
4.0875 1.2625766575 1.2400924157 0.9382847078 0.9116687463 0.038915034 0.895269983 1.4839599619 1.1910114297 0.1308698179 0.4929237636 0.7350617527 0.7004706114 0.9370868294 1.1023043695 0.0 
4.1125 1.3611790863 1.3120095767 0.8671109451 0.7982926161 0.0341718599 0.9766570686 1.4226884341 1.1218495045 0.1338397846 0.4613201087 0.732986395 0.9482691124 0.9684051973 1.2062666547 0.0 
4.1375 1.2266189927 1.3382150631 0.6625430568 0.802553925 0.1097205062 1.0188564933 1.3785396936 1.0702219452 0.143480662 0.3544816355 0.7320327108 1.0634449065 0.9906480076 1.1799174439 0.0 
4.1625 1.0423702306 1.3546180242 0.646269543 0.7781177953 0.0792201375 1.0529082076 1.2319426299 1.0425061248 0.1450979361 0.750506566 0.7960928908 1.0507091925 0.9541748993 1.1435496343 0.0 
4.1875 1.1672893698 1.418874561 0.671534708 0.7761787668 0.0659175174 1.1029709626 1.2403479515 1.0024833695 0.1829211107 1.3842678644 0.8239689669 1.3224701919 0.9858330929 1.2244178848 0.0 
4.2125 1.2783222119 1.471744214 0.6269478364 0.7470902212 0.0895639766 1.1517263958 1.1708454399 0.9620317026 0.2062685522 1.1236207977 0.8820694668 0.8305023287 0.9844920561 1.2587809806 0.0 
4.2375 1.1506338352 1.4851848694 0.901195731 0.688771023 0.1528814187 1.1910565167 1.0846534334 0.9480197632 0.2140339861 1.3276544252 0.9698582629 1.4362806963 1.0108650528 1.2241242013 0.0 
4.2625 1.2193498614 1.5072224591 0.6322063955 0.7206534398 0.1669979158 1.2171350037 1.0178920582 0.9210273765 0.228495561 0.834989579 0.9134520918 1.1809138332 1.019070174 1.2994028306 0.0 
4.2875 1.2130313497 1.5214853977 0.7388225499 0.7342813238 0.2318645236 1.2747570918 0.9809048322 0.9109000857 0.2279346165 0.6366449632 0.9106904906 1.1907618757 1.0035410976 1.3183528621 0.0 
4.3125 1.2300838249 1.5544806679 0.5127507312 0.7399493717 0.213646138 1.3549970389 1.0876530662 0.8911389027 0.2366940244 1.002194611 0.9586884884 0.9089672053 1.0323611579 1.4320765372 0.0 
4.3375 1.2594631216 1.5017988442 0.8025237574 0.7171089481 0.2111904625 1.3436093659 1.0362412025 0.8686313497 0.1638326012 0.7833246244 0.9609806013 1.3017012141 1.0589502214 1.2947895262 0.0 
4.3625 1.3311107972 1.4846356167 0.7060454609 0.6933923164 0.1822052802 1.4373072328 0.9742921235 0.8465122353 0.1579112429 0.9338020612 1.0259169529 1.1501708315 1.086168415 1.42069506 0.0 
4.3875 1.3735277592 1.5248076229 0.6679998392 0.6988562612 0.2852134145 1.4611822366 0.9742289789 0.8257067342 0.1866396554 1.1933929711 1.0928177144 1.3284940622 1.0998007173 1.3630198965 0.0 
4.4125 1.4816879685 1.548640146 0.9647050212 0.7290531451 0.2152034278 1.4591397064 0.8622978728 0.7947410369 0.1315956593 1.2689581433 1.1942553442 1.1131211783 1.1054475133 1.2674739817 0.0 
4.4375 1.1617595718 1.6028205741 0.5906630244 0.6698257292 0.1834357219 1.4984877706 0.8643491214 0.7825721178 0.1423461202 1.4087863438 1.2263289458 0.8034484617 1.1033753784 1.2957899392 0.0 
4.4625 1.1149203997 1.5820099728 0.4498377318 0.5838216583 0.253940655 1.4832928944 0.8513058149 0.7666051859 0.136402409 1.3277468534 1.2793772048 0.8053546488 1.1134478126 1.424969847 0.0 
4.4875 1.210155004 1.5806952186 0.4735389146 0.5910467193 0.2618813694 1.5077564076 0.812669309 0.7350216823 0.168847714 1.463665736 1.2632487611 0.7748818603 1.1004385354 1.4349664079 0.0 
4.5125 1.1920528937 1.5545568093 0.5286186939 0.6086407632 0.2518921293 1.5352463934 0.7909176342 0.7211814887 0.1438032062 1.4687794583 1.1863764513 0.8301796938 1.1129190825 1.3084199619 0.0 
4.5375 1.1625791891 1.5571231661 0.5508800785 0.5838627074 0.3017559666 1.5390437991 0.7368459649 0.7156060876 0.1426908059 1.7684303158 1.2641001887 1.0842162055 1.0762785421 1.2963810595 0.0 
4.5625 1.1383053886 1.5745015456 0.4650393966 0.6319291568 0.2325196983 1.5526608894 0.7519293725 0.7083817364 0.1614912929 2.1655565929 1.4446298468 0.9578423392 1.1283927744 1.3354265656 0.0 
4.5875 1.2426451547 1.5793569849 0.5114754919 0.5643394018 0.1716360711 1.5381439858 0.6897481577 0.6866459947 0.1844515644 1.276972369 1.4838510467 0.8341513055 1.1540860276 1.2980263937 0.0 
4.6125 1.1771452449 1.6185747118 0.3701216299 0.6072862135 0.1731761755 1.5228838706 0.7533729568 0.6900284571 0.2023784325 1.4669040745 1.4343062061 0.8047598742 1.1255118313 1.2844465615 0.0 
4.6375 1.3190064774 1.5768360402 0.3862964641 0.6240460754 0.1578776853 1.550819191 0.7739365681 0.666186603 0.193932022 1.2898942802 1.5196566988 0.7759520279 1.1634527915 1.237940205 0.0 
4.6625 1.4156720526 1.589954058 0.4320125982 0.6398217352 0.2891161234 1.5407710853 0.7275535244 0.6669388337 0.1923009924 1.6549405685 1.4099118846 0.7178055478 1.1879140262 1.3297126228 0.0 
4.6875 1.740353384 1.4958856081 0.4668706181 0.6340380632 0.220284024 1.5253152614 0.7540070077 0.6618311122 0.2112973126 0.8679848112 1.4611077655 1.0553906227 1.1997089278 1.368172018 0.0 
4.7125 1.5028997775 1.4634296824 0.4261469066 0.6552324956 0.2407242068 1.5304565546 0.7573053424 0.6489674011 0.2107963324 0.9563907675 1.415284841 0.9173544097 1.222252461 1.2240066875 0.0 
4.7375 1.5879352753 1.4796409507 0.4795993703 0.6235864743 0.1738145369 1.5227774747 0.775084083 0.6534472872 0.2193067367 0.965636316 1.3360114897 0.8883854108 1.2362052275 1.2544688675 0.0 
4.7625 1.3441052143 1.5003866421 0.4490967659 0.5907268098 0.1528840054 1.5363521325 0.7053898139 0.6383756582 0.2658482983 0.8790830312 1.3198985801 0.6975332747 1.238662437 1.2018381537 0.0 
4.7875 1.1830153085 1.4529585293 0.5011530215 0.5646814338 0.1481395724 1.5079464443 0.6770293648 0.6448379003 0.2277777255 0.8131916952 1.4326462475 0.8226474126 1.2176162299 1.2750509577 0.0 
4.8125 1.1291662747 1.5181706415 0.4990790165 0.5746340342 0.2464202644 1.4791223295 0.673340773 0.6306880015 0.2524508025 0.8421958403 1.4714513002 0.5333906988 1.2635201944 1.1878080592 0.0 
4.8375 1.0228548214 1.4532633492 0.5371531356 0.5374275433 0.1913993931 1.4675325512 0.6486998787 0.6412359884 0.2782494403 0.8705585301 1.4768624141 1.111351315 1.246140393 1.1306970601 0.0 
4.8625 1.032733594 1.4523452713 0.5285884964 0.5339524644 0.2261014377 1.4764537049 0.6106775769 0.6169332763 0.2965799039 0.7333019603 1.4107914935 0.7241356858 1.2643574293 1.0021793457 0.0 
4.8875 1.0403410718 1.4170950802 0.5080735467 0.5389880747 0.1965760746 1.4753667252 0.5943654031 0.6196525909 0.3302478054 0.6895283848 1.4306705903 0.7802558039 1.2845031177 0.9649365058 0.0 
4.9125 0.9399729883 1.4227984624 0.4460381377 0.5705030678 0.2245158411 1.4928518397 0.5931209599 0.595870586 0.3209079756 0.556799286 1.4596523219 0.8711214637 1.306196576 1.0732855055 0.0 
4.9375 1.1932249453 1.4318699343 0.3852299078 0.5823885991 0.2578077075 1.4506594957 0.5772522004 0.5906946388 0.3876005534 0.6045146246 1.4583421434 1.0045610673 1.3097553461 1.1161789637 0.0 
4.9625 1.063891826 1.4309084302 0.4576299399 0.5964834686 0.3402889296 1.4262756333 0.6316857717 0.5925634097 0.3434180232 0.4576299399 1.4839726426 0.677644334 1.2786171828 1.056069092 0.0 
4.9875 1.097783914 1.4382840863 0.4007782543 0.5789019229 0.4211075861 1.423165087 0.6156883327 0.5815952905 0.3868381411 0.5401793863 1.4005941506 0.8102690794 1.2644543167 1.0997200408 0.0 
