# Radial distribution function (200 data points):
# "Pair separation distance" g(r)
0.0125 0.0 
0.0375 0.0 
0.0625 0.0 
0.0875 0.0 
0.1125 0.0 
0.1375 0.0 
0.1625 0.0 
0.1875 0.0 
0.2125 0.0 
0.2375 0.0 
0.2625 0.0 
0.2875 0.0 
0.3125 0.0 
0.3375 0.0 
0.3625 0.0 
0.3875 0.0 
0.4125 0.0 
0.4375 0.0 
0.4625 0.0 
0.4875 0.0 
0.5125 0.0 
0.5375 0.0 
0.5625 0.0 
0.5875 0.0 
0.6125 0.0 
0.6375 0.0 
0.6625 0.0 
0.6875 0.0 
0.7125 0.0 
0.7375 0.0 
0.7625 0.0 
0.7875 0.0 
0.8125 0.0 
0.8375 0.0 
0.8625 0.0 
0.8875 0.0 
0.9125 0.0 
0.9375 0.0 
0.9625 0.0 
0.9875 0.0 
1.0125 0.0 
1.0375 0.0 
1.0625 0.0 
1.0875 0.0 
1.1125 0.0 
1.1375 0.0 
1.1625 0.0 
1.1875 0.0 
1.2125 0.0 
1.2375 0.0 
1.2625 0.0 
1.2875 0.0 
1.3125 0.0 
1.3375 0.0 
1.3625 0.0 
1.3875 0.0 
1.4125 0.0 
1.4375 0.0 
1.4625 0.0 
1.4875 0.0 
1.5125 0.0 
1.5375 0.0 
1.5625 0.0 
1.5875 0.0 
1.6125 0.0 
1.6375 0.0 
1.6625 0.0 
1.6875 0.0 
1.7125 0.0 
1.7375 6.0734306977e-04 
1.7625 0.001147681 
1.7875 0.0011158031 
1.8125 4.3409403097e-04 
1.8375 2.7151873956e-04 
1.8625 8.515646184e-04 
1.8875 6.8619834505e-04 
1.9125 0.0019772791 
1.9375 0.007462115 
1.9625 0.0264480398 
1.9875 0.0674326748 
2.0125 0.1485873434 
2.0375 0.2808728064 
2.0625 0.4250101989 
2.0875 0.5639802028 
2.1125 0.6645642653 
2.1375 0.7211441402 
2.1625 0.7317292486 
2.1875 0.7275740416 
2.2125 0.6996342446 
2.2375 0.6579626557 
2.2625 0.6281800902 
2.2875 0.6048106655 
2.3125 0.5771946214 
2.3375 0.5513237464 
2.3625 0.5239125677 
2.3875 0.500596244 
2.4125 0.4796340096 
2.4375 0.4981343817 
2.4625 0.5431862675 
2.4875 0.6244291261 
2.5125 0.7660529611 
2.5375 0.9451110415 
2.5625 1.1667725069 
2.5875 1.3765677502 
2.6125 1.5614268699 
2.6375 1.7126177434 
2.6625 1.7971998146 
2.6875 1.8269607387 
2.7125 1.8068824464 
2.7375 1.7789379353 
2.7625 1.7442963926 
2.7875 1.6387920105 
2.8125 1.5568611769 
2.8375 1.465544278 
2.8625 1.4205148181 
2.8875 1.3707463903 
2.9125 1.337504563 
2.9375 1.3035973282 
2.9625 1.2744578312 
2.9875 1.261526037 
3.0125 1.2610695314 
3.0375 1.2384646623 
3.0625 1.2448388243 
3.0875 1.2530034844 
3.1125 1.2497163206 
3.1375 1.2587917866 
3.1625 1.2748194389 
3.1875 1.2778597193 
3.2125 1.2892977016 
3.2375 1.3026123778 
3.2625 1.306411501 
3.2875 1.2997280562 
3.3125 1.2969400964 
3.3375 1.297162156 
3.3625 1.3119194461 
3.3875 1.3109486494 
3.4125 1.3182364911 
3.4375 1.3182607927 
3.4625 1.3205174604 
3.4875 1.3055225303 
3.5125 1.2972095499 
3.5375 1.2847593915 
3.5625 1.2717110523 
3.5875 1.2700363294 
3.6125 1.2438703622 
3.6375 1.2222891446 
3.6625 1.2052723324 
3.6875 1.1855915921 
3.7125 1.1665737679 
3.7375 1.1574878063 
3.7625 1.1253914328 
3.7875 1.1185652488 
3.8125 1.0943917129 
3.8375 1.0715050645 
3.8625 1.0597004118 
3.8875 1.0388958822 
3.9125 1.0227870216 
3.9375 1.0063189174 
3.9625 0.9925321573 
3.9875 0.9634305192 
4.0125 0.9523167172 
4.0375 0.9348422767 
4.0625 0.9171690376 
4.0875 0.9074108396 
4.1125 0.8981707421 
4.1375 0.8860345157 
4.1625 0.8820021348 
4.1875 0.8755337394 
4.2125 0.8669003573 
4.2375 0.8577794812 
4.2625 0.8479657396 
4.2875 0.8460962939 
4.3125 0.8430683413 
4.3375 0.8381966927 
4.3625 0.8381981601 
4.3875 0.8341976668 
4.4125 0.8338698419 
4.4375 0.8433819946 
4.4625 0.8412735411 
4.4875 0.8494027441 
4.5125 0.8484663202 
4.5375 0.8526294477 
4.5625 0.8448428246 
4.5875 0.8484573937 
4.6125 0.8500481654 
4.6375 0.8556382034 
4.6625 0.8656752642 
4.6875 0.8693353295 
4.7125 0.8812952593 
4.7375 0.893245455 
4.7625 0.8935524301 
4.7875 0.8906799754 
4.8125 0.8967427998 
4.8375 0.9021716382 
4.8625 0.9072262969 
4.8875 0.9101263866 
4.9125 0.9038877167 
4.9375 0.9047605565 
4.9625 0.9072824188 
4.9875 0.9121448934 
