# Radial distribution function (200 data points):
"Pair separation distance" Cl-Cl Cl-F Cl-K Cl-Th F-F F-K F-Th K-K K-Th Th-Th
0.0125 0.0 0.0 0.0 0.0 0.0 0.0 0.0 0.0 0.0 0.0 
0.0375 0.0 0.0 0.0 0.0 0.0 0.0 0.0 0.0 0.0 0.0 
0.0625 0.0 0.0 0.0 0.0 0.0 0.0 0.0 0.0 0.0 0.0 
0.0875 0.0 0.0 0.0 0.0 0.0 0.0 0.0 0.0 0.0 0.0 
0.1125 0.0 0.0 0.0 0.0 0.0 0.0 0.0 0.0 0.0 0.0 
0.1375 0.0 0.0 0.0 0.0 0.0 0.0 0.0 0.0 0.0 0.0 
0.1625 0.0 0.0 0.0 0.0 0.0 0.0 0.0 0.0 0.0 0.0 
0.1875 0.0 0.0 0.0 0.0 0.0 0.0 0.0 0.0 0.0 0.0 
0.2125 0.0 0.0 0.0 0.0 0.0 0.0 0.0 0.0 0.0 0.0 
0.2375 0.0 0.0 0.0 0.0 0.0 0.0 0.0 0.0 0.0 0.0 
0.2625 0.0 0.0 0.0 0.0 0.0 0.0 0.0 0.0 0.0 0.0 
0.2875 0.0 0.0 0.0 0.0 0.0 0.0 0.0 0.0 0.0 0.0 
0.3125 0.0 0.0 0.0 0.0 0.0 0.0 0.0 0.0 0.0 0.0 
0.3375 0.0 0.0 0.0 0.0 0.0 0.0 0.0 0.0 0.0 0.0 
0.3625 0.0 0.0 0.0 0.0 0.0 0.0 0.0 0.0 0.0 0.0 
0.3875 0.0 0.0 0.0 0.0 0.0 0.0 0.0 0.0 0.0 0.0 
0.4125 0.0 0.0 0.0 0.0 0.0 0.0 0.0 0.0 0.0 0.0 
0.4375 0.0 0.0 0.0 0.0 0.0 0.0 0.0 0.0 0.0 0.0 
0.4625 0.0 0.0 0.0 0.0 0.0 0.0 0.0 0.0 0.0 0.0 
0.4875 0.0 0.0 0.0 0.0 0.0 0.0 0.0 0.0 0.0 0.0 
0.5125 0.0 0.0 0.0 0.0 0.0 0.0 0.0 0.0 0.0 0.0 
0.5375 0.0 0.0 0.0 0.0 0.0 0.0 0.0 0.0 0.0 0.0 
0.5625 0.0 0.0 0.0 0.0 0.0 0.0 0.0 0.0 0.0 0.0 
0.5875 0.0 0.0 0.0 0.0 0.0 0.0 0.0 0.0 0.0 0.0 
0.6125 0.0 0.0 0.0 0.0 0.0 0.0 0.0 0.0 0.0 0.0 
0.6375 0.0 0.0 0.0 0.0 0.0 0.0 0.0 0.0 0.0 0.0 
0.6625 0.0 0.0 0.0 0.0 0.0 0.0 0.0 0.0 0.0 0.0 
0.6875 0.0 0.0 0.0 0.0 0.0 0.0 0.0 0.0 0.0 0.0 
0.7125 0.0 0.0 0.0 0.0 0.0 0.0 0.0 0.0 0.0 0.0 
0.7375 0.0 0.0 0.0 0.0 0.0 0.0 0.0 0.0 0.0 0.0 
0.7625 0.0 0.0 0.0 0.0 0.0 0.0 0.0 0.0 0.0 0.0 
0.7875 0.0 0.0 0.0 0.0 0.0 0.0 0.0 0.0 0.0 0.0 
0.8125 0.0 0.0 0.0 0.0 0.0 0.0 0.0 0.0 0.0 0.0 
0.8375 0.0 0.0 0.0 0.0 0.0 0.0 0.0 0.0 0.0 0.0 
0.8625 0.0 0.0 0.0 0.0 0.0 0.0 0.0 0.0 0.0 0.0 
0.8875 0.0 0.0 0.0 0.0 0.0 0.0 0.0 0.0 0.0 0.0 
0.9125 0.0 0.0 0.0 0.0 0.0 0.0 0.0 0.0 0.0 0.0 
0.9375 0.0 0.0 0.0 0.0 0.0 0.0 0.0 0.0 0.0 0.0 
0.9625 0.0 0.0 0.0 0.0 0.0 0.0 0.0 0.0 0.0 0.0 
0.9875 0.0 0.0 0.0 0.0 0.0 0.0 0.0 0.0 0.0 0.0 
1.0125 0.0 0.0 0.0 0.0 0.0 0.0 0.0 0.0 0.0 0.0 
1.0375 0.0 0.0 0.0 0.0 0.0 0.0 0.0 0.0 0.0 0.0 
1.0625 0.0 0.0 0.0 0.0 0.0 0.0 0.0 0.0 0.0 0.0 
1.0875 0.0 0.0 0.0 0.0 0.0 0.0 0.0 0.0 0.0 0.0 
1.1125 0.0 0.0 0.0 0.0 0.0 0.0 0.0 0.0 0.0 0.0 
1.1375 0.0 0.0 0.0 0.0 0.0 0.0 0.0 0.0 0.0 0.0 
1.1625 0.0 0.0 0.0 0.0 0.0 0.0 0.0 0.0 0.0 0.0 
1.1875 0.0 0.0 0.0 0.0 0.0 0.0 0.0 0.0 0.0 0.0 
1.2125 0.0 0.0 0.0 0.0 0.0 0.0 0.0 0.0 0.0 0.0 
1.2375 0.0 0.0 0.0 0.0 0.0 0.0 0.0 0.0 0.0 0.0 
1.2625 0.0 0.0 0.0 0.0 0.0 0.0 0.0 0.0 0.0 0.0 
1.2875 0.0 0.0 0.0 0.0 0.0 0.0 0.0 0.0 0.0 0.0 
1.3125 0.0 0.0 0.0 0.0 0.0 0.0 0.0 0.0 0.0 0.0 
1.3375 0.0 0.0 0.0 0.0 0.0 0.0 0.0 0.0 0.0 0.0 
1.3625 0.0 0.0 0.0 0.0 0.0 0.0 0.0 0.0 0.0 0.0 
1.3875 0.0 0.0 0.0 0.0 0.0 0.0 0.0 0.0 0.0 0.0 
1.4125 0.0 0.0 0.0 0.0 0.0 0.0 0.0 0.0 0.0 0.0 
1.4375 0.0 0.0 0.0 0.0 0.0 0.0 0.0 0.0 0.0 0.0 
1.4625 0.0 0.0 0.0 0.0 0.0 0.0 0.0 0.0 0.0 0.0 
1.4875 0.0 0.0 0.0 0.0 0.0 0.0 0.0 0.0 0.0 0.0 
1.5125 0.0 0.0 0.0 0.0 0.0 0.0 0.0 0.0 0.0 0.0 
1.5375 0.0 0.0 0.0 0.0 0.0 0.0 0.0 0.0 0.0 0.0 
1.5625 0.0 0.0 0.0 0.0 0.0 0.0 0.0 0.0 0.0 0.0 
1.5875 0.0 0.0 0.0 0.0 0.0 0.0 0.0 0.0 0.0 0.0 
1.6125 0.0 0.0 0.0 0.0 0.0 0.0 0.0 0.0 0.0 0.0 
1.6375 0.0 0.0 0.0 0.0 0.0 0.0 0.0 0.0 0.0 0.0 
1.6625 0.0 0.0 0.0 0.0 0.0 0.0 0.0 0.0 0.0 0.0 
1.6875 0.0 0.0 0.0 0.0 0.0 0.0 0.0 0.0 0.0 0.0 
1.7125 0.0 0.0 0.0 0.0 0.0 0.0 0.0 0.0 0.0 0.0 
1.7375 0.0 0.0032591011 2.0449261609e-04 0.0 0.0 0.0 0.0 0.0 0.0 0.0 
1.7625 0.0 0.006520915 0.0 0.0 0.0 0.0 0.0 0.0 0.0 0.0 
1.7875 0.0 0.0059775165 0.0 0.0 0.0 0.0 0.0014232182 0.0 0.0 0.0 
1.8125 3.0750462642e-04 5.2852357666e-04 1.8791949392e-04 0.0 0.0 0.0 0.0048447995 0.0 0.0 0.0 
1.8375 1.9946280225e-04 5.1424003704e-04 0.0 0.0 0.0 0.0 0.0026936383 0.0 0.0 0.0 
1.8625 3.8828822726e-04 6.673703906e-04 0.0 0.0 0.0 0.0 0.0137645143 0.0 0.0 0.0 
1.8875 5.6710607029e-04 3.2490451944e-04 0.0 0.0 0.0 0.0 0.0102112849 0.0 0.0 0.0 
1.9125 5.5237688148e-04 0.0015823296 0.0 0.0 0.0 0.0034811251 0.030459845 0.0 0.0 0.0 
1.9375 8.0732123659e-04 0.0027751668 1.6445432597e-04 0.0 0.0180193119 0.0067837409 0.132040672 0.0 0.0 0.0 
1.9625 0.0020983569 0.0021038214 0.0 0.0 0.0072318859 0.0071630108 0.5561172662 0.0 0.0 0.0 
1.9875 0.0098032743 0.0026372939 0.0 0.0 0.0070510983 0.006983945 1.4171268544 0.0 0.0 0.0 
2.0125 0.0133025817 0.0030008754 0.0 0.0 0.0049121472 0.0083833978 3.2032813458 0.0 0.0 0.0 
2.0375 0.007219093 0.0036247553 0.0 0.0 0.0038338758 0.0071565681 6.1966386456 0.0 0.0 0.0 
2.0625 0.0066493527 0.0040816339 1.4512476124e-04 0.0 0.0046768722 0.0059863964 9.416280839 0.0 0.0 0.0 
2.0875 0.0052546533 0.0045157177 0.0 0.0 0.0036524187 0.0112007508 12.5215349538 0.0 0.0 0.0 
2.1125 0.0073192494 0.0045391608 0.0 0.0 0.007132967 0.0142659339 14.7474091792 0.0 0.0 0.0 
2.1375 0.0129714578 0.0043069293 0.0 2.8954146769e-04 0.0104506373 0.028332839 15.9551373362 0.0 0.0 0.0 
2.1625 0.0097209792 0.0028465367 0.0 4.2432845778e-04 0.0289294766 0.0422030012 16.1932137658 0.0 0.0 0.0 
2.1875 0.0092185743 0.0032656448 0.0 2.7645669937e-04 0.049891795 0.0722876674 16.0580305795 0.0 5.0683728218e-04 0.0 
2.2125 0.0044713173 0.0021281751 0.0 0.0010809778 0.0902257557 0.1300551433 15.3808786293 0.0 0.002972689 0.0 
2.2375 0.0043719589 0.0012716515 1.2331165993e-04 0.0021139142 0.0945790798 0.2047358904 14.3696618708 0.0 0.001453316 0.0 
2.2625 0.0036180487 0.0040703048 0.0 0.0020674564 0.1274796852 0.2852228404 13.5936874086 0.0 0.0023689605 0.0 
2.2875 0.0041185729 0.0013272745 8.2585967663e-04 0.0025281419 0.2205211246 0.4148838813 12.8840824931 0.0 9.2698535132e-04 0.0 
2.3125 0.0049745373 0.0010822767 4.6177139736e-04 0.0072976373 0.3385496841 0.5710452694 12.0079374313 0.0 0.0063493567 0.0 
2.3375 0.0019721317 0.0012711005 0.0014688273 0.0131952339 0.4733525343 0.6971633223 11.2168945606 0.0 0.0031071346 0.0 
2.3625 0.0032579123 0.0017628171 0.0021015545 0.0335379661 0.6273555062 0.910996238 10.2034891966 0.0 0.0047798515 0.0 
2.3875 0.0021857692 0.0032491164 0.0024909893 0.0835487085 0.8041563196 1.0085460508 9.309226283 0.0 8.5095906835e-04 0.0 
2.4125 0.0027192719 0.0050715145 0.0040306939 0.2191121562 0.9625933416 1.2087109574 8.0492180238 0.0 0.005833899 0.0 
2.4375 0.0023803979 0.0082800297 0.0060265628 0.478154322 1.2757942871 1.4333543235 7.1360288179 0.0 0.0040820315 0.0 
2.4625 0.0018325298 0.0145075276 0.013031323 0.9729860624 1.4245652422 1.5349345991 6.1992069881 0.0 0.0051994397 0.0 
2.4875 0.0016326186 0.021700222 0.016162924 1.7309935708 1.6352917836 1.6026674017 5.173846034 0.0 0.0070552446 0.0 
2.5125 0.0025604649 0.0354814425 0.0268937721 2.7769042104 1.9180722282 1.6539669821 4.4227048288 0.0 0.0076839349 0.0 
2.5375 0.0019872902 0.0517741402 0.0402687757 4.0728990257 2.1820305749 1.7223890168 3.6315090719 0.0 0.0071566106 0.0 
2.5625 0.0023589566 0.0732446414 0.0686319625 5.5797382553 2.4050750608 1.7749118648 3.0228996553 0.0 0.0088644022 0.0 
2.5875 0.0021124114 0.0929288142 0.0937759792 7.0071166221 2.5270154044 1.8475977162 2.4852437481 0.0 0.0068827011 0.0 
2.6125 0.001578801 0.1374589838 0.1473465331 8.1786823364 2.6281292749 1.8500288892 2.1477436222 0.0 0.0149246028 0.0 
2.6375 0.0016942331 0.1972647072 0.2080195579 9.0872268799 2.8628238228 1.8392236912 1.8192638673 0.0 0.0132484421 0.0 
2.6625 0.0022325888 0.250320117 0.2915666021 9.555132452 3.0315901161 1.820114093 1.5039676308 0.0 0.0123165615 0.0 
2.6875 0.0036365356 0.3157200556 0.412754558 9.6100697539 3.1445797672 1.8078579124 1.2176628831 0.0 0.0097379452 0.0 
2.7125 0.0043020812 0.3903981344 0.5461431031 9.3092329205 3.2523672907 1.755939436 1.0095951293 0.0 0.0085703821 0.0 
2.7375 0.0066952733 0.4779860644 0.6932303949 8.936528876 3.284561292 1.6942800052 0.8122276642 0.0 0.0090618352 0.0 
2.7625 0.0075012683 0.5846507817 0.8943865152 8.3768995423 3.5564707486 1.6492931054 0.6855667743 0.0 0.0139834567 0.0 
2.7875 0.0081473899 0.6974848331 1.0779184656 7.453344974 3.4699200073 1.5253446077 0.567688043 0.0040785102 0.0078032721 0.0 
2.8125 0.0148144195 0.801330254 1.2712801079 6.6028843629 3.6232993984 1.4704468696 0.4622094312 0.0068679876 0.0128774767 0.0 
2.8375 0.0230446631 0.9392347027 1.4393643627 5.6994464795 3.5281054824 1.4175020803 0.4275550157 0.0039360415 0.0108441959 0.0 
2.8625 0.0321370728 1.0757520405 1.6488743029 5.0393751153 3.5279351737 1.3563328473 0.3873756761 0.0038675903 0.0112475841 0.0 
2.8875 0.0447493135 1.2138768743 1.8336179281 4.3650341643 3.5138792274 1.3357481596 0.3182473804 0.0027149353 0.0098901214 0.0 
2.9125 0.0596250441 1.3449377458 2.0616556527 3.7464563389 3.5420008783 1.298155127 0.2717966506 0.0026685273 0.0097210636 0.0 
2.9375 0.0862046433 1.4810386499 2.1885468859 3.2303884158 3.3722202378 1.268529066 0.2363604191 0.0031479589 0.0092752361 0.0 
2.9625 0.1072013913 1.597667388 2.332896418 2.7476385834 3.3327739367 1.2000585533 0.208294323 0.0067059488 0.0088430094 0.0 
2.9875 0.1414081808 1.724597129 2.4677702033 2.3080225989 3.4016130156 1.1619874396 0.2040585677 0.0096376559 0.0092391062 0.0 
3.0125 0.1769183818 1.8510011482 2.5443952939 2.0199498276 3.408526396 1.1137851796 0.2172216829 0.0059863323 0.0069484214 0.0 
3.0375 0.2220848192 1.9259174535 2.5807034595 1.7345569962 3.2431089943 1.0065138269 0.1690556816 0.0053975147 0.0084117113 0.0 
3.0625 0.2899938526 2.0343125306 2.6777607008 1.4432950292 3.1530424908 0.9609595593 0.1687311682 0.0086886854 0.009050714 0.0 
3.0875 0.3517268454 2.1524370633 2.7175317327 1.2381517692 2.9965834518 0.9234213239 0.1543222887 0.0189967743 0.0078870536 0.0 
3.1125 0.4174256239 2.2039088383 2.7140718148 1.0621230961 2.8981192124 0.8880555772 0.1499755569 0.0149542659 0.0070098122 0.0 
3.1375 0.4943693089 2.2684070914 2.7050459613 0.9313711263 2.8662657058 0.8273945587 0.1471330866 0.0114975794 0.0071449244 0.0 
3.1625 0.5802175665 2.3376584621 2.6929405744 0.830000529 2.7542904134 0.8029070191 0.1282202012 0.0285176277 0.0067899114 0.0 
3.1875 0.6717405997 2.3557621429 2.6557859636 0.7124128747 2.6019906971 0.8056093212 0.1320353067 0.0289632251 0.0066838212 0.0 
3.2125 0.7657392883 2.4026883124 2.6107235197 0.6334936204 2.4849244321 0.7596016221 0.1231583959 0.0236887133 0.0079902406 0.0 
3.2375 0.8643797805 2.4259127363 2.5706771402 0.5603885162 2.3939274416 0.7610760759 0.1149727284 0.0203007612 0.0069417496 0.0 
3.2625 0.9540657061 2.4261781839 2.501908685 0.4845940065 2.3846693251 0.7689957328 0.1036046512 0.0204161688 0.0070636298 0.0 
3.2875 1.0549235801 2.4002360392 2.3872301418 0.4226597886 2.2682782152 0.7355490078 0.1066633019 0.0335113981 0.0062833871 9.6174293049e-04 
3.3125 1.1532839701 2.3740065119 2.2780785322 0.3886951904 2.1348085297 0.7092094788 0.1031944136 0.0342452573 0.0066309663 0.0071046068 
3.3375 1.2345930705 2.3318195613 2.2346006599 0.3466709772 2.0340031084 0.6971003277 0.0973676033 0.0345470145 0.0063142653 0.0135305684 
3.3625 1.3350474925 2.3466212363 2.1641483403 0.3188363943 1.9370042228 0.6695052386 0.1120132218 0.0416430882 0.00643523 0.0473449063 
3.3875 1.4156863445 2.3108013765 2.0905751863 0.2842892661 1.9158011619 0.6585501478 0.0927312159 0.0339292335 0.0061292428 0.073822653 
3.4125 1.5072736979 2.237506237 2.0723555471 0.2706534802 1.8553732721 0.6203256592 0.0939157636 0.0427643228 0.0083307122 0.1057702927 
3.4375 1.5961991215 2.2250140383 1.9766495667 0.2380707434 1.6958097286 0.6248050882 0.0946713249 0.0467421494 0.0123149691 0.0910428072 
3.4625 1.6599946703 2.2048274416 1.9285899964 0.212521465 1.639216452 0.611035993 0.102412505 0.0566429657 0.0113285931 0.0888658774 
3.4875 1.7342068821 2.1140387634 1.8234302084 0.1946387825 1.5631281419 0.6178358309 0.1024450424 0.0681172291 0.0099703204 0.0918693811 
3.5125 1.790970464 2.0663675862 1.744075727 0.1750437706 1.4706491368 0.614576534 0.1288200184 0.082195813 0.0112049458 0.0914087684 
3.5375 1.8307851584 1.9861118508 1.6915890491 0.1703584085 1.4302220699 0.6118560816 0.1302762147 0.0893590257 0.0153109377 0.080154005 
3.5625 1.8781451741 1.9440151409 1.598273613 0.1546336444 1.3475150108 0.5880825553 0.1273792691 0.1073720249 0.0219763577 0.1085167975 
3.5875 1.8901553463 1.9041540199 1.604520592 0.1544389615 1.3232348212 0.5602930745 0.1381534887 0.1101019312 0.0425884923 0.1724268605 
3.6125 1.9032799228 1.8315006844 1.5010231049 0.1552485403 1.2802864783 0.5618340599 0.14530792 0.1228066808 0.0488773563 0.1600925901 
3.6375 1.914695667 1.7623638678 1.4383758634 0.1466230748 1.2326759809 0.5262304488 0.1541435688 0.1385745528 0.066721081 0.171647051 
3.6625 1.9210545646 1.7150872026 1.3819877842 0.141669593 1.1746729331 0.5280886533 0.1550975085 0.1559269553 0.0766616756 0.1712489586 
3.6875 1.9133213548 1.6392592938 1.3486025135 0.1403389004 1.1154905601 0.5321892704 0.1727329859 0.1807882847 0.0918567153 0.224736818 
3.7125 1.9059879977 1.5937403606 1.3029536771 0.1380232627 1.0439329003 0.5278174015 0.1728890138 0.2016833198 0.0923834425 0.2575424132 
3.7375 1.9139141193 1.5483356104 1.2583130568 0.1396869926 1.0616322421 0.5449351367 0.1953250321 0.233348305 0.1201465975 0.2299254663 
3.7625 1.8909909051 1.4608604673 1.19742697 0.1405468739 1.0557223054 0.5434140372 0.1994838131 0.2168259485 0.1432257372 0.2088912623 
3.7875 1.8908044185 1.4361922047 1.1734517806 0.1497177881 1.0684597034 0.5189555749 0.1890924827 0.2038739955 0.1809032302 0.2159245498 
3.8125 1.8684977556 1.3576511689 1.1440966537 0.1541316789 0.9844125711 0.5076459043 0.203984426 0.2501096569 0.2100747585 0.2324099507 
3.8375 1.8245440506 1.3290152008 1.1082358126 0.1449883764 1.000269048 0.4939920471 0.2135327766 0.2570065197 0.2495075684 0.2724467366 
3.8625 1.8121971949 1.2761373392 1.1023778273 0.1387282908 0.9881626626 0.4977174854 0.246897785 0.2448900894 0.2527908185 0.3713482029 
3.8875 1.7738125679 1.2243521885 1.0790945649 0.1397946607 0.9573269888 0.491196158 0.2774337525 0.2600240992 0.2967317475 0.429863267 
3.9125 1.7416914043 1.185162706 1.0524831625 0.1485571869 0.9128996853 0.5146064741 0.290832669 0.2664715133 0.3487219364 0.4620729754 
3.9375 1.7010964825 1.1446641384 1.0258611685 0.1471033754 0.9231591406 0.5357419889 0.3112027795 0.301643454 0.4240883369 0.5339932977 
3.9625 1.6821013173 1.1024360524 0.987518484 0.1417143958 0.956402348 0.5329227286 0.3126463274 0.3514794116 0.4944416954 0.6202863416 
3.9875 1.6096544844 1.0631028748 0.9481900178 0.1519654396 0.9199228721 0.529331028 0.3310463934 0.3749895251 0.5681890583 0.6867297477 
4.0125 1.5641425031 1.0379261203 0.9565806273 0.1662234745 0.9161568206 0.5260508042 0.3568736037 0.3562716747 0.6186750626 0.7327519524 
4.0375 1.5270466877 1.0032418024 0.9240935026 0.1713533489 0.9514678222 0.5471550206 0.3605576956 0.3821449737 0.6452564697 0.7654702644 
4.0625 1.4778884998 0.959545883 0.9134283914 0.1712948763 0.9108619575 0.5378698526 0.3951224524 0.4114710801 0.6992069283 0.9525765439 
4.0875 1.439428824 0.9445880055 0.888876204 0.1744317673 0.9099947388 0.5456634246 0.4228292748 0.4468275542 0.7613739458 1.1095550311 
4.1125 1.3995224767 0.9351918558 0.8716411524 0.1776755019 0.9220210432 0.5495894761 0.4475497471 0.4617555416 0.839620713 1.1913661722 
4.1375 1.3486112843 0.9065807492 0.8634115253 0.1982156786 0.9150963199 0.5413564479 0.4684559992 0.4757622776 0.9451114172 1.262017312 
4.1625 1.3170096567 0.8914813393 0.8560643748 0.2087071121 0.9829076142 0.5525104358 0.4855484877 0.4828679101 0.9811053982 1.4187764303 
4.1875 1.2975096426 0.8664448972 0.8510134138 0.2113903559 1.0127323563 0.5613028807 0.497662275 0.515330424 1.0445288868 1.3746192997 
4.2125 1.2530260134 0.8444170123 0.8492571624 0.2180210828 1.0211526124 0.5601614799 0.5229090672 0.5528584922 1.150254731 1.4456283996 
4.2375 1.2000471694 0.8411870363 0.8386127852 0.2240758785 1.0652024801 0.5590078614 0.582602349 0.5587084632 1.2450460806 1.4679835387 
4.2625 1.1596752331 0.8385479075 0.828804561 0.2400947945 1.0115716797 0.5633323474 0.5876770616 0.5526722882 1.278940131 1.552931987 
4.2875 1.1310232848 0.8270343301 0.8139283904 0.2530272753 1.0093334069 0.5772154733 0.6181977719 0.5930388734 1.3611730372 1.7033746415 
4.3125 1.1071565592 0.8321933441 0.8089006857 0.261056554 1.0179905212 0.5837791236 0.6383148395 0.6041969392 1.4341157204 1.6076724313 
4.3375 1.0726842603 0.8145373931 0.8090534115 0.2791504279 0.9955034039 0.5857544566 0.6527316622 0.6340691416 1.5174087555 1.6850480131 
4.3625 1.0495965369 0.8104896387 0.8016561907 0.2918435222 0.9684455572 0.6100593717 0.6652238913 0.6853420289 1.6454733494 1.6543211549 
4.3875 1.0275061498 0.8078640061 0.7849780336 0.3053639182 0.9169271503 0.6341045949 0.6553023096 0.7156533268 1.665327744 1.8026381796 
4.4125 1.0034781635 0.7996572007 0.7853986637 0.311459785 0.9120843778 0.6384931254 0.7127109834 0.768952959 1.6969598298 1.9143983231 
4.4375 0.9901340552 0.8237383078 0.774348104 0.3337915839 0.9048673902 0.6465147505 0.7294132973 0.7989380481 1.7947777857 2.0145590622 
4.4625 0.9616542369 0.8270610076 0.7733845341 0.3553390794 0.8811700433 0.6794666904 0.7200075534 0.8211572349 1.8557149959 1.9711719635 
4.4875 0.9410198238 0.844312897 0.7864963701 0.3822665349 0.8583383146 0.6949958484 0.7432834945 0.9048821357 1.9033838428 1.9678519635 
4.5125 0.9204847156 0.8562440001 0.770802455 0.3966556675 0.8009789569 0.6867953258 0.8064224761 0.8617561745 1.969299617 2.0078729657 
4.5375 0.9104677332 0.8787404645 0.7712076689 0.3938710573 0.8076379641 0.6956367386 0.8024199155 0.8591029545 2.035771499 2.030739875 
4.5625 0.878209874 0.9001099183 0.7474465607 0.4085999679 0.7760646845 0.7042436572 0.8113453169 0.8853814873 2.0176006968 2.0322642909 
4.5875 0.8580877195 0.9214576527 0.7420210136 0.4327914618 0.7704653511 0.7220000869 0.82921249 0.9232996269 2.059630575 1.9805406555 
4.6125 0.8502989959 0.9426989936 0.7221020427 0.4463315649 0.7314636071 0.7093071113 0.8440807348 0.9607714943 2.0616459983 2.0531776076 
4.6375 0.8408116179 0.9727951641 0.7234372388 0.4755176665 0.716197834 0.7264477332 0.875179639 0.9784381966 2.0217728041 1.9460384863 
4.6625 0.8377053094 1.0121239814 0.7431046078 0.487349381 0.7043281757 0.7156520937 0.8890391288 0.9571444071 2.0562673172 1.8551781216 
4.6875 0.822387649 1.0317272932 0.7455107048 0.5099201225 0.7048033661 0.7294799348 0.8955173 0.9799285956 2.1179491198 1.6970746152 
4.7125 0.8198566198 1.085286224 0.744349163 0.5211738786 0.6926866755 0.7383879898 0.9429671541 1.008496375 2.0981582297 1.6819246003 
4.7375 0.8234995294 1.1421987197 0.735056137 0.5447465387 0.6699712508 0.7508500242 0.9474269289 1.0212795829 2.0904447036 1.6081828232 
4.7625 0.8050333869 1.1534593943 0.7459222842 0.5565983547 0.6715520565 0.7505664364 0.9724923869 1.0850372537 2.0940047047 1.4836498635 
4.7875 0.795281362 1.1662665422 0.7357551204 0.5754748469 0.6633415569 0.7904313874 1.001150483 1.0778828675 2.0412941173 1.2786337294 
4.8125 0.7971160841 1.1779213401 0.7388197734 0.6037546584 0.6449566655 0.7726193719 1.0263150897 1.0598715331 2.084962279 1.1442085091 
4.8375 0.7885818932 1.1936016769 0.7447629944 0.6395610805 0.6548009863 0.7828819409 1.0245763846 1.0946018973 2.0645044116 1.0506852809 
4.8625 0.7921439587 1.2039779045 0.7501013667 0.6559414438 0.6533021307 0.8019583772 1.027435043 1.109224668 2.0510234553 0.9475899813 
4.8875 0.7969594488 1.1941396295 0.7452901814 0.6717879097 0.6486347149 0.8084336114 1.0590226484 1.1538154025 2.0541574664 0.8857052878 
4.9125 0.7925802257 1.1879642247 0.7386703702 0.6793574693 0.6428740566 0.8231777781 1.0622155299 1.1366612758 1.9743101257 0.8416104393 
4.9375 0.7913012119 1.175299953 0.7443012423 0.7164764065 0.658904287 0.8204340392 1.0721913279 1.1662205094 1.9285018688 0.7077592621 
4.9625 0.7991007981 1.141678175 0.7540431268 0.7310317989 0.6340241048 0.854069032 1.075541983 1.1736189043 1.9615138055 0.6848183137 
4.9875 0.8073002641 1.1195354288 0.7572489834 0.7528650485 0.6811106315 0.886904791 1.0709108447 1.1333089411 1.9692962095 0.7049218534 
