# Radial distribution function (200 data points):
"Pair separation distance" Al-Al Al-Be Al-F Al-K Al-Na Be-Be Be-F Be-K Be-Na F-F F-K F-Na K-K K-Na Na-Na
0.0125 0.0 0.0 0.0 0.0 0.0 0.0 0.0 0.0 0.0 0.0 0.0 0.0 0.0 0.0 0.0 
0.0375 0.0 0.0 0.0 0.0 0.0 0.0 0.0 0.0 0.0 0.0 0.0 0.0 0.0 0.0 0.0 
0.0625 0.0 0.0 0.0 0.0 0.0 0.0 0.0 0.0 0.0 0.0 0.0 0.0 0.0 0.0 0.0 
0.0875 0.0 0.0 0.0 0.0 0.0 0.0 0.0 0.0 0.0 0.0 0.0 0.0 0.0 0.0 0.0 
0.1125 0.0 0.0 0.0 0.0 0.0 0.0 0.0 0.0 0.0 0.0 0.0 0.0 0.0 0.0 0.0 
0.1375 0.0 0.0 0.0 0.0 0.0 0.0 0.0 0.0 0.0 0.0 0.0 0.0 0.0 0.0 0.0 
0.1625 0.0 0.0 0.0 0.0 0.0 0.0 0.0 0.0 0.0 0.0 0.0 0.0 0.0 0.0 0.0 
0.1875 0.0 0.0 0.0 0.0 0.0 0.0 0.0 0.0 0.0 0.0 0.0 0.0 0.0 0.0 0.0 
0.2125 0.0 0.0 0.0 0.0 0.0 0.0 0.0 0.0 0.0 0.0 0.0 0.0 0.0 0.0 0.0 
0.2375 0.0 0.0 0.0 0.0 0.0 0.0 0.0 0.0 0.0 0.0 0.0 0.0 0.0 0.0 0.0 
0.2625 0.0 0.0 0.0 0.0 0.0 0.0 0.0 0.0 0.0 0.0 0.0 0.0 0.0 0.0 0.0 
0.2875 0.0 0.0 0.0 0.0 0.0 0.0 0.0 0.0 0.0 0.0 0.0 0.0 0.0 0.0 0.0 
0.3125 0.0 0.0 0.0 0.0 0.0 0.0 0.0 0.0 0.0 0.0 0.0 0.0 0.0 0.0 0.0 
0.3375 0.0 0.0 0.0 0.0 0.0 0.0 0.0 0.0 0.0 0.0 0.0 0.0 0.0 0.0 0.0 
0.3625 0.0 0.0 0.0 0.0 0.0 0.0 0.0 0.0 0.0 0.0 0.0 0.0 0.0 0.0 0.0 
0.3875 0.0 0.0 0.0 0.0 0.0 0.0 0.0 0.0 0.0 0.0 0.0 0.0 0.0 0.0 0.0 
0.4125 0.0 0.0 0.0 0.0 0.0 0.0 0.0 0.0 0.0 0.0 0.0 0.0 0.0 0.0 0.0 
0.4375 0.0 0.0 0.0 0.0 0.0 0.0 0.0 0.0 0.0 0.0 0.0 0.0 0.0 0.0 0.0 
0.4625 0.0 0.0 0.0 0.0 0.0 0.0 0.0 0.0 0.0 0.0 0.0 0.0 0.0 0.0 0.0 
0.4875 0.0 0.0 0.0 0.0 0.0 0.0 0.0 0.0 0.0 0.0 0.0 0.0 0.0 0.0 0.0 
0.5125 0.0 0.0 0.0 0.0 0.0 0.0 0.0 0.0 0.0 0.0 0.0 0.0 0.0 0.0 0.0 
0.5375 0.0 0.0 0.0 0.0 0.0 0.0 0.0 0.0 0.0 0.0 0.0 0.0 0.0 0.0 0.0 
0.5625 0.0 0.0 0.0 0.0 0.0 0.0 0.0 0.0 0.0 0.0 0.0 0.0 0.0 0.0 0.0 
0.5875 0.0 0.0 0.0 0.0 0.0 0.0 0.0 0.0 0.0 0.0 0.0 0.0 0.0 0.0 0.0 
0.6125 0.0 0.0 0.0 0.0 0.0 0.0 0.0 0.0 0.0 0.0 0.0 0.0 0.0 0.0 0.0 
0.6375 0.0 0.0 0.0 0.0 0.0 0.0 0.0 0.0 0.0 0.0 0.0 0.0 0.0 0.0 0.0 
0.6625 0.0 0.0 0.0 0.0 0.0 0.0 0.0 0.0 0.0 0.0 0.0 0.0 0.0 0.0 0.0 
0.6875 0.0 0.0 0.0 0.0 0.0 0.0 0.0 0.0 0.0 0.0 0.0 0.0 0.0 0.0 0.0 
0.7125 0.0 0.0 0.0 0.0 0.0 0.0 0.0 0.0 0.0 0.0 0.0 0.0 0.0 0.0 0.0 
0.7375 0.0 0.0 0.0 0.0 0.0 0.0 0.0 0.0 0.0 0.0 0.0 0.0 0.0 0.0 0.0 
0.7625 0.0 0.0 0.0 0.0 0.0 0.0 0.0 0.0 0.0 0.0 0.0 0.0 0.0 0.0 0.0 
0.7875 0.0 0.0 0.0 0.0 0.0 0.0 0.0 0.0 0.0 0.0 0.0 0.0 0.0 0.0 0.0 
0.8125 0.0 0.0 0.0 0.0 0.0 0.0 0.0 0.0 0.0 0.0 0.0 0.0 0.0 0.0 0.0 
0.8375 0.0 0.0 0.0 0.0 0.0 0.0 0.0 0.0 0.0 0.0 0.0 0.0 0.0 0.0 0.0 
0.8625 0.0 0.0 0.0 0.0 0.0 0.0 0.0 0.0 0.0 0.0 0.0 0.0 0.0 0.0 0.0 
0.8875 0.0 0.0 0.0 0.0 0.0 0.0 0.0 0.0 0.0 0.0 0.0 0.0 0.0 0.0 0.0 
0.9125 0.0 0.0 0.0 0.0 0.0 0.0 0.0 0.0 0.0 0.0 0.0 0.0 0.0 0.0 0.0 
0.9375 0.0 0.0 0.0 0.0 0.0 0.0 0.0 0.0 0.0 0.0 0.0 0.0 0.0 0.0 0.0 
0.9625 0.0 0.0 0.0 0.0 0.0 0.0 0.0 0.0 0.0 0.0 0.0 0.0 0.0 0.0 0.0 
0.9875 0.0 0.0 0.0 0.0 0.0 0.0 0.0 0.0 0.0 0.0 0.0 0.0 0.0 0.0 0.0 
1.0125 0.0 0.0 0.0 0.0 0.0 0.0 0.0 0.0 0.0 0.0 0.0 0.0 0.0 0.0 0.0 
1.0375 0.0 0.0 0.0 0.0 0.0 0.0 0.0 0.0 0.0 0.0 0.0 0.0 0.0 0.0 0.0 
1.0625 0.0 0.0 0.0 0.0 0.0 0.0 0.0 0.0 0.0 0.0 0.0 0.0 0.0 0.0 0.0 
1.0875 0.0 0.0 0.0 0.0 0.0 0.0 0.0 0.0 0.0 0.0 0.0 0.0 0.0 0.0 0.0 
1.1125 0.0 0.0 0.0 0.0 0.0 0.0 0.0 0.0 0.0 0.0 0.0 0.0 0.0 0.0 0.0 
1.1375 0.0 0.0 0.0 0.0 0.0 0.0 0.0 0.0 0.0 0.0 0.0 0.0 0.0 0.0 0.0 
1.1625 0.0 0.0 0.0 0.0 0.0 0.0 0.0 0.0 0.0 0.0 0.0 0.0 0.0 0.0 0.0 
1.1875 0.0 0.0 0.0 0.0 0.0 0.0 0.0 0.0 0.0 0.0 0.0 0.0 0.0 0.0 0.0 
1.2125 0.0 0.0 0.0 0.0 0.0 0.0 0.0 0.0 0.0 0.0 0.0 0.0 0.0 0.0 0.0 
1.2375 0.0 0.0 0.0 0.0 0.0 0.0 0.0 0.0 0.0 0.0041027784 0.0 0.0 0.0 0.0 2.7618959631e-04 
1.2625 0.0 0.0 0.0 0.0 0.0 0.0 0.0 0.0 0.0 0.0240304663 0.0 0.0 0.0 0.0 0.0130026423 
1.2875 0.0 0.0 0.0 0.0 0.0 0.0 0.0021138286 0.0 0.0 0.0279171162 0.0 0.0 0.0 0.0 0.0122474484 
1.3125 0.0 0.0 0.0 0.0 0.0 0.0 0.0101703559 0.0 0.0 0.0260220829 0.0 0.0 0.0 0.0 0.0115398086 
1.3375 0.0 0.0 0.0 0.0 0.0 0.0 0.0435820534 0.0 0.0 0.0279627588 0.0 0.0 0.0 0.0 0.0106395875 
1.3625 0.0 0.0 0.0 0.0 0.0 0.0 0.5988172791 0.0 0.0 0.0316323141 0.0 0.0 0.0 0.0 0.0100248982 
1.3875 0.0 0.0 0.0 0.0 0.0 0.0 1.6467541174 0.0 0.0 0.0429297412 0.0 0.0 0.0 0.0 0.0094472025 
1.4125 0.0 0.0 0.0 0.0 0.0 0.0 3.4541310275 0.0 0.0 0.0448755577 0.0 0.0029459902 0.0 0.0 0.008903762 
1.4375 0.0 0.0 0.0 0.0 0.0 0.0 6.2393601305 0.0 0.0 0.0452578803 0.0 0.0055794286 0.0 0.0 0.0088014516 
1.4625 0.0 0.0 0.0153993868 0.0 0.0 0.0 7.6996934064 0.0 0.0 0.0541746587 0.0 0.0067114692 0.0 0.0 0.0085031263 
1.4875 0.0 0.0 0.0205871903 0.0 0.0 0.0 10.5738976869 0.0 0.0 0.0630175535 0.0 0.0072540472 0.0 0.0 0.0086020278 
1.5125 0.0 0.0 0.0245073993 0.0 0.0 0.0 12.2364679062 0.0 0.0 0.0602121449 0.0 0.0128960307 0.0 0.0 0.0085049091 
1.5375 0.0 0.0 0.0332036708 0.0 0.0 0.0 12.5251213262 0.0 0.0 0.0718663196 0.0 0.0224258664 0.0 0.0 0.0085884328 
1.5625 0.0 0.0 0.0545396289 0.0 0.0 0.0 12.4748636778 0.0 0.0 0.0610230149 0.0 0.0281031874 0.0 0.0 0.0086622994 
1.5875 0.0 0.0 0.1315323539 0.0 0.0 0.0 11.3397991024 0.0 0.0 0.0368697165 0.0 0.0492472634 0.0 0.0 0.0169510822 
1.6125 0.0 0.0 1.3414280693 0.0 0.0 0.0 9.8666522094 0.0 0.0 0.0370365118 0.0 0.0506881697 0.0 0.0 0.0180562406 
1.6375 0.0 0.0 2.3794089502 0.0 0.0 0.0 8.2804947348 0.0 0.0 0.0379420629 0.0202552937 0.0585527636 0.0 0.0 0.0187710432 
1.6625 0.0 0.0 4.217928448 0.0 0.0 0.0 6.4337037546 0.0 0.0 0.038689372 0.0259896403 0.0844100984 0.0 0.0 0.0197410714 
1.6875 0.0 0.0 5.9817172732 0.0 0.0 0.0 4.831566871 0.0 0.0 0.0409460213 0.0264557972 0.0835550684 0.0 0.0 0.0209428657 
1.7125 0.0 0.0 7.6259340446 0.0 0.0 0.0 3.5367204769 0.0 0.0229139094 0.0527376772 0.0848334979 0.0908462311 0.0 0.0 0.0219223555 
1.7375 0.0 0.0 9.7696297966 0.0 0.0 0.0 2.5462902895 0.0 0.0320316345 0.1291181055 0.0951775744 0.1004568969 0.0 0.0 0.023117418 
1.7625 0.0 0.0 10.7463112295 0.0 0.0 0.0 1.8809541478 0.0 0.053289304 0.0648410394 0.0998287509 0.1119639389 0.0 0.0 0.0245086547 
1.7875 0.0 0.0 11.723696021 0.0 0.0 0.0 1.3631694593 0.0 0.0615554164 0.0719268819 0.1041843111 0.1320611318 0.0 0.0 0.0256811845 
1.8125 0.0 0.0 11.8846373184 0.0 0.0 0.0 1.0042348939 0.0 0.0623636183 0.0636301707 0.1087965578 0.1557284063 0.0 0.0 0.1009405455 
1.8375 0.0 0.0 11.3230946727 0.0 0.0 0.0 0.757339499 0.0 0.0640761994 0.0582245391 0.111564229 0.177063228 0.0 0.0 0.0699013084 
1.8625 0.0 0.0 9.8195086893 0.0 0.0 0.0 0.5515329436 0.0 0.0656749762 0.0522482895 0.1131349628 0.2093257491 0.0 0.0 0.0669400083 
1.8875 0.0 0.0 8.1914202038 0.0 0.0 0.0 0.4357138406 0.0 0.0667070815 0.0498898622 0.1155674408 0.2889106701 0.0 0.0 0.0662470326 
1.9125 0.0 0.0 6.8279097687 0.0 0.0 0.0 0.3774548839 0.0 0.0672150297 0.0685470755 0.1446591053 0.379061864 0.0 0.0 0.1482488913 
1.9375 0.0 0.0 5.3497565032 0.0 0.0 0.0 0.3285724262 0.0 0.0681113296 0.1094704958 0.5189950823 0.4939125282 0.0 0.0 0.1729543273 
1.9625 0.0 0.0 4.1935154601 0.0 0.0 0.0 0.29091308 0.0 0.0676637601 0.108550242 0.3348116136 0.8141956332 0.0 0.0 0.1309072056 
1.9875 0.0 0.0 3.1957584279 0.0 0.0 0.0 0.2537020236 0.0 0.0838138086 0.0788880539 0.2847494741 1.4005690895 0.0 0.0 0.1307399046 
2.0125 0.0 0.0 2.3913248387 0.0 0.0 0.0 0.2072077782 0.0 0.0930753506 0.1217202124 0.2785841527 1.6033240822 0.0 0.0 0.3629024888 
2.0375 0.0 0.0 1.8458069669 0.0 0.0 0.0 0.1937135078 0.0 0.0955430036 0.1350508116 0.2776982313 1.8266983662 0.0 0.0 0.2556303876 
2.0625 0.0 0.0 1.4260406673 0.0 0.0 0.0 0.177101862 0.0 0.0994055612 0.1527876368 0.2821273848 2.0504489546 0.0 0.0 0.2272979375 
2.0875 0.0 0.0 1.0617573002 0.0 0.0 0.0 0.2321890491 0.0 0.1026806704 0.1153770573 0.2943071583 2.139991236 0.0 0.0 0.2157713627 
2.1125 0.0 0.0 0.830111728 0.0 0.0 0.0 0.3507873765 0.0 0.1057738206 0.1225992506 0.3081903644 2.4303156329 0.0 0.0 0.2069034501 
2.1375 0.0 0.0 0.6942329889 0.0 0.0 0.0 0.2887524529 0.0 0.1086950179 0.1478076163 0.3251820452 2.6444049334 0.0 0.0 0.326050338 
2.1625 0.0 0.0 0.5915043624 0.0 0.0201878292 0.0 0.2843626875 0.0 0.1132060561 0.2021066687 0.3435580823 2.8604984088 0.0 0.0 0.2418559824 
2.1875 0.0 0.0 0.4856479572 0.0 0.0337037679 0.0 0.2147410486 0.0 0.1154285547 0.2631409551 0.3961633667 2.9242058014 0.0 0.0 0.2230123432 
2.2125 0.0 0.0 0.4189006527 0.0 0.0458035485 0.0 0.2190423782 0.0 0.1161829776 0.4038485857 0.4466746536 2.9701185893 0.0 0.0 0.2453915824 
2.2375 0.0 0.0 0.3591980255 0.0 0.0654762197 0.0 0.2059509334 0.0 0.1168750521 0.4488406537 0.5406868174 2.9946790857 0.0 0.1460119699 0.2702689377 
2.2625 0.0 0.0 0.3417203805 0.0 0.0932382221 0.0 0.1973175073 0.0 0.1165477776 0.4196441841 0.6438061254 3.0149395255 0.0 0.1857079973 0.2668906924 
2.2875 0.0 0.0 0.3308097642 0.0 0.1388217232 0.0 0.2019011011 0.0 0.1162068125 0.5426286926 1.416990812 2.8587372719 0.0 0.1866826422 0.3680303399 
2.3125 0.0 0.0 0.3119012672 0.0 0.1610912129 0.0 0.221967551 0.0 0.1229025426 0.635800475 1.2489155783 2.7392396936 0.0 0.1881849405 0.4203858185 
2.3375 0.0 0.0446354338 0.3051370603 0.0 0.2003795012 0.0 0.2453024917 0.0 0.1688827233 0.7489659491 1.2938503976 2.645439716 0.0 0.1895806059 0.3441712429 
2.3625 0.0 0.1620385009 0.3140319959 0.0 0.2358632184 0.0 0.2765515678 0.0 0.3426946911 0.9135543159 1.4546424121 2.5470368002 0.0 0.1914626723 0.3388203475 
2.3875 0.0 0.1729246489 0.371668122 0.0 0.2353201407 0.0 0.2873881029 0.0 0.2547576304 1.1545762716 1.5909313591 2.4050373572 0.0 0.1955250436 0.4672566223 
2.4125 0.0 0.1815811264 0.308374844 0.0 0.2261879044 0.0 0.1937126241 0.0 0.2438729148 1.3419904867 1.9738518665 2.2664042001 0.0 0.2134592026 0.4337860176 
2.4375 0.0 0.1847168852 0.2390939504 0.0 0.2147306204 0.0 0.3746532609 0.0 0.2477236603 1.5093306416 1.7480869979 2.1957817351 0.0 0.2692408601 0.4505619788 
2.4625 0.0 0.1826611495 0.3270680501 0.0 0.2000136884 0.0 0.2669707405 0.0 0.3632681044 1.6300398908 1.7465780589 2.0764142388 0.0 1.2433283335 0.2431552634 
2.4875 0.0 0.1806503252 0.1883520319 0.0 0.1871134747 0.0287398245 0.2122216595 0.0 0.3994438276 1.8455390321 1.9393010617 1.9134977869 0.0 1.0754256897 0.2457432293 
2.5125 0.0 0.1786829656 0.1928377205 0.0 0.1846546427 0.0201219556 0.1901177872 0.0 0.4826672958 1.9117054113 1.9827758713 1.7623162342 0.0 1.8496620846 0.249922645 
2.5375 0.0 0.1736012977 0.2834218052 0.0 0.2152452454 0.0473458085 0.2722383987 0.0 0.7501510622 1.9646727777 1.9896123653 1.6941618808 0.0 0.9428434118 0.2666999409 
2.5625 0.0 0.1764207059 0.3300017076 0.0 0.2208503687 0.0580331269 0.172498467 0.0 0.7163659111 2.0584439833 1.9896690925 1.5650223911 0.0 0.8880940459 0.2974645635 
2.5875 0.0 0.1730281056 0.1809834208 0.0 0.2254163549 0.091067424 0.0948619 0.011383428 0.8764015535 2.0302837886 2.0733540239 1.4980202936 0.0 0.5277993713 0.3088648185 
2.6125 0.0 0.1712213137 0.1835944282 0.0 0.2399499813 0.070721847 0.1262981805 0.0074444049 0.8489023059 1.9990307463 2.0320658465 1.4174345754 0.0 0.3088227342 0.2868071266 
2.6375 0.0 0.1709123991 0.1810371832 0.0 0.2736860254 0.1278191019 0.1215225944 0.0073039487 0.8965007978 1.9914159628 2.0010300784 1.3363220012 0.0 0.2007407831 0.284192767 
2.6625 0.0 0.1705848409 0.169349077 0.0 0.6884432396 0.2365251995 0.1828930487 0.0143348606 0.8466816037 1.9168486929 1.9554727048 1.2121169037 0.0 0.1387244572 0.2883678717 
2.6875 0.0 0.1730537166 0.1654368303 0.0 0.8122132998 0.2391799335 0.19272663 0.0211041118 0.8845572872 1.7996629604 2.0233263948 1.2169177039 0.0 0.1030243736 0.2988394933 
2.7125 0.0132588105 0.1809275177 0.1764983892 0.0 0.9689267801 0.3452815222 0.1638301292 0.0586978588 1.014013864 1.7095582013 2.0843097684 1.1539853857 0.0 0.0864317617 0.306808322 
2.7375 0.0086784986 0.1898421565 0.1952662181 0.0 1.079563231 0.4542651602 0.1707878021 0.1050911938 1.1125887674 1.5337324283 2.0487522382 1.0317029765 0.0 0.2768895969 0.3293946262 
2.7625 0.0063916001 0.210390171 0.112312169 0.0 0.9587400197 0.5759098035 0.194571879 0.1098556273 1.1466650907 1.4536266965 2.0244658748 0.9436467667 0.0 0.2873642801 0.424000529 
2.7875 0.0041849783 0.2249425845 0.1287061219 0.0 0.8160707717 0.6735199478 0.2559240511 0.1765537727 1.2609778415 1.396553016 2.0108640423 0.9551055039 0.0 0.281389167 0.440163042 
2.8125 0.0041109099 0.226100042 0.1872058733 0.0 0.7563742607 0.7547373561 0.3262591711 0.218392086 1.3549011864 1.2435685614 1.8607625909 0.8741685186 0.0 0.2697784592 0.4679849512 
2.8375 0.0040387905 0.2360168196 0.3792459092 0.0 0.762321706 1.0128529289 0.2682009313 0.381791914 1.4722042773 1.1621877777 1.756743301 0.8505495111 0.0 0.290695203 0.5706735321 
2.8625 0.0039685524 0.2492747005 0.4925623607 0.0 0.7732276379 1.0231424276 0.2345636872 0.3720517918 1.5404144349 1.0949500455 1.6868486126 0.8147203105 0.1240172639 0.2876400412 0.5848039889 
2.8875 0.0039001308 0.2717903678 0.3517682663 0.0 0.8382136035 1.1974620463 0.2310449276 0.4966572864 1.6298379424 1.0736084005 1.6396940156 0.8498049962 0.0609395443 0.3062703551 0.6052102094 
2.9125 0.0038334636 0.2563628764 0.2362867633 0.0047918295 0.9442995549 1.4465335198 0.2456845323 0.5420757082 1.6553065737 1.0749993641 1.4844344123 0.8573723571 0.0479182947 0.317651921 0.6374479488 
2.9375 0.0075369824 0.2626167292 0.2307388674 0.0188424559 1.0035127325 1.4632344667 0.2529924576 0.624156352 1.892793076 1.0889163934 1.3772454573 0.7879798737 0.0353296048 0.3365809665 0.7641880532 
2.9625 0.0185257835 0.2663081378 0.241234448 0.0301043982 1.1514372049 1.5515343678 0.2507368973 0.6020879636 1.9119654378 0.9873488135 1.2954074257 0.7665841447 0.0926289175 0.3693951588 0.8064788268 
2.9875 1.639532488 0.2322671025 0.3056063431 0.0592053398 1.2982570427 1.6736894149 0.2973026764 0.7059098212 1.9820199533 1.0016386796 1.2663582472 0.7655229672 0.1252420651 0.3808680981 0.9384802249 
3.0125 0.8725056284 0.2687388999 0.26611329 0.0559872708 1.359876627 1.9119652985 0.2584102138 0.8454077894 2.8385546305 1.0641975225 1.1938802853 0.727871887 0.0783821791 0.4135833877 1.1757210353 
3.0375 0.7841892162 0.3227070792 0.2725368954 0.0704889183 1.4335115303 1.8062785318 0.2669919697 0.8866184257 2.1665394348 1.0755243788 1.1593072368 0.7199582476 0.0550694674 0.4188832394 1.0549499143 
3.0625 0.9257261464 0.2632858773 0.2882059398 0.1018472118 1.7441946662 1.8419176601 0.2884301082 0.8180281373 2.1980683424 1.0124685254 1.1186007048 0.7991485717 0.0758436684 0.4746345697 1.0458240935 
3.0875 3.578368467 0.3048776756 0.2000415132 0.0895444921 1.8289909555 1.7615746817 0.2971031846 0.90610498 2.2288119271 1.0084719636 1.0801580056 0.8058245401 0.0533002929 0.4631967393 1.0246523745 
3.1125 0.9650341213 0.2926570868 0.1938025795 0.0986013124 1.9189696735 1.5340895679 0.3079030344 1.0201040033 2.2061789871 1.0826886587 1.0847591192 0.7407991532 0.0524475066 0.4304079251 1.1213833585 
3.1375 0.6259870124 0.3003994403 0.1962082847 0.1692972791 1.9984005334 1.5510314745 0.3665556626 1.0529464918 2.0526129587 1.0888867512 1.0600658055 0.7234600621 0.1548450723 0.704295329 1.2190383758 
3.1625 0.4064176481 0.3637437951 0.2008263758 0.270267736 2.06447055 1.3589590109 0.3649875732 1.1354293044 2.0248776049 1.0443507954 1.0943495896 0.6942440732 0.1219252944 0.6722279002 1.2215789559 
3.1875 0.0944159306 0.3950666588 0.2059657867 0.3760634524 2.1268104653 1.3452269774 0.3649753747 1.217705461 2.0648645294 1.0483457319 1.1477798695 0.6391178482 0.1000168756 0.686567456 1.2599836663 
3.2125 0.102404908 0.388941718 0.1307903533 0.4332515339 2.2878476163 1.1742101232 0.4161897082 1.4449923319 2.0241168622 1.0239437061 0.8641262961 0.6540284368 0.0984662577 0.7257916093 1.2806146466 
3.2375 0.1163417068 0.4663363414 0.1254350816 0.4673058556 2.474075199 1.1246364989 0.4116256508 1.4276096937 2.1401244611 1.0126293623 0.8515009402 0.7037875218 0.0775611379 0.7928124374 1.3332686959 
3.2625 0.2642644945 0.5117260442 0.1763255721 0.6129255977 2.5397823431 1.0119955352 0.4260817246 1.3628524778 2.2697526154 1.0285242129 0.8236866718 0.7252631129 0.0859241492 0.8561617735 1.3836082911 
3.2875 0.3219408135 0.7700628687 0.277729718 0.6468904196 2.5709405254 0.7968599282 0.4853623487 1.4244752699 2.2056391276 1.0535693523 1.5979347599 0.703418237 0.1222322014 0.8935386235 1.4008027484 
3.3125 0.1837400074 0.8297935817 0.3275870752 0.6982861167 2.669464116 0.7385718542 0.49826256 1.3590648227 1.8771630078 1.0147664922 0.8012438795 0.7331609677 0.1389163362 0.952995941 1.4280001874 
3.3375 0.087579518 0.8529880137 0.2826830275 0.8484265805 2.9927710554 0.7617593491 0.5952670363 1.4801850826 1.9200691031 1.037858943 0.8050143194 0.6858386312 0.6659692513 0.9870352934 1.5184398912 
3.3625 0.0934722398 0.8547317317 0.2183704914 1.0281946383 2.5120374532 0.5527444952 0.5833492157 1.4627506764 1.936707699 1.0672297503 0.7901441495 0.7231761724 0.7100295142 1.0086536055 1.4937751289 
3.3875 0.0821794621 0.8607590211 0.2055708007 1.206125295 2.4793242055 0.4959105471 0.6387443885 1.4744483232 1.8515231632 1.0304337997 0.7999000482 0.7078920141 0.7969990936 1.5491491343 1.4447900785 
3.4125 0.0781873771 1.0392987285 0.2026901831 1.3037047023 2.3868318244 0.6566517995 0.6285923286 1.4398345106 1.8322351572 1.0162420769 0.753468258 0.7374814212 0.8115430878 1.6135154281 1.4430580545 
3.4375 0.1265891195 0.8926596877 0.1938811055 1.5032457939 2.411718025 0.79763185 0.7054063624 1.3845684944 1.8158070687 1.022200759 0.7455140704 0.6776339688 0.7481829752 1.4453219507 1.4976008859 
3.4625 0.1017128193 0.6204481975 0.2435846654 1.6562237403 2.1754512773 1.0044140902 0.7748295513 1.6146910058 1.7869465868 1.0683978232 0.7046827794 0.7182124323 0.7713222127 1.4308150086 1.4873074303 
3.4875 0.121648562 0.5681388886 0.2666104095 1.6526157672 2.141570972 0.461612847 0.7101736108 1.5874468947 1.7479434356 1.0216923058 0.6996578555 0.7073111692 0.77701348 1.4063324103 1.4826487958 
3.5125 0.1383727842 0.5328999487 0.2783928635 1.9174514384 2.105136797 0.4406514259 0.9556441414 1.5752258917 1.7227517912 1.0093942428 0.8516231393 0.7177735451 0.9471946538 1.4259729894 1.483731165 
3.5375 0.1702050614 0.4961607468 0.4478579483 1.945664729 2.0242499273 2.8543453767 0.8352883954 1.6180037448 1.7968505586 1.0201860047 1.0455805794 0.7525300521 0.8364084603 1.4687573558 1.4842631449 
3.5625 0.1537324673 0.5196477671 0.3334735525 2.2435331948 1.9923231852 1.4852798274 0.823192082 1.63540919 1.7833431125 1.0416966519 0.7744604361 0.7407138937 0.8887658266 1.5262183288 1.4950989022 
3.5875 0.1869700387 0.5187471092 0.3298766585 2.0749884368 1.9505930481 1.4291206509 0.8013448954 1.6778350183 1.7285202811 1.0399596278 0.7180997746 0.7277739761 0.7500909494 1.4828623114 1.6051346539 
3.6125 0.1906206147 1.39149934 0.3681809033 2.1553834209 1.9283105824 1.9564309411 0.8267422704 1.6741598103 1.6882262693 1.057105327 0.6959779035 0.6901486382 0.7631054019 1.4450774777 1.649665049 
3.6375 0.2175010874 0.3832381448 0.4155211451 2.425382888 1.8904003748 0.9715355774 0.9198271621 1.7395478915 1.8137477909 1.0810161437 0.6632713244 0.7046235336 0.7142514521 1.7116764769 1.5101951194 
3.6625 0.2048451242 0.2818135585 0.3915296269 2.1651159951 1.8679067948 0.7935475874 0.9568155463 1.5567926417 1.59405987 1.0559045596 0.6882071004 0.7073652787 0.9696810615 1.8413676407 1.5506004877 
3.6875 0.2116427639 0.2705320641 0.3778893301 2.1851816446 1.7796969433 0.6931449984 0.8813938771 1.3750801047 1.5761349447 1.0579952201 0.7027442739 0.7300769587 1.0014170328 1.7099304317 1.5080279481 
3.7125 0.173411801 0.2182393413 0.3815629118 2.2428516092 1.7677006109 0.6635655649 0.9285468714 1.3787417848 1.4754225741 1.1109835673 0.717464377 0.7525986606 1.4229794891 1.7999513243 1.5095752173 
3.7375 0.1396732066 0.188413336 0.4089354551 2.2391360934 1.7563342532 0.5383238171 0.9511599877 1.5149450664 1.4241879887 1.0711548871 0.7225730453 0.7734348791 1.2948870196 1.8421281449 1.5815580401 
3.7625 0.1378232576 0.1371054281 0.454509816 2.3257674717 2.0190921989 0.5132480686 0.9895526724 2.0117170801 1.3061022923 1.0571980705 0.7131264459 0.7333997387 1.6653643625 1.997881496 1.5101458784 
3.7875 0.1042741953 0.1551362009 0.5670495621 2.2214937267 1.8843941191 0.6003558461 1.0601950813 1.9427444342 1.2593247951 1.0774014118 0.7380633462 0.7134432426 1.7072065948 1.7229738623 1.4670414053 
3.8125 0.0827763626 0.1503118071 0.5485476918 2.0148773395 1.6576020735 0.5243435131 1.0720715414 1.7652898273 1.2126430407 1.0368326646 0.7411927039 0.7339953747 1.6219692671 1.5804728342 1.4083470275 
3.8375 0.0783891428 0.1490497786 0.544374335 2.0273530067 1.6293081829 0.484756803 1.0946140547 1.4887726725 1.139576376 0.9709453884 0.6278222234 0.7612911022 1.7389140833 1.5968983146 1.4314166984 
3.8625 0.1187910925 0.1934442103 0.5552478304 2.0107299606 1.6431771721 0.5091533352 1.0158404681 1.4951057803 1.1127876 0.9655607183 0.622774798 0.8472295132 2.0434247567 1.6070546957 1.4223313658 
3.8875 0.0882200767 0.1902917814 0.6590536852 1.9378830882 1.6490942158 0.4505141114 1.051334848 1.4860241585 1.1036185839 0.9446268785 0.6233696287 0.8137047913 2.15843328 1.5205122393 1.3610512208 
3.9125 0.0722261746 0.1420625126 0.7459769836 1.9915305504 1.6360530543 0.4796269409 1.0634086404 1.3575599918 1.2256478608 0.9664724893 0.7455649428 0.8240520701 2.0247227262 1.4508192988 1.3667577821 
3.9375 0.0933347339 0.1514067664 0.7045759869 2.0371092207 1.5851512486 0.4243977543 1.0457666938 1.2666388575 1.0413047403 0.9320894545 1.2395736832 0.794213132 1.8417879377 1.3157440404 1.3218210178 
3.9625 0.075592507 0.1611518342 0.6373765941 1.9545322867 1.6171552118 0.3802277213 1.0806501445 1.4448653411 0.8690173727 0.9499469254 0.8095530795 0.8227525688 1.8574528685 1.5265477548 1.2928298131 
3.9875 0.0572639223 0.178310651 0.6478333823 2.1167199858 1.6260512965 0.3578995145 1.1451572366 1.2862013803 0.8780495578 0.9114977783 0.7755224086 0.8618124195 1.4891176229 1.4361336509 1.2507595788 
4.0125 0.0696808556 0.1514801209 0.695850923 2.0323582882 1.5994183298 0.3755444663 1.1272863304 1.2986264528 0.8440333885 0.8967151843 0.8137703619 0.8667350464 1.2370876537 1.3956938555 1.2384274882 
4.0375 0.0488726065 0.2200514041 0.7229861216 1.842696744 1.5322157351 0.3771419249 1.3360110282 1.1984385962 0.8002326261 0.8834655495 0.7721252746 0.8462160728 1.3651914308 1.4072189766 1.2363973385 
4.0625 0.0640355461 0.2924700424 0.736578636 1.8631881017 1.4191897773 0.4387050636 1.4542820729 1.1929699098 0.745426193 0.8713077734 0.7909961111 0.8763519545 1.6008886532 1.4439777306 1.2082845825 
4.0875 0.065200931 0.2621418029 0.8159344507 2.3708323611 1.3631138311 0.7633131383 1.3571118258 2.7324177482 0.7046495659 0.885864292 0.7626839477 0.8831130701 1.6786806867 1.3875210164 1.2201567367 
4.1125 0.0692173896 0.2631702834 0.8316943407 1.8842511615 1.4765291051 0.5077143595 1.3110342944 1.8085446416 0.6756603387 0.8666033868 0.7561328525 0.9051244653 1.5021134897 1.3519021407 1.3179084215 
4.1375 0.0503378213 0.1668033936 0.9204174003 1.9292207442 1.4022131678 0.4719170743 1.2141297447 1.6873261432 0.691455693 0.8852993362 0.7582809811 0.9565448527 1.383102872 1.3405929955 1.247994106 
4.1625 0.0459813969 0.2082065805 1.0548863757 1.9260574939 1.2868131557 0.4677316843 1.2258807068 1.4970346386 0.7210134287 0.8802691505 0.7081450622 0.9425059043 1.190589742 1.2895375308 1.1949655863 
4.1875 0.0445067812 0.223692937 1.1118302329 1.8950152951 1.2054667682 0.4983832275 1.2161330098 1.1619283384 0.6478421136 0.9023626414 0.7155016623 0.9435722289 1.3502708372 1.2190386445 1.1831038666 
4.2125 0.0476450866 0.2410887195 1.2451544189 1.9493254189 1.0898222434 0.5068017026 1.2568346529 1.1581993712 0.7262587548 0.9079920546 1.0092591085 1.0054689963 1.2942054779 1.2879247205 1.1568749895 
4.2375 0.0461790903 0.3712436674 1.0627591529 1.9490292537 1.0388834885 0.4499065786 1.285077986 1.1176924437 0.8549959265 0.9290041433 0.8863481588 0.9834233065 1.0016787976 1.6448197497 1.1132551816 
4.2625 0.0545878118 0.2802099766 1.121032769 1.7528504326 0.9841538732 0.4921851885 1.2863931063 1.1717363294 0.7749932101 0.8982805318 1.0080924687 0.9804820194 1.0906376336 2.1264276508 1.1053796765 
4.2875 0.0627978437 0.3073556436 1.3664020867 1.6252258853 0.8898976583 0.4892261594 1.2956439529 1.198189492 0.6597019051 0.9176051089 1.0231527023 1.0267591092 1.0503160483 1.2621624771 1.1222085396 
4.3125 0.2631497385 0.324565915 1.323360711 1.5048056061 0.8652270901 0.4548840476 1.2924887006 1.1105727648 0.6489908217 0.9416981606 0.8414671871 1.0499528599 1.0381738023 1.0852353312 1.1229266294 
4.3375 0.3621010005 0.3148939189 1.3933781194 1.501552478 0.882532329 0.4766618927 1.2608701176 1.2355400336 0.6628749597 0.9481633589 0.8386865304 1.117515721 0.9722282232 1.0724130311 1.0963505962 
4.3625 0.5749616463 0.3828450041 1.5074073239 1.4128422327 0.8395134521 0.5486377151 1.4059560676 1.2267592705 0.747277208 0.9546665439 0.7979850179 1.1206975383 0.7582146525 1.0858212561 1.0814207196 
4.3875 0.5236632963 0.4043609728 1.4005007888 1.4949742491 1.0764795441 0.5582398547 1.2480872466 1.7855757054 0.7362312245 0.959623385 0.841887773 1.1529649382 0.9026857225 1.0741636554 1.0845346179 
4.4125 0.5152410364 0.4608568022 1.2641301904 1.5626333701 0.9846472517 0.5923810538 1.2563013659 0.9772982584 0.6350607745 0.9043393856 0.9187620476 1.1428922653 0.9029244256 1.1249936625 1.0728014992 
4.4375 0.484681117 0.5681792055 1.3200036676 1.7731732516 0.9582686644 0.6166886018 1.1904465657 0.8605257267 0.7573558628 0.9301858064 0.8366358278 1.1811113226 0.8876187406 1.2152319592 1.1426080219 
4.4625 0.4613034826 0.642456952 1.3701501747 0.968533197 0.8183099746 0.6212798563 1.325042169 0.8458081001 0.6952309659 0.9324438799 0.8264082264 1.1838591658 0.7960546824 1.3568814614 0.9603674715 
4.4875 0.4900885141 0.7670248572 1.5498495913 0.9254760449 0.7798520132 0.6597927637 1.2089602886 0.7821635057 0.6949128004 0.9376901681 0.8301025593 1.2208868156 0.9688735039 1.2970403359 0.927978674 
4.5125 0.4886655927 1.1388223882 1.4072401647 0.813444563 0.7412278144 0.7186258716 1.2055396417 0.7560543025 0.6292805852 0.9184933955 0.9386362109 1.1893220428 0.6537499249 1.0979006372 0.9169355374 
4.5375 0.4801369001 0.4096562778 1.2951401508 0.7877246017 0.6753835719 0.7267697218 1.1634017039 0.7107289639 0.6063645294 0.9098027946 1.5160856348 1.1959896831 0.8439906447 1.0504905251 0.9318405329 
4.5625 0.4858245116 0.4061555403 1.2629740499 0.849411827 0.6405390337 0.7700845731 1.1519074777 0.7566599609 0.6195005798 0.8991979686 0.9531053834 1.1794653326 1.0056254964 1.0865668533 0.9669073451 
4.5875 0.4921325411 0.4225038986 1.2967664484 0.8469392436 0.6482183315 0.883636725 1.1602414941 0.6820420077 0.5596521687 0.877964106 0.892378185 1.1610592436 0.7580927095 1.1848800577 0.8598855619 
4.6125 0.4959829586 0.4432513344 1.3357821686 0.7785556843 0.5928301704 0.8513960167 1.1286339807 0.6089929432 0.5550656744 0.8723290399 0.9025777766 1.2023868262 0.6878037947 1.3343147093 0.9174494657 
4.6375 0.5526426006 0.4918783749 1.2834882607 0.7371088038 0.5316450595 0.9509176075 1.0812639919 0.62961377 0.5660922451 0.8768547357 0.8964572588 1.233807367 0.6048072237 1.0370736769 0.9180474894 
4.6625 0.6836020324 0.5492562829 1.2842683809 0.8227157939 0.4898898591 1.0120339169 1.1352639766 0.5469190221 0.5606410047 0.8994590985 0.9345819305 1.2339800964 0.6404094532 0.9943159723 0.8357713775 
4.6875 0.8161834819 0.679844582 1.3182573971 0.7704905263 0.506161224 1.062546209 1.1287684616 0.5295388071 0.55325952 0.9202073413 0.8996817287 1.2500110902 0.5827239275 1.0005963598 0.8636283726 
4.7125 0.663315785 0.7055966752 1.2653340619 0.7074270168 0.5169238853 1.0158395713 1.1353245846 0.5193594205 0.5726459775 0.918538744 1.0265691598 1.2169480968 10.8310462402 1.1132609775 0.8389478197 
4.7375 0.4549420389 0.694094492 1.277619733 0.6981694107 0.5237512043 1.0198616068 1.1472613651 0.548982108 0.5861894753 0.873655256 1.0811024833 1.2520591996 5.365309674 1.1411233016 0.8173206189 
4.7625 0.3584222067 0.7392458013 1.2949238156 0.6586008048 0.6939516402 1.162632033 1.2464441223 0.4939506036 0.5734032682 0.8661905511 1.0410465689 1.1533151488 3.8485584445 1.1332211785 0.7710180092 
4.7875 0.2858790728 0.7355356418 1.4534285797 2.7665716727 0.5522273854 1.1283533505 1.1265951954 0.5065397654 0.5827334719 0.8888884118 1.0113213757 1.1446551222 3.0237209628 1.0902386198 0.7685044341 
4.8125 0.2407950406 0.7963611492 1.271787318 0.9205320612 0.5248213172 1.2439029521 1.0724057805 0.5188413548 0.6031623634 0.8933462784 1.030798615 1.1320126208 2.426378598 1.0547379871 0.7653986639 
4.8375 0.2223324918 0.7816376664 1.2827842069 1.0734490618 0.5083166243 1.3374688958 1.0720939237 0.5623448766 0.5698390729 0.9053530745 1.2110891658 1.1673122398 2.0409427955 1.0556310849 0.7825233236 
4.8625 0.2441203856 0.7903827275 1.2611206955 1.0736139495 0.4884071414 1.1872932488 1.0362741419 0.4802896672 0.5736302224 0.9000638609 1.2971489044 1.1518069379 1.6804765984 1.0804351234 0.7675385929 
4.8875 0.2940391365 0.8601665713 1.34891158 0.9843844935 0.552530979 1.270893982 1.0306508288 0.4604996604 0.5914485693 0.8778747018 1.2612490501 1.1155233909 0.8550617251 0.9714302604 0.8329593173 
4.9125 0.3847033107 0.8472231405 1.3868218645 0.9221762812 0.5294805043 1.3422086284 1.0678136312 0.4716152671 0.6769281923 0.901722863 1.3969859866 1.1114584653 0.8548026716 0.9512447337 0.8504954227 
4.9375 0.314124378 0.8415832261 1.2843878656 0.9086931317 0.5007896863 1.3390718742 1.0531109464 0.4876931028 0.6235667947 0.9044802072 1.2454644078 1.0963925906 0.6919406416 0.9905803938 0.8835791295 
4.9625 0.2442843504 1.1360047579 1.2669262577 1.707514598 0.545060788 1.2441170887 1.0935737273 0.5013606178 0.6219587115 0.9452505886 1.2061966673 1.1088791374 0.5405616538 0.9778295761 0.7540064532 
4.9875 0.2385733986 1.1642708666 1.1954871308 1.4175508445 0.55626714 1.2663998899 1.1023243313 0.475921249 0.5955769305 0.9222068655 1.0698895622 1.0821723097 0.4616231857 1.0297241145 0.8224563966 
