# Radial distribution function (200 data points):
"Pair separation distance" g(r)
0.0125 0.0 
0.0375 0.0 
0.0625 0.0 
0.0875 0.0 
0.1125 0.0 
0.1375 0.0 
0.1625 0.0 
0.1875 0.0 
0.2125 0.0 
0.2375 0.0 
0.2625 0.0 
0.2875 0.0 
0.3125 0.0 
0.3375 0.0 
0.3625 0.0 
0.3875 0.0 
0.4125 0.0 
0.4375 0.0 
0.4625 0.0 
0.4875 0.0 
0.5125 0.0 
0.5375 0.0 
0.5625 0.0 
0.5875 0.0 
0.6125 0.0 
0.6375 0.0 
0.6625 0.0 
0.6875 0.0 
0.7125 0.0 
0.7375 0.0 
0.7625 0.0 
0.7875 0.0 
0.8125 0.0 
0.8375 0.0 
0.8625 0.0 
0.8875 0.0 
0.9125 0.0 
0.9375 0.0 
0.9625 0.0 
0.9875 0.0 
1.0125 0.0 
1.0375 0.0 
1.0625 0.0 
1.0875 0.0 
1.1125 0.0 
1.1375 0.0 
1.1625 0.0 
1.1875 0.0 
1.2125 0.0 
1.2375 0.0014067165 
1.2625 0.0093334028 
1.2875 0.0106663793 
1.3125 0.0103347088 
1.3375 0.0124513437 
1.3625 0.0393896249 
1.3875 0.0917588321 
1.4125 0.1772828469 
1.4375 0.307583243 
1.4625 0.3796138884 
1.4875 0.516457225 
1.5125 0.59490364 
1.5375 0.6161569623 
1.5625 0.6134634685 
1.5875 0.5655368424 
1.6125 0.5680372437 
1.6375 0.5583137786 
1.6625 0.5890327569 
1.6875 0.6175713327 
1.7125 0.6614604045 
1.7375 0.7695701166 
1.7625 0.7786299653 
1.7875 0.8213224304 
1.8125 0.8270816722 
1.8375 0.7860336111 
1.8625 0.6986589019 
1.8875 0.6266965607 
1.9125 0.5921722981 
1.9375 0.5703192154 
1.9625 0.6080491879 
1.9875 0.7485572237 
2.0125 0.8094596512 
2.0375 0.851735082 
2.0625 0.9105210352 
2.0875 0.9108192205 
2.1125 1.0092635328 
2.1375 1.0958874207 
2.1625 1.1787718332 
2.1875 1.2127265109 
2.2125 1.276615344 
2.2375 1.3035217955 
2.2625 1.3029839179 
2.2875 1.3168395622 
2.3125 1.307052664 
2.3375 1.3083538352 
2.3625 1.3394211723 
2.3875 1.3866845421 
2.4125 1.3972318483 
2.4375 1.4293255749 
2.4625 1.4216265899 
2.4875 1.4281229346 
2.5125 1.4082278174 
2.5375 1.4087334981 
2.5625 1.3935564413 
2.5875 1.3504813286 
2.6125 1.3065288011 
2.6375 1.274433868 
2.6625 1.2172360849 
2.6875 1.1867095302 
2.7125 1.1434066665 
2.7375 1.0515519771 
2.7625 0.9952680144 
2.7875 0.9838779397 
2.8125 0.9096929644 
2.8375 0.8937893851 
2.8625 0.8651295512 
2.8875 0.8681106226 
2.9125 0.8692522405 
2.9375 0.8668660266 
2.9625 0.8333360561 
2.9875 0.8664473774 
3.0125 0.9133405043 
3.0375 0.8882616986 
3.0625 0.9068475738 
3.0875 0.910292251 
3.1125 0.916492905 
3.1375 0.9255110619 
3.1625 0.9019383014 
3.1875 0.8914464119 
3.2125 0.8866847121 
3.2375 0.9147948404 
3.2625 0.9422785899 
3.2875 0.9719490944 
3.3125 0.9526623028 
3.3375 0.966191839 
3.3625 0.9683148834 
3.3875 0.9516771355 
3.4125 0.9542210889 
3.4375 0.9411385046 
3.4625 0.9670820951 
3.4875 0.9418238876 
3.5125 0.9560867525 
3.5375 0.9847467188 
3.5625 0.9731841677 
3.5875 0.9724652809 
3.6125 0.974214618 
3.6375 0.9806933562 
3.6625 0.9720476893 
3.6875 0.9676378911 
3.7125 0.9946375948 
3.7375 0.9970600952 
3.7625 0.9833258731 
3.7875 0.9802681094 
3.8125 0.9570401695 
3.8375 0.9421464105 
3.8625 0.9675316521 
3.8875 0.9488123046 
3.9125 0.970286961 
3.9375 0.9439628543 
3.9625 0.9445749729 
3.9875 0.9437426734 
4.0125 0.9397296518 
4.0375 0.9347010663 
4.0625 0.9416057622 
4.0875 0.9499726992 
4.1125 0.9588651335 
4.1375 0.9749319999 
4.1625 0.9665594613 
4.1875 0.9706187209 
4.2125 1.0080715358 
4.2375 0.9971831274 
4.2625 0.9930440223 
4.2875 1.0162106279 
4.3125 1.0227716743 
4.3375 1.0503500017 
4.3625 1.066216395 
4.3875 1.075296125 
4.4125 1.0405802125 
4.4375 1.0719606392 
4.4625 1.0595651116 
4.4875 1.0752255373 
4.5125 1.0463352386 
4.5375 1.0460114042 
4.5625 1.0244355748 
4.5875 1.0013390682 
4.6125 1.0206511566 
4.6375 1.0232601116 
4.6625 1.0252029791 
4.6875 1.0426632986 
4.7125 1.0338336593 
4.7375 1.0299891382 
4.7625 0.996451369 
4.7875 1.0026339493 
4.8125 0.9823121357 
4.8375 1.0044356668 
4.8625 0.9940771211 
4.8875 0.9849256072 
4.9125 1.0015811331 
4.9375 0.988136254 
4.9625 0.9974278579 
4.9875 0.9795693022 
