# Radial distribution function (200 data points):
"Pair separation distance" g(r)
0.0125 0.0 
0.0375 0.0 
0.0625 0.0 
0.0875 0.0 
0.1125 0.0 
0.1375 0.0 
0.1625 0.0 
0.1875 0.0 
0.2125 0.0 
0.2375 0.0 
0.2625 0.0 
0.2875 0.0 
0.3125 0.0 
0.3375 0.0 
0.3625 0.0 
0.3875 0.0 
0.4125 0.0 
0.4375 0.0 
0.4625 0.0 
0.4875 0.0 
0.5125 0.0 
0.5375 0.0 
0.5625 0.0 
0.5875 0.0 
0.6125 0.0 
0.6375 0.0 
0.6625 0.0 
0.6875 0.0 
0.7125 0.0 
0.7375 0.0 
0.7625 0.0 
0.7875 0.0 
0.8125 0.0 
0.8375 0.0 
0.8625 0.0 
0.8875 0.0 
0.9125 0.0 
0.9375 0.0 
0.9625 0.0 
0.9875 0.0 
1.0125 0.0 
1.0375 0.0 
1.0625 0.0 
1.0875 0.0 
1.1125 0.0 
1.1375 0.0 
1.1625 0.0 
1.1875 0.0 
1.2125 0.0 
1.2375 0.0 
1.2625 0.0 
1.2875 0.0 
1.3125 0.0 
1.3375 0.0 
1.3625 0.0 
1.3875 0.0 
1.4125 0.0 
1.4375 0.0 
1.4625 0.0 
1.4875 0.0 
1.5125 0.0 
1.5375 0.0 
1.5625 0.0 
1.5875 0.0 
1.6125 0.0 
1.6375 4.3003416544e-05 
1.6625 1.0429957306e-04 
1.6875 3.8468221934e-04 
1.7125 0.0015531101 
1.7375 0.0050227626 
1.7625 0.0136972962 
1.7875 0.0331657899 
1.8125 0.0668310127 
1.8375 0.1073900929 
1.8625 0.1612856477 
1.8875 0.2298496441 
1.9125 0.2934728789 
1.9375 0.3554772038 
1.9625 0.4252348962 
1.9875 0.5078125292 
2.0125 0.6186661824 
2.0375 0.7517914943 
2.0625 0.9129352367 
2.0875 1.1009871689 
2.1125 1.3073882246 
2.1375 1.4777039167 
2.1625 1.6335521141 
2.1875 1.7543388906 
2.2125 1.8373734519 
2.2375 1.8886290584 
2.2625 1.9240051311 
2.2875 1.9338016777 
2.3125 1.9189541075 
2.3375 1.8735156098 
2.3625 1.8279180247 
2.3875 1.762153839 
2.4125 1.6785399528 
2.4375 1.5898651826 
2.4625 1.4863429417 
2.4875 1.3862116574 
2.5125 1.2920257167 
2.5375 1.1952200089 
2.5625 1.0943063138 
2.5875 1.0153673531 
2.6125 0.9389816578 
2.6375 0.8689426759 
2.6625 0.8020151151 
2.6875 0.7504355052 
2.7125 0.705298421 
2.7375 0.6608927135 
2.7625 0.6235094837 
2.7875 0.59988019 
2.8125 0.5674623172 
2.8375 0.5463718483 
2.8625 0.5317052562 
2.8875 0.5211343917 
2.9125 0.5126205492 
2.9375 0.5145427823 
2.9625 0.519375588 
2.9875 0.5292206779 
3.0125 0.5483700023 
3.0375 0.5714315411 
3.0625 0.5911987996 
3.0875 0.6212975413 
3.1125 0.6528088602 
3.1375 0.6863100089 
3.1625 0.7227847048 
3.1875 0.7586593686 
3.2125 0.8048874184 
3.2375 0.8511813352 
3.2625 0.8898029103 
3.2875 0.9298123941 
3.3125 0.9738085093 
3.3375 1.0077119106 
3.3625 1.0453781323 
3.3875 1.0727828696 
3.4125 1.1045431821 
3.4375 1.1301461829 
3.4625 1.1567583733 
3.4875 1.1672632189 
3.5125 1.1854233886 
3.5375 1.195169029 
3.5625 1.1972021712 
3.5875 1.200576931 
3.6125 1.2032402697 
3.6375 1.2121052996 
3.6625 1.1997363052 
3.6875 1.1984618487 
3.7125 1.1921305965 
3.7375 1.184354419 
3.7625 1.1827270228 
3.7875 1.1764694464 
3.8125 1.1642365266 
3.8375 1.1606194248 
3.8625 1.1523528599 
3.8875 1.1371482069 
3.9125 1.1279618547 
3.9375 1.1222075106 
3.9625 1.1137137296 
3.9875 1.1070338359 
4.0125 1.1025713302 
4.0375 1.0960226168 
4.0625 1.0867074206 
4.0875 1.0778307448 
4.1125 1.0648412893 
4.1375 1.0583572654 
4.1625 1.048304648 
4.1875 1.0438148426 
4.2125 1.0392729827 
4.2375 1.0341070967 
4.2625 1.0270072226 
4.2875 1.0170131317 
4.3125 1.0103029522 
4.3375 1.0022115478 
4.3625 0.9984558041 
4.3875 0.9880502936 
4.4125 0.9831667903 
4.4375 0.9816828287 
4.4625 0.9823649157 
4.4875 0.9712694886 
4.5125 0.9730240213 
4.5375 0.963266869 
4.5625 0.9630567057 
4.5875 0.9591748551 
4.6125 0.9534612885 
4.6375 0.9512785228 
4.6625 0.9482733988 
4.6875 0.9472408326 
4.7125 0.9431988883 
4.7375 0.9415886188 
4.7625 0.938615381 
4.7875 0.9376223753 
4.8125 0.9372291191 
4.8375 0.9404550578 
4.8625 0.9384492893 
4.8875 0.9409728544 
4.9125 0.9393565694 
4.9375 0.9419059873 
4.9625 0.9425420361 
4.9875 0.9462493897 
