# Radial distribution function (200 data points):
"Pair separation distance" Al-Al Al-Be Al-Cl Al-Li Al-Mg Be-Be Be-Cl Be-Li Be-Mg Cl-Cl Cl-Li Cl-Mg Li-Li Li-Mg Mg-Mg
0.0125 0.0 0.0 0.0 0.0 0.0 0.0 0.0 0.0 0.0 0.0 0.0 0.0 0.0 0.0 0.0 
0.0375 0.0 0.0 0.0 0.0 0.0 0.0 0.0 0.0 0.0 0.0 0.0 0.0 0.0 0.0 0.0 
0.0625 0.0 0.0 0.0 0.0 0.0 0.0 0.0 0.0 0.0 0.0 0.0 0.0 0.0 0.0 0.0 
0.0875 0.0 0.0 0.0 0.0 0.0 0.0 0.0 0.0 0.0 0.0 0.0 0.0 0.0 0.0 0.0 
0.1125 0.0 0.0 0.0 0.0 0.0 0.0 0.0 0.0 0.0 0.0 0.0 0.0 0.0 0.0 0.0 
0.1375 0.0 0.0 0.0 0.0 0.0 0.0 0.0 0.0 0.0 0.0 0.0 0.0 0.0 0.0 0.0 
0.1625 0.0 0.0 0.0 0.0 0.0 0.0 0.0 0.0 0.0 0.0 0.0 0.0 0.0 0.0 0.0 
0.1875 0.0 0.0 0.0 0.0 0.0 0.0 0.0 0.0 0.0 0.0 0.0 0.0 0.0 0.0 0.0 
0.2125 0.0 0.0 0.0 0.0 0.0 0.0 0.0 0.0 0.0 0.0 0.0 0.0 0.0 0.0 0.0 
0.2375 0.0 0.0 0.0 0.0 0.0 0.0 0.0 0.0 0.0 0.0 0.0 0.0 0.0 0.0 0.0 
0.2625 0.0 0.0 0.0 0.0 0.0 0.0 0.0 0.0 0.0 0.0 0.0 0.0 0.0 0.0 0.0 
0.2875 0.0 0.0 0.0 0.0 0.0 0.0 0.0 0.0 0.0 0.0 0.0 0.0 0.0 0.0 0.0 
0.3125 0.0 0.0 0.0 0.0 0.0 0.0 0.0 0.0 0.0 0.0 0.0 0.0 0.0 0.0 0.0 
0.3375 0.0 0.0 0.0 0.0 0.0 0.0 0.0 0.0 0.0 0.0 0.0 0.0 0.0 0.0 0.0 
0.3625 0.0 0.0 0.0 0.0 0.0 0.0 0.0 0.0 0.0 0.0 0.0 0.0 0.0 0.0 0.0 
0.3875 0.0 0.0 0.0 0.0 0.0 0.0 0.0 0.0 0.0 0.0 0.0 0.0 0.0 0.0 0.0 
0.4125 0.0 0.0 0.0 0.0 0.0 0.0 0.0 0.0 0.0 0.0 0.0 0.0 0.0 0.0 0.0 
0.4375 0.0 0.0 0.0 0.0 0.0 0.0 0.0 0.0 0.0 0.0 0.0 0.0 0.0 0.0 0.0 
0.4625 0.0 0.0 0.0 0.0 0.0 0.0 0.0 0.0 0.0 0.0 0.0 0.0 0.0 0.0 0.0 
0.4875 0.0 0.0 0.0 0.0 0.0 0.0 0.0 0.0 0.0 0.0 0.0 0.0 0.0 0.0 0.0 
0.5125 0.0 0.0 0.0 0.0 0.0 0.0 0.0 0.0 0.0 0.0 0.0 0.0 0.0 0.0 0.0 
0.5375 0.0 0.0 0.0 0.0 0.0 0.0 0.0 0.0 0.0 0.0 0.0 0.0 0.0 0.0 0.0 
0.5625 0.0 0.0 0.0 0.0 0.0 0.0 0.0 0.0 0.0 0.0 0.0 0.0 0.0 0.0 0.0 
0.5875 0.0 0.0 0.0 0.0 0.0 0.0 0.0 0.0 0.0 0.0 0.0 0.0 0.0 0.0 0.0 
0.6125 0.0 0.0 0.0 0.0 0.0 0.0 0.0 0.0 0.0 0.0 0.0 0.0 0.0 0.0 0.0 
0.6375 0.0 0.0 0.0 0.0 0.0 0.0 0.0 0.0 0.0 0.0 0.0 0.0 0.0 0.0 0.0 
0.6625 0.0 0.0 0.0 0.0 0.0 0.0 0.0 0.0 0.0 0.0 0.0 0.0 0.0 0.0 0.0 
0.6875 0.0 0.0 0.0 0.0 0.0 0.0 0.0 0.0 0.0 0.0 0.0 0.0 0.0 0.0 0.0 
0.7125 0.0 0.0 0.0 0.0 0.0 0.0 0.0 0.0 0.0 0.0 0.0 0.0 0.0 0.0 0.0 
0.7375 0.0 0.0 0.0 0.0 0.0 0.0 0.0 0.0 0.0 0.0 0.0 0.0 0.0 0.0 0.0 
0.7625 0.0 0.0 0.0 0.0 0.0 0.0 0.0 0.0 0.0 0.0 0.0 0.0 0.0 0.0 0.0 
0.7875 0.0 0.0 0.0 0.0 0.0 0.0 0.0 0.0 0.0 0.0 0.0 0.0 0.0 0.0 0.0 
0.8125 0.0 0.0 0.0 0.0 0.0 0.0 0.0 0.0 0.0 0.0 0.0 0.0 0.0 0.0 0.0 
0.8375 0.0 0.0 0.0 0.0 0.0 0.0 0.0 0.0 0.0 0.0 0.0 0.0 0.0 0.0 0.0 
0.8625 0.0 0.0 0.0 0.0 0.0 0.0 0.0 0.0 0.0 0.0 0.0 0.0 0.0 0.0 0.0 
0.8875 0.0 0.0 0.0 0.0 0.0 0.0 0.0 0.0 0.0 0.0 0.0 0.0 0.0 0.0 0.0 
0.9125 0.0 0.0 0.0 0.0 0.0 0.0 0.0 0.0 0.0 0.0 0.0 0.0 0.0 0.0 0.0 
0.9375 0.0 0.0 0.0 0.0 0.0 0.0 0.0 0.0 0.0 0.0 0.0 0.0 0.0 0.0 0.0 
0.9625 0.0 0.0 0.0 0.0 0.0 0.0 0.0 0.0 0.0 0.0 0.0 0.0 0.0 0.0 0.0 
0.9875 0.0 0.0 0.0 0.0 0.0 0.0 0.0 0.0 0.0 0.0 0.0 0.0 0.0 0.0 0.0 
1.0125 0.0 0.0 0.0 0.0 0.0 0.0 0.0 0.0 0.0 0.0 0.0 0.0 0.0 0.0 0.0 
1.0375 0.0 0.0 0.0 0.0 0.0 0.0 0.0 0.0 0.0 0.0 0.0 0.0 0.0 0.0 0.0 
1.0625 0.0 0.0 0.0 0.0 0.0 0.0 0.0 0.0 0.0 0.0 0.0 0.0 0.0 0.0 0.0 
1.0875 0.0 0.0 0.0 0.0 0.0 0.0 0.0 0.0 0.0 0.0 0.0 0.0 0.0 0.0 0.0 
1.1125 0.0 0.0 0.0 0.0 0.0 0.0 0.0 0.0 0.0 0.0 0.0 0.0 0.0 0.0 0.0 
1.1375 0.0 0.0 0.0 0.0 0.0 0.0 0.0 0.0 0.0 0.0 0.0 0.0 0.0 0.0 0.0 
1.1625 0.0 0.0 0.0 0.0 0.0 0.0 0.0 0.0 0.0 0.0 0.0 0.0 0.0 0.0 0.0 
1.1875 0.0 0.0 0.0 0.0 0.0 0.0 0.0 0.0 0.0 0.0 0.0 0.0 0.0 0.0 0.0 
1.2125 0.0 0.0 0.0 0.0 0.0 0.0 0.0 0.0 0.0 0.0 0.0 0.0 0.0 0.0 0.0 
1.2375 0.0 0.0 0.0 0.0 0.0 0.0 0.0 0.0 0.0 0.0 0.0 0.0 0.0 0.0 0.0 
1.2625 0.0 0.0 0.0 0.0 0.0 0.0 0.0 0.0 0.0 0.0 0.0 0.0 0.0 0.0 0.0 
1.2875 0.0 0.0 0.0 0.0 0.0 0.0 0.0 0.0 0.0 0.0 0.0 0.0 0.0 0.0 0.0 
1.3125 0.0 0.0 0.0 0.0 0.0 0.0 0.0 0.0 0.0 0.0 0.0 0.0 0.0 0.0 0.0 
1.3375 0.0 0.0 0.0 0.0 0.0 0.0 0.0 0.0 0.0 0.0 0.0 0.0 0.0 0.0 0.0 
1.3625 0.0 0.0 0.0 0.0 0.0 0.0 0.0 0.0 0.0 0.0 0.0 0.0 0.0 0.0 0.0 
1.3875 0.0 0.0 0.0 0.0 0.0 0.0 0.0 0.0 0.0 0.0 0.0 0.0 0.0 0.0 0.0 
1.4125 0.0 0.0 0.0 0.0 0.0 0.0 0.0 0.0 0.0 0.0 0.0 0.0 0.0 0.0 0.0 
1.4375 0.0 0.0 0.0 0.0 0.0 0.0 0.0 0.0 0.0 0.0 0.0 0.0 0.0 0.0 0.0 
1.4625 0.0 0.0 0.0 0.0 0.0 0.0 0.0 0.0 0.0 0.0 0.0 0.0 0.0 0.0 0.0 
1.4875 0.0 0.0 0.0 0.0 0.0 0.0 0.0 0.0 0.0 0.0 0.0 0.0 0.0 0.0 0.0 
1.5125 0.0 0.0 0.0 0.0 0.0 0.0 0.0 0.0 0.0 0.0 0.0 0.0 0.0 0.0 0.0 
1.5375 0.0 0.0 0.0 0.0 0.0 0.0 0.0 0.0 0.0 0.0 0.0 0.0 0.0 0.0 0.0 
1.5625 0.0 0.0 0.0 0.0 0.0 0.0 0.0 0.0 0.0 0.0 0.0 0.0 0.0 0.0 0.0 
1.5875 0.0 0.0 0.0 0.0 0.0 0.0 0.0 0.0 0.0 0.0 0.0 0.0 0.0 0.0 0.0 
1.6125 0.0 0.0 0.0 0.0 0.0 0.0 0.0 0.0 0.0 0.0 0.0 0.0 0.0 0.0 0.0 
1.6375 0.0 0.0 0.0 0.0 0.0 0.0 0.0012798636 0.0 0.0 0.0 0.0 0.0 0.0 0.0 0.0 
1.6625 0.0 0.0 0.0 0.0 0.0 0.0 0.003104154 0.0 0.0 0.0 0.0 0.0 0.0 0.0 0.0 
1.6875 0.0 0.0 0.0 0.0 0.0 0.0 0.0114488756 0.0 0.0 0.0 0.0 0.0 0.0 0.0 0.0 
1.7125 0.0 0.0 0.0 0.0 0.0 0.0 0.0462235141 0.0 0.0 0.0 0.0 0.0 0.0 0.0 0.0 
1.7375 0.0 0.0 0.0 0.0 0.0 0.0 0.1494869807 0.0 0.0 0.0 0.0 0.0 0.0 0.0 0.0 
1.7625 0.0 0.0 0.0 0.0 0.0 0.0 0.40600048 0.0 0.0 0.0 1.4204098425e-04 0.0 0.0 0.0 0.0 
1.7875 0.0 0.0 0.0 0.0 0.0 0.0 0.9849289251 0.0 0.0 0.0 1.8412754481e-04 0.0 0.0 0.0 0.0 
1.8125 0.0 0.0 0.0 0.0 0.0 0.0 1.9853619514 0.0 0.0 0.0 3.1339573029e-04 0.0 0.0 0.0 0.0 
1.8375 0.0 0.0 0.0 0.0 0.0 0.0 3.1737724704 0.0 0.0 0.0 0.0019166783 0.0 0.0 0.0 0.0 
1.8625 0.0 0.0 0.0014839761 0.0 0.0 0.0 4.7368517713 0.0 0.0 0.0 0.0052999147 0.0 0.0 0.0 0.0 
1.8875 0.0 0.0 0.0067429899 0.0 0.0 0.0 6.6649638378 0.0 0.0 0.0 0.0144905476 0.0 0.0 0.0 0.0 
1.9125 0.0 0.0 0.0530119906 0.0 0.0 0.0 8.2689322717 0.0 0.0 0.0 0.035345795 0.0 0.0 0.0 0.0 
1.9375 0.0 0.0 0.1764422542 0.0 0.0 0.0 9.5703924229 0.0 0.0 0.0 0.0713866293 0.0 0.0 0.0 0.0 
1.9625 0.0 0.0 0.5546881504 0.0 0.0 0.0 10.4125435854 0.0 0.0 0.0 0.144734464 0.0 0.0 0.0 0.0 
1.9875 0.0 0.0 1.3192573785 0.0 0.0 0.0 10.7299889711 0.0 0.0 0.0 0.2625731135 8.6878984422e-04 0.0 0.0 0.0 
2.0125 0.0 0.0 2.7627499394 0.0 0.0 0.0 10.5527642219 0.0 0.0 0.0 0.4367186992 0.0021183484 0.0 0.0 0.0 
2.0375 0.0 0.0 4.7405595892 0.0 0.0 0.0 9.7171344826 0.0 0.0 0.0 0.6763725056 0.0260402175 0.0 0.0 0.0 
2.0625 0.0 0.0 7.1397791024 0.0 0.0 0.0 8.7266655989 0.0032270188 0.0 0.0 0.9615709279 0.0839024889 0.0 0.0 0.0 
2.0875 0.0 0.0 9.7269951447 0.0 0.0 0.0 7.597073813 0.0037802264 0.0 0.0 1.307283306 0.1882237746 3.2401940869e-04 0.0 0.0 
2.1125 0.0 0.0 11.7671215397 0.0 0.0 0.0 6.6027844028 0.0030760701 0.0 0.0 1.7242581192 0.4179610206 0.0011601179 0.0 0.0 
2.1375 0.0 0.0 12.7809240547 0.0 0.0 0.0 5.5272210429 0.0018027221 0.0 0.0 2.1340044661 0.7695369924 0.0010301269 0.0 0.0 
2.1625 0.0 0.0 13.0041324661 0.0 0.0 0.0 4.606853361 0.0023483761 0.0 0.0 2.5527267192 1.215651548 0.0021135385 0.0 0.0 
2.1875 0.0 0.0 12.3177286237 0.0 0.0 0.0 3.7803055357 0.0068850186 0.0 0.0 2.9256103895 1.9672506326 0.0029507223 0.0 0.0 
2.2125 0.0 0.0 10.7369407873 0.0 0.0 0.0 3.1124158423 0.0078520233 0.0 0.0 3.2413031992 2.9984913971 0.0043266251 0.0 0.0 
2.2375 0.0 0.0 8.8610478316 0.0 0.0 0.0 2.5418145174 0.0076775412 0.0 0.0 3.4981678229 3.9659298518 0.0064867389 0.0 0.0 
2.2625 0.0 0.0 7.0901276041 0.0 0.0 0.0 2.0374353732 0.016090309 0.0 0.0 3.7020927668 4.9129076718 0.005608622 0.0 0.0 
2.2875 0.0 0.0 5.2960336907 0.0 0.0 0.0 1.6265218022 0.0178392714 0.0 0.0 3.8361928957 5.8315397598 0.0089945906 0.0 0.0 
2.3125 0.0 0.0 3.7096456678 0.0 0.0 0.0 1.3027559391 0.0256700678 0.0 0.0 3.9091754374 6.42842672 0.0131137375 0.0 0.0 
2.3375 0.0 0.0 2.6672178316 0.0 0.0 0.0 1.0096674118 0.0427106588 0.0 0.0 3.8776073941 6.7567634107 0.0165387156 0.0 0.0 
2.3625 0.0 0.0 1.7812937521 0.0 0.0 0.0 0.757526373 0.0516495254 0.0 0.0 3.8352671331 7.0061966373 0.0220090223 0.0 0.0 
2.3875 0.0 0.0 1.2176782197 0.0 0.0 0.0449542515 0.6448125455 0.0544267545 0.0 0.0 3.7248955209 6.9782444524 0.0307156804 0.0 0.0 
2.4125 0.0 0.0 0.864430688 0.0 0.0 0.1100684823 0.5239063208 0.0830230838 0.0 0.0 3.571904763 6.696389569 0.0397055203 0.0 0.0 
2.4375 0.0 0.0 0.5562473663 0.0 0.0 0.0862578124 0.4335032694 0.097040039 0.0 0.0 3.4127644934 6.2758334734 0.0468960841 0.0036967634 0.0 
2.4625 0.0 0.0 0.3981462501 0.0 0.0 0.0739508789 0.362491362 0.1204342886 0.0 0.0 3.2105892675 5.7313817687 0.0568149727 0.0049803653 0.0 
2.4875 0.0 0.0 0.2720469829 0.0 0.0 0.1138844318 0.3255689683 0.1388798461 0.0 0.0 3.0149794064 5.134505492 0.0702829636 0.0053244669 0.0 
2.5125 0.0 0.0 0.185112663 0.0026095177 0.0 0.2537031113 0.267475566 0.1787519636 0.0 0.0 2.8323751896 4.522348568 0.0841010281 0.0113079101 0.0 
2.5375 0.0 0.0 0.121255242 0.0017055682 0.0 0.2686269976 0.2299852172 0.1986986998 0.0 0.0 2.639442991 3.9046852867 0.1048924467 0.0123653697 0.0 
2.5625 0.0 0.0 0.0854518168 0.0037630158 0.0 0.2048753038 0.1954677643 0.2617386534 0.0 0.0 2.4215006571 3.3961217452 0.125505536 0.0188150789 0.0 
2.5875 0.0 0.0 0.076376 0.0057410148 0.0 0.2870507382 0.1835074362 0.3473313932 0.0 2.7460210921e-05 2.24580589 2.9750758648 0.1492429511 0.0168129718 0.0 
2.6125 0.0 0.0 0.0543053453 0.0052294036 0.0 0.431761017 0.1417972905 0.3877803917 0.0 2.4243457725e-04 2.0840753748 2.5088566703 0.1793627976 0.0213198763 0.0 
2.6375 0.0 0.0 0.0545140975 0.0126295104 0.0 0.3683607188 0.1339418775 0.454662373 0.0 4.4929201199e-04 1.922927525 2.2160843961 0.1905251849 0.0351258257 0.0 
2.6625 0.0 0.0 0.0380033577 0.0166537007 0.0 0.5422135112 0.1094109406 0.4883794554 0.0 0.0011670731 1.7741585717 1.8534503817 0.2201608167 0.0422151948 0.0 
2.6875 0.0 0.0 0.0320729149 0.0269887639 0.0 0.5321728098 0.0985945161 0.5363541676 0.0 0.00124728 1.6496474676 1.597231161 0.2607863982 0.0509365404 0.0 
2.7125 0.0 0.0 0.0265868585 0.0298519113 0.0 0.5659424849 0.0869903353 0.6082326926 0.0 0.0023738267 1.5308033457 1.4063048836 0.3092871238 0.0768686716 0.0 
2.7375 0.0 0.0 0.0261034745 0.0351709972 0.0 0.7608170581 0.0858666925 0.6770416967 0.0 0.0047104014 1.4120017041 1.2705980705 0.3402793982 0.1014829816 0.0 
2.7625 0.0 0.0 0.0213609621 0.0536047722 0.0 0.9233931669 0.0674556697 0.7565827909 0.0209862083 0.0073960324 1.3181608774 1.0581546048 0.3698575095 0.1305941765 0.0 
2.7875 0.0 0.0 0.018108644 0.0653677879 0.0 0.807969415 0.0733179243 0.8462478493 0.0164891717 0.0129189716 1.2441584844 0.9385577661 0.4124379318 0.146989188 0.0 
2.8125 0.0 0.0 0.0156188594 0.0659462952 0.0 0.7450774409 0.05900458 0.9152651608 0.0283453374 0.0182917297 1.1480791352 0.8386459783 0.4553566894 0.1849967124 0.0 
2.8375 0.0 0.0 0.0142792367 0.1063909698 0.0 0.8433984998 0.0532807341 0.9380819163 0.0318263585 0.0257802638 1.0813553325 0.7214211393 0.4955948582 0.2107359594 0.0 
2.8625 0.0 0.0 0.014240325 0.1162680656 0.0 0.7896399844 0.0573801332 1.0256384691 0.0625457413 0.0395124145 1.0194876061 0.6209200549 0.5418312043 0.2489543883 0.0 
2.8875 0.0 0.0 0.0170818984 0.1432409793 0.0 0.8528600839 0.0600953534 1.1067423714 0.0499422572 0.0585444582 0.9587972548 0.601570952 0.577987936 0.2957020677 0.0 
2.9125 0.0 0.0 0.0212402442 0.1595648058 0.0 0.8986983317 0.0673619173 1.1771545614 0.064192738 0.0836605536 0.9001008621 0.5356587295 0.6222611292 0.3498773937 0.0 
2.9375 0.0 0.0 0.0169030585 0.1797689986 0.0 0.6458956942 0.0652259199 1.2847915337 0.0482565749 0.1189321923 0.8575901671 0.5202164828 0.6590045133 0.4133096093 0.0 
2.9625 0.0 0.0 0.0172055325 0.2155383977 0.0 0.5547480772 0.0621745378 1.3320210411 0.0839421433 0.1620141089 0.8147713419 0.4674821379 0.7150708674 0.4789394584 0.0 
2.9875 0.0 0.0 0.0149961916 0.248244649 0.0 0.4593705194 0.0569086246 1.3654993765 0.1435532873 0.2128923632 0.7805764928 0.4145101171 0.7690706236 0.5407857409 0.0 
3.0125 0.0 0.0 0.0173954619 0.2834703962 0.0 0.3670694564 0.0548335211 1.4288481122 0.1658871582 0.28100829 0.75490362 0.39101973 0.8166229349 0.5778318641 0.0 
3.0375 0.0 0.0 0.021015908 0.3249468542 0.0 0.2707890452 0.0623037982 1.4420260582 0.1596961036 0.3546534115 0.729010233 0.3795882151 0.8745508428 0.6722114869 0.0 
3.0625 0.0 0.0 0.0195764488 0.3299089009 0.0 0.3415206014 0.0543383671 1.4703925549 0.1844211247 0.4381961971 0.7000788989 0.3811003997 0.9019322109 0.7204133143 0.0 
3.0875 0.0 0.0 0.0282610366 0.3415805292 0.0 0.2889705995 0.0671424628 1.5198317476 0.215047888 0.5421991736 0.6704577353 0.3385924196 0.9559646649 0.8098857067 0.013440493 
3.1125 0.0 0.0 0.0283402494 0.4083829943 0.0 0.198381746 0.0667767127 1.4864460828 0.2083008333 0.6447723044 0.6566638224 0.3225474639 0.9839086826 0.8691954501 0.0396763492 
3.1375 0.0 0.0 0.0310280853 0.4473622361 0.0 0.2603105281 0.0639736365 1.5016198749 0.2472950017 0.7443005141 0.636723204 0.3151616751 1.046703321 0.936838997 0.0195232896 
3.1625 0.0 0.0 0.0348287148 0.4850627704 0.0 0.211374269 0.065882889 1.5301300976 0.2241848307 0.8624151056 0.6173873766 0.284806239 1.0858441295 1.0198122197 0.0192158426 
3.1875 0.0 0.0 0.0371556453 0.5212599258 0.0 0.1891560125 0.0608001469 1.527840135 0.258513217 0.9917843005 0.5941477209 0.2867740261 1.1120983816 1.0425198516 0.0126104008 
3.2125 0.0 0.0 0.0409026441 0.5722379673 0.0 0.1551861836 0.0656770098 1.5773123701 0.3600319459 1.11575501 0.5824279988 0.2819954651 1.1633111034 1.1987467599 0.0124148947 
3.2375 0.0 0.0 0.0384725427 0.5846516793 0.0 0.0550075505 0.0705602805 1.5766211728 0.3178214027 1.2645071152 0.5703805877 0.2815862703 1.1836726779 1.2808901038 0.0122239001 
3.2625 0.0 0.0 0.0525556214 0.6252506805 0.0 0.0421304776 0.0709339675 1.6185841668 0.340053141 1.38024143 0.5599868244 0.2618108254 1.2130040077 1.3379435973 0.0421304776 
3.2875 0.0 0.0088911749 0.0641434758 0.6625195444 0.0 0.0889117487 0.0711293989 1.6420729813 0.3437920949 1.5020698654 0.5496515231 0.2761027338 1.2305531179 1.4088701662 0.0414921494 
3.3125 0.0 0.005838317 0.0647427655 0.6980959064 0.011676634 0.0583831702 0.0878875223 1.623635963 0.3940863988 1.6254388413 0.5455415763 0.288214775 1.2684970962 1.4484864524 0.0525448532 
3.3375 0.0 0.0057511796 0.0771787761 0.7372190636 0.0115023592 0.0690141551 0.0919675236 1.6141917912 0.3565731345 1.7206113542 0.5421264345 0.2715891861 1.2940999146 1.5289100138 0.0632629755 
3.3625 0.0 0.033995871 0.0915156706 0.783847654 0.0084989677 0.079323699 0.0986487328 1.6454001559 0.3682886024 1.8413707418 0.5301924926 0.2554243343 1.3031935557 1.5999913854 0.056659785 
3.3875 0.0 0.0167479704 0.1006373578 0.8055773759 0.0055826568 0.0669918816 0.1040766732 1.6133080623 0.4773171562 1.9218776676 0.5250488718 0.2676684554 1.3234041128 1.6413010985 0.055826568 
3.4125 0.0 0.013752899 0.1147875895 0.8864725782 0.0055011596 0.0495104365 0.1256916737 1.6786395629 0.4428433491 2.002409821 0.5190638803 0.2810011979 1.3574347117 1.6428034374 0.071515075 
3.4375 0.0 0.0081321511 0.1286622479 0.9219535883 0.0054214341 0.0542143407 0.1245961723 1.6196921533 0.3523932146 2.0755967256 0.5203788387 0.2786713924 1.3736497725 1.6654645466 0.0542143407 
3.4625 0.0 0.013358573 0.1276697901 0.9746414826 0.0026717146 0.0480908626 0.1382612301 1.6479135594 0.3767117573 2.1413162 0.5249387554 0.2636409791 1.3779504312 1.7624156133 0.0427474334 
3.4875 0.0 0.0079006437 0.1321946987 0.937919271 0.0184348353 0.0526709579 0.1400953424 1.684642965 0.3528954177 2.1630279475 0.5270898307 0.2670699729 1.3998263728 1.7562002235 0.0368696705 
3.5125 0.0 0.0103847729 0.1477048508 0.9737949938 0.0233657391 0.0311543188 0.1662027276 1.7350730271 0.3894289852 2.1870659643 0.531379824 0.278719888 1.4370024923 1.7907057392 0.0363467053 
3.5375 0.0 0.0435136716 0.1564572457 1.0004487858 0.0255962774 0.0051192555 0.1751059621 1.7191922555 0.3404304896 2.2148387019 0.5281269471 0.2625903817 1.4502370199 1.8122164409 0.0460732993 
3.5625 0.0 0.0429050988 0.1687360187 1.0446490184 0.0252382934 0.0302859521 0.1911800725 1.7156991851 0.3634314249 2.2098218329 0.5270219222 0.2774409538 1.455246178 1.8632350373 0.0302859521 
3.5875 0.0 0.044797981 0.2006576232 1.0401664539 0.0323540974 0.0199102138 0.2050574249 1.6876039411 0.4081593824 2.1964724353 0.5349016067 0.2825206004 1.4660093567 1.9602316539 0.0348428741 
3.6125 0.0 0.039271189 0.2043329055 1.1095513446 0.0490889863 0.0294533918 0.2336548089 1.6942011714 0.4025296877 2.1982411223 0.5335985333 0.2658694562 1.4733428094 1.9386643232 0.0736334794 
3.6375 0.0 0.0508373723 0.2266931804 1.1499621107 0.0314707543 0.067783163 0.2426447029 1.7050232161 0.4696404867 2.1906386925 0.5421183254 0.2746774349 1.506339501 1.9996724758 0.0919914355 
3.6625 0.0 0.0596972834 0.2404947704 1.1783220368 0.0262668047 0.0907398708 0.2589156464 1.6664752516 0.5324997682 2.1438390962 0.5443697811 0.3044561455 1.5021610374 1.9966182854 0.1623766109 
3.6875 0.0 0.0353343454 0.2446903422 1.2338753431 0.0424012145 0.0518237067 0.2810342404 1.6940294761 0.4993920823 2.1314722783 0.5449205066 0.3100588813 1.4994800123 1.9954819204 0.1978723345 
3.7125 0.0 0.0371840705 0.2699165118 1.2093454932 0.0581001102 0.0836641586 0.3086360852 1.6928048099 0.4438848417 2.0955524022 0.5515111458 0.317475602 1.5039059374 2.0149118207 0.148736282 
3.7375 0.0 0.0504463992 0.287937564 1.2075688692 0.0687905443 0.0917207257 0.3419872774 1.7295908282 0.3645898848 2.0559905544 0.5556450925 0.3464095267 1.5000943413 2.0240143579 0.0871346895 
3.7625 0.0 0.0656167772 0.3129726331 1.2829211264 0.106344432 0.0814553096 0.3738216888 1.6789490841 0.3914380156 2.0264995307 0.5629351512 0.337336498 1.5179945005 2.0375463876 0.1176576694 
3.7875 0.0 0.0647534111 0.3155532606 1.306806771 0.0893150498 0.0714520398 0.3991665014 1.6698724483 0.4733697637 1.9987845176 0.5689596514 0.362204425 1.5050424353 2.0120766818 0.1205753172 
3.8125 0.0 0.0462774635 0.3520392758 1.278391318 0.0969623045 0.0969623045 0.4235804566 1.68695521 0.4407377475 1.9536333096 0.5756079956 0.3657336273 1.4965079319 1.9389312765 0.1542582116 
3.8375 0.0 0.0369761867 0.3841717049 1.2740937488 0.0652520942 0.11310363 0.4411507658 1.6117267279 0.3828122863 1.9261893875 0.5864998057 0.3588865184 1.4974636525 1.9844094034 0.2001064224 
3.8625 0.0 0.0279110622 0.4053238316 1.3056856232 0.0901742009 0.128820287 0.4630629245 1.6235036742 0.4014898945 1.8861163169 0.5946272151 0.3756491583 1.4842620888 1.9713184491 0.2104064688 
3.8875 0.0 0.0402701097 0.4272643505 1.3639758676 0.0868986579 0.105973973 0.4810839897 1.5814344603 0.4641660018 1.8296000929 0.5977678222 0.3875241106 1.4705588666 2.0128999218 0.1017350141 
3.9125 0.0083699204 0.0544044823 0.4141989606 1.4120653496 0.1025315244 0.1088089647 0.5035403873 1.555729054 0.4226809781 1.7792459623 0.6036431401 0.3958150284 1.4894290359 2.0581036309 0.0878841638 
3.9375 0.0206599336 0.0413198671 0.4328625008 1.3917121528 0.1404875482 0.0867717209 0.5314767908 1.5728702559 0.3574168505 1.7415810126 0.6228590499 0.3812864523 1.4754025922 2.0230206939 0.1446195349 
3.9625 0.0163200509 0.0367201145 0.4643564483 1.3661631182 0.0918002863 0.0856802672 0.5558288765 1.5745934825 0.3855612026 1.7125202903 0.62855094 0.3851240583 1.4579833882 1.9783398847 0.1509604708 
3.9875 0.0362611191 0.0322321059 0.4974032678 1.3682528945 0.1470589831 0.068493225 0.5748898259 1.5438603142 0.4532639889 1.6700581048 0.6398237466 0.4120385499 1.4654524276 1.9316816167 0.1651895426 
4.0125 0.0159158561 0.0636634245 0.4898388931 1.3771762926 0.1770638993 0.0676423885 0.6066499085 1.5188842543 0.415801741 1.6375733509 0.6534534879 0.4312202266 1.4527148946 1.9649829642 0.274548518 
4.0375 0.0510879414 0.0805617537 0.5387391839 1.3931850032 0.1945271614 0.1139654077 0.6129500328 1.4760485213 0.3890543227 1.601567112 0.6604449761 0.4576862 1.459408449 1.9173135973 0.1807727156 
4.0625 0.0310529867 0.0621059734 0.5635285308 1.3528011845 0.1727322385 0.1280935701 0.678313678 1.4625956731 0.461913177 1.5601489378 0.6694968479 0.4465599704 1.4474620951 1.915913827 0.2251341535 
4.0875 0.0153371482 0.069017167 0.5890081144 1.346985043 0.1974657834 0.1073600376 0.708350299 1.4238898862 0.4160201456 1.5128426561 0.6845640254 0.4745957274 1.4460927558 1.8427583594 0.1610400564 
4.1125 0.0227268685 0.058711077 0.6254961809 1.3024119018 0.2007540054 0.1098465312 0.7088956716 1.3881246631 0.4829459563 1.4734707218 0.6937637515 0.4698577151 1.4207725055 1.8134417742 0.1098465312 
4.1375 0.0187108785 0.048648284 0.6433200968 1.2923336466 0.1609135549 0.1010387438 0.730826866 1.3799005579 0.4453189078 1.431017055 0.7100807021 0.4912607969 1.4093736282 1.8268767149 0.1609135549 
4.1625 0.0221841586 0.0573090763 0.6760226174 1.2944456516 0.1589864696 0.0776445549 0.767433235 1.3064884806 0.4972948876 1.3945884521 0.7149467609 0.5040953886 1.3976019889 1.8027797991 0.2292363051 
4.1875 0.0219200646 0.0675868657 0.6971363391 1.3000164007 0.1844938768 0.1242136992 0.8071280917 1.2984506818 0.4402279634 1.3529069442 0.7301562323 0.5402708771 1.3991085129 1.7661309165 0.2228539898 
4.2125 0.0433213171 0.0884476891 0.7221508846 1.2987111999 0.1732852685 0.1696751587 0.8533719278 1.251676627 0.4277980066 1.3184440875 0.7424853804 0.5796160153 1.3872988729 1.7696758046 0.270758232 
4.2375 0.0963262361 0.0731365867 0.7479617559 1.2331287208 0.1765980995 0.1748142803 0.8824171271 1.2319055305 0.4209813281 1.301049229 0.7515903717 0.5888514552 1.3669937935 1.7086439497 0.3924402211 
4.2625 0.119881011 0.079333022 0.7851135853 1.2827771877 0.2221324615 0.1375105714 0.8771965572 1.2029908341 0.4460278791 1.2605045767 0.7656446141 0.6323030739 1.3536739253 1.6496735255 0.2609174945 
4.2875 0.1045474072 0.1045474072 0.7963338671 1.2560624212 0.2090948145 0.1742456787 0.8973341301 1.2082693208 0.4321292832 1.2228846216 0.7749683242 0.6560349804 1.3303038821 1.6340759751 0.1742456787 
4.3125 0.1171172843 0.0757817722 0.7999528791 1.2443465408 0.2049552475 0.2032329345 0.9286650205 1.1860339434 0.4167997469 1.1969537154 0.7889678613 0.6513111158 1.3010057177 1.5982080497 0.1997883084 
4.3375 0.1327962887 0.1362013217 0.8312536918 1.2078625073 0.2179221148 0.1838717844 0.9706168299 1.1264335742 0.4392492626 1.1607492714 0.801468339 0.6774799674 1.2775961942 1.5864048951 0.1838717844 
4.3625 0.1380108711 0.1262294552 0.8785570085 1.158714268 0.3063168114 0.1750381779 0.9951389268 1.0875929863 0.4561090983 1.1271195505 0.819195675 0.6994013459 1.2699445726 1.5558681997 0.1279125146 
4.3875 0.1730491293 0.1630655256 0.9130540338 1.1566717898 0.3510900603 0.1763769971 0.9931902806 1.0568357536 0.3527539942 1.095477648 0.8255421451 0.7048245871 1.2522617381 1.4898389045 0.1297868469 
4.4125 0.2336088325 0.1924805169 0.9328783293 1.1196302594 0.2813176785 0.1349008751 1.025945832 1.0334723137 0.4721530628 1.0677173021 0.8386877718 0.7270898646 1.2311742801 1.4772350878 0.2533504239 
4.4375 0.2635170055 0.1821845964 0.9777317467 1.130752865 0.2993032655 0.2017043746 1.0773349006 1.0005280591 0.4749812692 1.0420237712 0.8587457519 0.7200532462 1.2018048576 1.4632862291 0.204957671 
4.4625 0.2734405005 0.1688897209 0.9700818765 1.1152236346 0.2605727122 0.2670066064 1.094767298 0.9590178764 0.5243623716 1.0204102747 0.8770325033 0.7257087905 1.2045195199 1.4882975813 0.2605727122 
4.4875 0.2799459149 0.1781474004 0.9883601867 1.1156480949 0.3038049417 0.2385902684 1.1144721857 0.9397729828 0.4771805367 0.98746243 0.8825307951 0.7522410318 1.1797538916 1.4087732817 0.286308322 
4.5125 0.2233697287 0.2155045974 1.0181412459 1.0816128554 0.3460657769 0.2516842014 1.1264272499 0.9155012825 0.4577506412 0.9786731342 0.8964492058 0.7717379184 1.1686134065 1.3876788217 0.2422460438 
4.5375 0.3547088182 0.2660316136 1.0227048656 1.0597259316 0.3484858565 0.2582529115 1.1423024112 0.9046408356 0.4247171376 0.9449605079 0.902864434 0.7892604578 1.1516339963 1.3694960762 0.2582529115 
4.5625 0.3477547819 0.284666525 1.0629656873 1.0358784035 0.4185367287 0.2923602149 1.183152114 0.8832795605 0.3923781832 0.9301906569 0.9163137526 0.8158333779 1.1253010617 1.3458241953 0.344677306 
4.5875 0.3987673342 0.3409308506 1.0839448489 1.0641478119 0.4794340087 0.2709182652 1.1960573934 0.8700259602 0.3987673342 0.9016382034 0.9313320116 0.8338727222 1.1075009466 1.3040605036 0.2709182652 
4.6125 0.3462785 0.3086395326 1.0758561128 1.0024439954 0.4998454869 0.3131562087 1.2066784094 0.8233255266 0.3763896739 0.887699683 0.9436212027 0.8472800408 1.0768566948 1.2779612367 0.2198115695 
4.6375 0.4408535345 0.3574488118 1.1079317412 1.0134950417 0.4214917239 0.2680866088 1.2160440492 0.8023449222 0.3574488118 0.8718542403 0.9515775214 0.8635420736 1.0668752801 1.2385601328 0.2531929083 
4.6625 0.4685542731 0.3447852198 1.1279717928 0.9820695492 0.4685542731 0.226909931 1.255371826 0.8037410765 0.3271039265 0.8435938998 0.9702091 0.8779077873 1.044141714 1.2082638088 0.400775982 
4.6875 0.5247958873 0.3556949903 1.131981605 0.9856166568 0.4460765042 0.2653134763 1.2701309986 0.8073110066 0.4067168126 0.825825569 0.9822786694 0.9083185959 1.0256011054 1.213028208 0.3673571211 
4.7125 0.5509740325 0.4052976522 1.1499831515 0.9842118787 0.5278965861 0.2567365911 1.2901477311 0.7897431832 0.4399138218 0.7974081922 0.995329674 0.9293823387 1.0152781248 1.1706446778 0.3778931846 
4.7375 0.5594459398 0.4609720371 1.1556921683 0.9619860504 0.5180583575 0.3139747621 1.2987392738 0.7808185351 0.4552634051 0.7793156503 1.0110001903 0.934278797 0.9954479544 1.1811975207 0.3425179223 
4.7625 0.6580917631 0.5098092843 1.164320076 0.9577232428 0.4745039322 0.2937405295 1.290360183 0.7855945204 0.3940077294 0.7644356266 1.0217224794 0.9474947779 0.9757903604 1.1527298333 0.4123665125 
4.7875 0.7350869222 0.5156788484 1.1865554688 0.9233107001 0.4793437534 0.3242208478 1.3327692886 0.7449493051 0.3521709209 0.7550049143 1.0294389814 0.9545449068 0.9657697131 1.1202389293 0.3857110086 
4.8125 0.6555523718 0.5504427088 1.2069335598 0.9470538695 0.4591632646 0.3402233828 1.3497058722 0.7422085714 0.4162895863 0.7410527603 1.0420336028 0.976586326 0.9405610051 1.1021103799 0.3789479955 
4.8375 0.728182475 0.59130607 1.2159757637 0.9539503283 0.511917755 0.2983905631 1.3454706198 0.7451160417 0.3969415747 0.7355343442 1.059272532 1.03155925 0.9176104808 1.0380706562 0.3558786532 
4.8625 0.8859905221 0.6340115662 1.2235349125 0.9164137877 0.531052423 0.3088774297 1.3646199038 0.7574464188 0.3847420616 0.7207356022 1.0691293746 1.0520411704 0.9011922018 1.012676716 0.3766137082 
4.8875 0.8099047833 0.6034058816 1.2476853283 0.9224639249 0.6114512934 0.2601349801 1.3639127946 0.7462694075 0.4116569015 0.7093867361 1.0873250843 1.0497107319 0.8930210017 0.9765980526 0.4666338818 
4.9125 0.8945926908 0.6689535848 1.2871383708 0.9214039258 0.536224699 0.3238584816 1.3933688827 0.7302743301 0.4008412354 0.6984366658 1.0947227948 1.0640827378 0.8687230184 0.9455226605 0.4778239892 
4.9375 0.9696449272 0.7055546422 1.2835688802 0.9207685163 0.5071584579 0.3862813125 1.4106869651 0.7515029732 0.4112450708 0.6841873007 1.1102772272 1.1192867039 0.8565502536 0.9217820824 0.4835085816 
4.9625 0.9703052528 0.7361833419 1.3040451077 0.9281261466 0.5657946179 0.4110140213 1.4142775074 0.7370380727 0.4240207941 0.6699649324 1.120267371 1.1504026037 0.8558923701 0.8916700205 0.4630411126 
4.9875 1.0043830826 0.715944864 1.3217708959 0.9136574898 0.6399722975 0.4172052804 1.4088266274 0.7362900598 0.4133422686 0.6639453081 1.1350041273 1.1907044223 0.8421870403 0.8852919456 0.5408216598 
