# Radial distribution function (200 data points):
"Pair separation distance" g(r)
0.0125 0.0 
0.0375 0.0 
0.0625 0.0 
0.0875 0.0 
0.1125 0.0 
0.1375 0.0 
0.1625 0.0 
0.1875 0.0 
0.2125 0.0 
0.2375 0.0 
0.2625 0.0 
0.2875 0.0 
0.3125 0.0 
0.3375 0.0 
0.3625 0.0 
0.3875 0.0 
0.4125 0.0 
0.4375 0.0 
0.4625 0.0 
0.4875 0.0 
0.5125 0.0 
0.5375 0.0 
0.5625 0.0 
0.5875 0.0 
0.6125 0.0 
0.6375 0.0 
0.6625 0.0 
0.6875 0.0 
0.7125 0.0 
0.7375 0.0 
0.7625 0.0 
0.7875 0.0 
0.8125 0.0 
0.8375 0.0 
0.8625 0.0 
0.8875 0.0 
0.9125 0.0 
0.9375 0.0 
0.9625 0.0 
0.9875 0.0 
1.0125 0.0 
1.0375 0.0 
1.0625 0.0 
1.0875 0.0 
1.1125 0.0 
1.1375 0.0 
1.1625 0.0 
1.1875 0.0 
1.2125 0.0 
1.2375 0.0 
1.2625 0.0 
1.2875 0.0 
1.3125 0.0 
1.3375 0.0 
1.3625 0.0 
1.3875 0.0 
1.4125 0.0 
1.4375 0.0 
1.4625 0.0 
1.4875 0.0 
1.5125 0.0 
1.5375 0.0 
1.5625 0.0 
1.5875 0.0 
1.6125 0.0 
1.6375 5.7461782605e-05 
1.6625 2.78733174e-04 
1.6875 0.0015691073 
1.7125 0.0047285043 
1.7375 0.0137292024 
1.7625 0.0337778285 
1.7875 0.0625447619 
1.8125 0.1108987243 
1.8375 0.1804369253 
1.8625 0.246382144 
1.8875 0.3190433241 
1.9125 0.386455784 
1.9375 0.4467752774 
1.9625 0.5096562178 
1.9875 0.582201854 
2.0125 0.6787791446 
2.0375 0.8433827012 
2.0625 1.0352783406 
2.0875 1.2495464047 
2.1125 1.4993619047 
2.1375 1.7167297106 
2.1625 1.888860433 
2.1875 2.0203584153 
2.2125 2.1092039991 
2.2375 2.1959817971 
2.2625 2.2367114967 
2.2875 2.2481734607 
2.3125 2.2174320259 
2.3375 2.1529398727 
2.3625 2.0813632704 
2.3875 1.9689258283 
2.4125 1.8764692557 
2.4375 1.757911872 
2.4625 1.6261236087 
2.4875 1.5017292463 
2.5125 1.3894447352 
2.5375 1.2804343297 
2.5625 1.1855412821 
2.5875 1.0734155255 
2.6125 0.9945451683 
2.6375 0.9132972707 
2.6625 0.8509519481 
2.6875 0.7841550497 
2.7125 0.7312768324 
2.7375 0.6834186451 
2.7625 0.6449385127 
2.7875 0.6092396686 
2.8125 0.5796209488 
2.8375 0.5515401195 
2.8625 0.530421346 
2.8875 0.5164161223 
2.9125 0.508951026 
2.9375 0.50103027 
2.9625 0.5045480183 
2.9875 0.5180120833 
3.0125 0.5153415578 
3.0375 0.5277601115 
3.0625 0.5462610713 
3.0875 0.5706664742 
3.1125 0.597560452 
3.1375 0.6213838307 
3.1625 0.6608356897 
3.1875 0.6925330542 
3.2125 0.731035677 
3.2375 0.7761871893 
3.2625 0.8130415586 
3.2875 0.8542209459 
3.3125 0.8970321701 
3.3375 0.9378471422 
3.3625 0.9643527758 
3.3875 0.9992281143 
3.4125 1.0206302701 
3.4375 1.0551609102 
3.4625 1.0778793744 
3.4875 1.0943042421 
3.5125 1.1015118092 
3.5375 1.1215447572 
3.5625 1.1261823667 
3.5875 1.1331142931 
3.6125 1.1396526722 
3.6375 1.1417999829 
3.6625 1.1354433598 
3.6875 1.1347569604 
3.7125 1.1292627457 
3.7375 1.1266041566 
3.7625 1.1273012586 
3.7875 1.1223287683 
3.8125 1.1174794349 
3.8375 1.1115255677 
3.8625 1.1098661528 
3.8875 1.0998633238 
3.9125 1.092531047 
3.9375 1.0957258555 
3.9625 1.0858097196 
3.9875 1.0824365542 
4.0125 1.0798524293 
4.0375 1.0719465359 
4.0625 1.0687648589 
4.0875 1.065400752 
4.1125 1.0571241513 
4.1375 1.0531454818 
4.1625 1.0551974015 
4.1875 1.0455485579 
4.2125 1.0392838274 
4.2375 1.0427171214 
4.2625 1.0295040825 
4.2875 1.0224450133 
4.3125 1.0196100174 
4.3375 1.0112933277 
4.3625 1.0134425834 
4.3875 1.0075252114 
4.4125 1.0052139239 
4.4375 0.9969516081 
4.4625 0.9922732924 
4.4875 0.983972041 
4.5125 0.9784190222 
4.5375 0.9748179392 
4.5625 0.9711701977 
4.5875 0.9647031325 
4.6125 0.9558274842 
4.6375 0.9534880502 
4.6625 0.9533090192 
4.6875 0.9479289483 
4.7125 0.9477849738 
4.7375 0.9429160619 
4.7625 0.9422611597 
4.7875 0.9343148868 
4.8125 0.9317681352 
4.8375 0.9331942977 
4.8625 0.9361776456 
4.8875 0.9379192605 
4.9125 0.9369050028 
4.9375 0.9392034022 
4.9625 0.9441266012 
4.9875 0.9374975694 
