# Radial distribution function (200 data points):
"Pair separation distance" Al-Al Al-Be Al-Cl Al-Li Al-Mg Be-Be Be-Cl Be-Li Be-Mg Cl-Cl Cl-Li Cl-Mg Li-Li Li-Mg Mg-Mg
0.0125 0.0 0.0 0.0 0.0 0.0 0.0 0.0 0.0 0.0 0.0 0.0 0.0 0.0 0.0 0.0 
0.0375 0.0 0.0 0.0 0.0 0.0 0.0 0.0 0.0 0.0 0.0 0.0 0.0 0.0 0.0 0.0 
0.0625 0.0 0.0 0.0 0.0 0.0 0.0 0.0 0.0 0.0 0.0 0.0 0.0 0.0 0.0 0.0 
0.0875 0.0 0.0 0.0 0.0 0.0 0.0 0.0 0.0 0.0 0.0 0.0 0.0 0.0 0.0 0.0 
0.1125 0.0 0.0 0.0 0.0 0.0 0.0 0.0 0.0 0.0 0.0 0.0 0.0 0.0 0.0 0.0 
0.1375 0.0 0.0 0.0 0.0 0.0 0.0 0.0 0.0 0.0 0.0 0.0 0.0 0.0 0.0 0.0 
0.1625 0.0 0.0 0.0 0.0 0.0 0.0 0.0 0.0 0.0 0.0 0.0 0.0 0.0 0.0 0.0 
0.1875 0.0 0.0 0.0 0.0 0.0 0.0 0.0 0.0 0.0 0.0 0.0 0.0 0.0 0.0 0.0 
0.2125 0.0 0.0 0.0 0.0 0.0 0.0 0.0 0.0 0.0 0.0 0.0 0.0 0.0 0.0 0.0 
0.2375 0.0 0.0 0.0 0.0 0.0 0.0 0.0 0.0 0.0 0.0 0.0 0.0 0.0 0.0 0.0 
0.2625 0.0 0.0 0.0 0.0 0.0 0.0 0.0 0.0 0.0 0.0 0.0 0.0 0.0 0.0 0.0 
0.2875 0.0 0.0 0.0 0.0 0.0 0.0 0.0 0.0 0.0 0.0 0.0 0.0 0.0 0.0 0.0 
0.3125 0.0 0.0 0.0 0.0 0.0 0.0 0.0 0.0 0.0 0.0 0.0 0.0 0.0 0.0 0.0 
0.3375 0.0 0.0 0.0 0.0 0.0 0.0 0.0 0.0 0.0 0.0 0.0 0.0 0.0 0.0 0.0 
0.3625 0.0 0.0 0.0 0.0 0.0 0.0 0.0 0.0 0.0 0.0 0.0 0.0 0.0 0.0 0.0 
0.3875 0.0 0.0 0.0 0.0 0.0 0.0 0.0 0.0 0.0 0.0 0.0 0.0 0.0 0.0 0.0 
0.4125 0.0 0.0 0.0 0.0 0.0 0.0 0.0 0.0 0.0 0.0 0.0 0.0 0.0 0.0 0.0 
0.4375 0.0 0.0 0.0 0.0 0.0 0.0 0.0 0.0 0.0 0.0 0.0 0.0 0.0 0.0 0.0 
0.4625 0.0 0.0 0.0 0.0 0.0 0.0 0.0 0.0 0.0 0.0 0.0 0.0 0.0 0.0 0.0 
0.4875 0.0 0.0 0.0 0.0 0.0 0.0 0.0 0.0 0.0 0.0 0.0 0.0 0.0 0.0 0.0 
0.5125 0.0 0.0 0.0 0.0 0.0 0.0 0.0 0.0 0.0 0.0 0.0 0.0 0.0 0.0 0.0 
0.5375 0.0 0.0 0.0 0.0 0.0 0.0 0.0 0.0 0.0 0.0 0.0 0.0 0.0 0.0 0.0 
0.5625 0.0 0.0 0.0 0.0 0.0 0.0 0.0 0.0 0.0 0.0 0.0 0.0 0.0 0.0 0.0 
0.5875 0.0 0.0 0.0 0.0 0.0 0.0 0.0 0.0 0.0 0.0 0.0 0.0 0.0 0.0 0.0 
0.6125 0.0 0.0 0.0 0.0 0.0 0.0 0.0 0.0 0.0 0.0 0.0 0.0 0.0 0.0 0.0 
0.6375 0.0 0.0 0.0 0.0 0.0 0.0 0.0 0.0 0.0 0.0 0.0 0.0 0.0 0.0 0.0 
0.6625 0.0 0.0 0.0 0.0 0.0 0.0 0.0 0.0 0.0 0.0 0.0 0.0 0.0 0.0 0.0 
0.6875 0.0 0.0 0.0 0.0 0.0 0.0 0.0 0.0 0.0 0.0 0.0 0.0 0.0 0.0 0.0 
0.7125 0.0 0.0 0.0 0.0 0.0 0.0 0.0 0.0 0.0 0.0 0.0 0.0 0.0 0.0 0.0 
0.7375 0.0 0.0 0.0 0.0 0.0 0.0 0.0 0.0 0.0 0.0 0.0 0.0 0.0 0.0 0.0 
0.7625 0.0 0.0 0.0 0.0 0.0 0.0 0.0 0.0 0.0 0.0 0.0 0.0 0.0 0.0 0.0 
0.7875 0.0 0.0 0.0 0.0 0.0 0.0 0.0 0.0 0.0 0.0 0.0 0.0 0.0 0.0 0.0 
0.8125 0.0 0.0 0.0 0.0 0.0 0.0 0.0 0.0 0.0 0.0 0.0 0.0 0.0 0.0 0.0 
0.8375 0.0 0.0 0.0 0.0 0.0 0.0 0.0 0.0 0.0 0.0 0.0 0.0 0.0 0.0 0.0 
0.8625 0.0 0.0 0.0 0.0 0.0 0.0 0.0 0.0 0.0 0.0 0.0 0.0 0.0 0.0 0.0 
0.8875 0.0 0.0 0.0 0.0 0.0 0.0 0.0 0.0 0.0 0.0 0.0 0.0 0.0 0.0 0.0 
0.9125 0.0 0.0 0.0 0.0 0.0 0.0 0.0 0.0 0.0 0.0 0.0 0.0 0.0 0.0 0.0 
0.9375 0.0 0.0 0.0 0.0 0.0 0.0 0.0 0.0 0.0 0.0 0.0 0.0 0.0 0.0 0.0 
0.9625 0.0 0.0 0.0 0.0 0.0 0.0 0.0 0.0 0.0 0.0 0.0 0.0 0.0 0.0 0.0 
0.9875 0.0 0.0 0.0 0.0 0.0 0.0 0.0 0.0 0.0 0.0 0.0 0.0 0.0 0.0 0.0 
1.0125 0.0 0.0 0.0 0.0 0.0 0.0 0.0 0.0 0.0 0.0 0.0 0.0 0.0 0.0 0.0 
1.0375 0.0 0.0 0.0 0.0 0.0 0.0 0.0 0.0 0.0 0.0 0.0 0.0 0.0 0.0 0.0 
1.0625 0.0 0.0 0.0 0.0 0.0 0.0 0.0 0.0 0.0 0.0 0.0 0.0 0.0 0.0 0.0 
1.0875 0.0 0.0 0.0 0.0 0.0 0.0 0.0 0.0 0.0 0.0 0.0 0.0 0.0 0.0 0.0 
1.1125 0.0 0.0 0.0 0.0 0.0 0.0 0.0 0.0 0.0 0.0 0.0 0.0 0.0 0.0 0.0 
1.1375 0.0 0.0 0.0 0.0 0.0 0.0 0.0 0.0 0.0 0.0 0.0 0.0 0.0 0.0 0.0 
1.1625 0.0 0.0 0.0 0.0 0.0 0.0 0.0 0.0 0.0 0.0 0.0 0.0 0.0 0.0 0.0 
1.1875 0.0 0.0 0.0 0.0 0.0 0.0 0.0 0.0 0.0 0.0 0.0 0.0 0.0 0.0 0.0 
1.2125 0.0 0.0 0.0 0.0 0.0 0.0 0.0 0.0 0.0 0.0 0.0 0.0 0.0 0.0 0.0 
1.2375 0.0 0.0 0.0 0.0 0.0 0.0 0.0 0.0 0.0 0.0 0.0 0.0 0.0 0.0 0.0 
1.2625 0.0 0.0 0.0 0.0 0.0 0.0 0.0 0.0 0.0 0.0 0.0 0.0 0.0 0.0 0.0 
1.2875 0.0 0.0 0.0 0.0 0.0 0.0 0.0 0.0 0.0 0.0 0.0 0.0 0.0 0.0 0.0 
1.3125 0.0 0.0 0.0 0.0 0.0 0.0 0.0 0.0 0.0 0.0 0.0 0.0 0.0 0.0 0.0 
1.3375 0.0 0.0 0.0 0.0 0.0 0.0 0.0 0.0 0.0 0.0 0.0 0.0 0.0 0.0 0.0 
1.3625 0.0 0.0 0.0 0.0 0.0 0.0 0.0 0.0 0.0 0.0 0.0 0.0 0.0 0.0 0.0 
1.3875 0.0 0.0 0.0 0.0 0.0 0.0 0.0 0.0 0.0 0.0 0.0 0.0 0.0 0.0 0.0 
1.4125 0.0 0.0 0.0 0.0 0.0 0.0 0.0 0.0 0.0 0.0 0.0 0.0 0.0 0.0 0.0 
1.4375 0.0 0.0 0.0 0.0 0.0 0.0 0.0 0.0 0.0 0.0 0.0 0.0 0.0 0.0 0.0 
1.4625 0.0 0.0 0.0 0.0 0.0 0.0 0.0 0.0 0.0 0.0 0.0 0.0 0.0 0.0 0.0 
1.4875 0.0 0.0 0.0 0.0 0.0 0.0 0.0 0.0 0.0 0.0 0.0 0.0 0.0 0.0 0.0 
1.5125 0.0 0.0 0.0 0.0 0.0 0.0 0.0 0.0 0.0 0.0 0.0 0.0 0.0 0.0 0.0 
1.5375 0.0 0.0 0.0 0.0 0.0 0.0 0.0 0.0 0.0 0.0 0.0 0.0 0.0 0.0 0.0 
1.5625 0.0 0.0 0.0 0.0 0.0 0.0 0.0 0.0 0.0 0.0 0.0 0.0 0.0 0.0 0.0 
1.5875 0.0 0.0 0.0 0.0 0.0 0.0 0.0 0.0 0.0 0.0 0.0 0.0 0.0 0.0 0.0 
1.6125 0.0 0.0 0.0 0.0 0.0 0.0 0.0 0.0 0.0 0.0 0.0 0.0 0.0 0.0 0.0 
1.6375 0.0 0.0 0.0 0.0 0.0 0.0 0.0017101721 0.0 0.0 0.0 0.0 0.0 0.0 0.0 0.0 
1.6625 0.0 0.0 0.0 0.0 0.0 0.0 0.0082956302 0.0 0.0 0.0 0.0 0.0 0.0 0.0 0.0 
1.6875 0.0 0.0 0.0 0.0 0.0 0.0 0.0466996217 0.0 0.0 0.0 0.0 0.0 0.0 0.0 0.0 
1.7125 0.0 0.0 0.0 0.0 0.0 0.0 0.1407292932 0.0 0.0 0.0 0.0 0.0 0.0 0.0 0.0 
1.7375 0.0 0.0 0.0 0.0 0.0 0.0 0.4086072153 0.0 0.0 0.0 0.0 0.0 0.0 0.0 0.0 
1.7625 0.0 0.0 0.0 0.0 0.0 0.0 1.0045544156 0.0 0.0 0.0 6.3265734164e-05 0.0 0.0 0.0 0.0 
1.7875 0.0 0.0 0.0 0.0 0.0 0.0 1.8585808519 0.0 0.0 0.0 2.4603386898e-04 0.0 0.0 0.0 0.0 
1.8125 0.0 0.0 0.0 0.0 0.0 0.0 3.2872964138 0.0 0.0 0.0 0.0011366448 0.0 0.0 0.0 0.0 
1.8375 0.0 0.0 0.0 0.0 0.0 0.0 5.3355136218 0.0 0.0 0.0 0.0029685397 0.0 0.0 0.0 0.0 
1.8625 0.0 0.0 6.6097006535e-04 0.0 0.0 0.0 7.2567903474 0.0 0.0 0.0 0.0064586218 0.0 0.0 0.0 0.0 
1.8875 0.0 0.0 0.0128715427 0.0 0.0 0.0 9.2668671437 0.0 0.0 0.0 0.0184798577 0.0 0.0 0.0 0.0 
1.9125 0.0 0.0 0.0482683583 0.0 0.0 0.0 10.9926484604 0.0 0.0 0.0 0.0394922932 0.0 0.0 0.0 0.0 
1.9375 0.0 0.0 0.2107223116 0.0 0.0 0.0 12.0465975405 0.0 0.0 0.0 0.0890007279 0.0 3.3506156377e-04 0.0 0.0 
1.9625 0.0 0.0 0.6518832018 0.0 0.0 0.0 12.4810331736 0.0 0.0 0.0 0.1744138383 0.0 1.6328972569e-04 0.0 0.0 
1.9875 0.0 0.0 1.6171190226 0.0 0.0 0.0 12.1347775613 0.0 0.0 0.0 0.3064250659 0.0 1.5920769784e-04 0.0 0.0 
2.0125 0.0 0.0 3.1170209323 0.0 0.0 0.0 11.1450764791 0.0 0.0 0.0 0.5080464298 0.0118883835 1.5527684578e-04 0.0 0.0 
2.0375 0.0 0.0 5.4137087717 0.0 0.0 0.0 10.3303416513 0.0 0.0 0.0 0.798493245 0.0403183779 1.5148979569e-04 0.0 0.0 
2.0625 0.0 0.0 8.4056832775 0.0 0.0 0.0 8.9937307578 0.0 0.0 0.0 1.1414604502 0.093246759 5.9135847177e-04 0.0 0.0 
2.0875 0.0 0.0 11.1789211459 0.0 0.0 0.0 7.606254546 0.0 0.0 0.0 1.5599616876 0.2025738794 4.3295938597e-04 0.0 0.0 
2.1125 0.0 0.0 13.7643302568 0.0 0.0 0.0 6.5250837724 0.0 0.0 0.0 2.0463954515 0.4562420779 9.8646935771e-04 0.0 0.0 
2.1375 0.0 0.0 15.3371776663 0.0 0.0 0.0 5.3706719254 8.029410466e-04 0.0 0.0 2.5204892982 0.9770788861 5.5058814624e-04 0.0 0.0 
2.1625 0.0 0.0 15.3949974835 0.0 0.0 0.0 4.4666526665 0.0117672518 0.0 0.0 2.9677849584 1.7189993687 0.001075863 0.0 0.0 
2.1875 0.0 0.0 14.4768433461 0.0 0.0 0.0 3.6224451626 0.012266481 0.0 0.0 3.3795934818 2.5850650333 0.0024971051 0.0 0.0 
2.2125 0.0 0.0 12.7383954688 0.0 0.0 0.0 2.9499343529 0.012740269 0.0 0.0 3.7107104183 3.771494349 0.0039826723 0.0 0.0 
2.2375 0.0 0.0 10.6201900632 0.0 0.0 0.0 2.3288484398 0.0197849071 0.0 0.0 4.0542572131 5.0799580914 0.0042710276 0.0 0.0 
2.2625 0.0 0.0 8.5986969874 0.0 0.0 0.0 1.8973839891 0.0265167923 0.0 0.0 4.2622032284 6.3066965454 0.0065114594 0.0 0.0 
2.2875 0.0 0.0 6.753258078 0.0 0.0 0.0 1.5419617945 0.0287447268 0.0 0.0 4.4010605557 7.2199217072 0.0085332778 0.0 0.0 
2.3125 0.0 0.0 5.058068906 0.0 0.0 0.0 1.2082426191 0.04184687 0.0 0.0 4.418617862 8.1048297474 0.0129362689 0.0 0.0 
2.3375 0.0 0.0 3.6080366178 0.0 0.0 0.0 0.9899230497 0.0537135016 0.0 0.0 4.3584550004 8.5282772951 0.0184160577 0.0 0.0 
2.3625 0.0 0.0 2.5276684211 0.0 0.0 0.0 0.7821681576 0.0709866899 0.0 0.0 4.2762086239 8.6190494301 0.0227608117 0.0 0.0 
2.3875 0.0 0.0 1.6930472226 0.002574365 0.0 0.0450513872 0.602964549 0.081092497 0.0 0.0 4.0848966263 8.4889685401 0.0283547915 0.0 0.0 
2.4125 0.0 0.0 1.1239425575 0.0012606436 0.0 0.0294150173 0.5633501077 0.1027424532 0.0 0.0 3.939488731 7.9960259688 0.0377112528 0.0 0.0 
2.4375 0.0 0.0 0.7783836716 0.0012349171 0.0 0.0288147319 0.4912654506 0.1309012104 0.0 0.0 3.729295215 7.2914135304 0.044986265 0.0030872927 0.0 
2.4625 0.0 0.0 0.508187449 0.0048398805 0.0 0.0 0.3694190012 0.15548116 0.0 0.0 3.4934322028 6.4461157966 0.0585971242 0.0036299104 0.0 
2.4875 0.0 0.0 0.3483203867 0.0041502004 0.0 0.083004007 0.3197877593 0.1796443867 0.0 0.0 3.2551651795 5.6631707123 0.0726708551 0.0065217434 0.0 
2.5125 0.0 0.0 0.1928677756 0.003486875 0.0 0.135600696 0.2702328155 0.2452435444 0.0 0.0 3.0379710106 4.9706130114 0.0842827509 0.0151097918 0.0 
2.5375 0.0 0.0 0.1346037191 0.0039882583 0.0 0.2924722786 0.2200663979 0.2854453472 0.0 0.0 2.82243549 4.2688608065 0.0982576627 0.014813531 0.0 
2.5625 0.0 0.0 0.1019606354 0.0061455725 0.0 0.2346491335 0.1889065197 0.3536497655 0.0 2.2447302313e-04 2.619360742 3.7348320417 0.1240288277 0.0217888481 0.0 
2.5875 0.0 0.0 0.0678081615 0.0115068395 0.0 0.3835613176 0.1722601275 0.3906845993 0.0 7.3385456181e-05 2.3786574683 3.1530795103 0.1444695445 0.0219177896 0.0 
2.6125 0.0 0.0 0.053414859 0.0236503527 0.0 0.2884626349 0.1454631067 0.4455941448 0.0 4.6791992413e-04 2.2057025347 2.6898916746 0.1793126739 0.0295629408 0.0 
2.6375 0.0 0.0 0.0385636869 0.023204133 0.0 0.2830201067 0.1357969146 0.5046898922 0.0 4.5909151072e-04 2.0267265721 2.2413082985 0.2063962425 0.0421893327 0.0 
2.6625 0.0 0.0 0.0307271341 0.0341556354 0.0 0.2898053914 0.1212913189 0.5242372526 0.0 4.5051061317e-04 1.8810550833 1.9649193667 0.2387345841 0.0512334531 0.0 
2.6875 0.0 0.0 0.0146028838 0.0426658169 0.0 0.3318452429 0.1180928862 0.6064641123 0.0 6.46245633e-04 1.7293261036 1.6288564491 0.2594778255 0.0548560504 0.0 
2.7125 0.0 0.0 0.011841914 0.0608300425 0.0 0.255951545 0.1149912177 0.6815956403 0.0 0.0010350545 1.601276078 1.3322153265 0.3023267359 0.0653175047 0.0 
2.7375 0.0 0.0 0.010708722 0.0651090298 0.0 0.2512980099 0.0985202425 0.7955050638 0.0 0.0010817995 1.4826028936 1.0880061565 0.3407209381 0.0778371109 0.0 
2.7625 0.0 0.0 0.0135202851 0.0749925149 0.0 0.2355534123 0.0859289234 0.8984680154 0.0168252437 0.0023499543 1.3802537192 0.9719582765 0.3588103407 0.1192188699 0.0 
2.7875 0.0 0.0 0.0103280006 0.0996209432 0.0 0.2754133502 0.0843945194 0.9612712816 0.038557869 0.0043946697 1.2811948015 0.8029282776 0.4060649469 0.1491953463 0.0 
2.8125 0.0 0.0 0.0057972623 0.1224381792 0.0 0.3246466872 0.0797123562 1.0500001425 0.0216431125 0.007049885 1.1860453244 0.7078457233 0.4664576605 0.177628116 0.0 
2.8375 0.0 0.0 0.0051260027 0.1453506541 0.0 0.3933732436 0.0874268237 1.0839787026 0.0106317093 0.0151339127 1.1012850641 0.6208158816 0.4964704474 0.195927214 0.0 
2.8625 0.0 0.0 0.0050368571 0.1777450901 0.0 0.3134044409 0.0842274435 1.1797438597 0.015670222 0.0229057072 1.0253362075 0.5204752322 0.542330395 0.2650506129 0.0 
2.8875 0.0 0.0 0.0066000225 0.1931606592 0.0 0.2669342443 0.0814002778 1.2042841097 0.0102667017 0.0330590414 0.9629197146 0.4713516085 0.6028272 0.3018410301 0.0 
2.9125 0.0 0.0 0.0045951031 0.2222948706 0.0 0.2421889641 0.0735216498 1.3921540634 0.0403648274 0.049088444 0.9052893735 0.4157216817 0.657913735 0.3477141556 0.0 
2.9375 0.0 0.0 0.0045172219 0.2453117206 0.0 0.2777648598 0.0698840798 1.3430497838 0.0248004339 0.0698650999 0.8591983795 0.3879496447 0.6939910482 0.3864616187 0.0 
2.9625 0.0 0.0 0.0067925826 0.2926035575 0.0 0.2048224902 0.0744571552 1.4049150809 0.0975345192 0.1060874505 0.8153338414 0.3652319405 0.7439535021 0.4535355141 0.0 
2.9875 0.0 0.0 0.0074500727 0.3744560674 0.0 0.3836359271 0.0667937552 1.4719288446 0.1198862272 0.1392759895 0.7978257156 0.3164996399 0.8027934094 0.5133870782 0.0 
3.0125 0.0 0.0 0.0123799916 0.3896918181 0.0 0.2075122406 0.0682162804 1.4783225922 0.132053244 0.1874052814 0.7403307181 0.2809500141 0.8328363255 0.5970693106 0.0 
3.0375 0.0 0.0 0.0166502459 0.4568628674 0.0 0.1762772305 0.0760444068 1.5244666958 0.1066941132 0.2483957531 0.6985434946 0.2800720472 0.8812801212 0.6473217999 0.0 
3.0625 0.0 0.0 0.0117345788 0.4822911885 0.0 0.1734109978 0.0818975812 1.5794743059 0.1779744451 0.3164407286 0.6688709913 0.2383586318 0.9389674678 0.7083774066 0.0 
3.0875 0.0 0.0 0.0122668978 0.5253118567 0.0224492246 0.1706141073 0.0805766813 1.5713174439 0.2155125566 0.3962259516 0.6471767855 0.2244120706 0.986695652 0.7893147385 0.0 
3.1125 0.0 0.0 0.013964064 0.5752247659 0.0132540269 0.2297364657 0.0887546442 1.5503424567 0.2474085015 0.4827999059 0.6267802255 0.2028339468 1.0280364217 0.9020311998 0.0 
3.1375 0.0 0.0 0.0132765723 0.5932997344 0.0130436499 0.1913068658 0.0815228121 1.6326922966 0.1956547491 0.5711421668 0.5952296622 0.2112605445 1.0702394634 0.9648574198 0.0 
3.1625 0.0 0.0 0.018798855 0.6257726156 0.029955899 0.1540589089 0.0834485756 1.6708055476 0.2781619188 0.6936580974 0.587821199 0.2067874045 1.0837572631 0.9878110515 0.0770294544 
3.1875 0.0 0.0 0.0313684502 0.6759336827 0.0505505959 0.2022023837 0.0909459382 1.6815294661 0.1895647347 0.7938990434 0.5714603019 0.1834715826 1.1187569031 1.0467584115 0.1432266885 
3.2125 0.0 0.0 0.0271051766 0.7074006739 0.0331779211 0.0995337632 0.0919798615 1.7084259492 0.2654233684 0.9107053678 0.5604106344 0.196623617 1.1462633175 1.0984261721 0.3400736908 
3.2375 0.0 0.0 0.0234068483 0.7829700127 0.0326675016 0.1143362558 0.1025963724 1.6079410989 0.3389253296 1.0569879541 0.5471014839 0.1859422527 1.1774700961 1.1634297372 0.1306700066 
3.2625 0.0 0.0 0.0215415877 0.7541279013 0.0522742528 0.0723797346 0.1107237606 1.6278546973 0.1889915292 1.1743242652 0.5349083956 0.1710402061 1.1964222413 1.3145538462 0.2332235892 
3.2875 0.0 0.0 0.0250339434 0.7549219 0.0475220621 0.0950441241 0.1090461602 1.6999320482 0.2178094511 1.2943018504 0.5307499076 0.1748132997 1.2205411243 1.3374066034 0.1980085919 
3.3125 0.0 0.0 0.0302994707 0.7629615678 0.0780124302 0.2340372907 0.1099139419 1.6482912047 0.2262360477 1.4290528919 0.5253301329 0.1734383494 1.2432251934 1.3594223201 0.1950310756 
3.3375 0.0 0.0 0.0298472482 0.8355582759 0.1344841529 0.1921202185 0.1276227166 1.675727437 0.2574410927 1.5424999071 0.5202419475 0.1708497657 1.2790972064 1.3644926831 0.2151746447 
3.3625 0.0 0.0 0.0391391687 0.8952121567 0.0719241373 0.1968450073 0.1474309618 1.6431150277 0.3482642436 1.630438978 0.5051125549 0.1555427066 1.300586174 1.4185819315 0.2195578927 
3.3875 0.0 0.0 0.0371649232 0.9025082 0.0671366355 0.2536272896 0.1466615787 1.6790552838 0.313304299 1.7246365493 0.5015723232 0.1714381942 1.3349503407 1.4766862826 0.179031028 
3.4125 0.0 0.0 0.0381975354 0.9164258184 0.09555947 0.1764174831 0.1340851629 1.6942379001 0.3712117873 1.7887585171 0.4873814248 0.1953193563 1.3774605072 1.5045891057 0.1249623839 
3.4375 0.0 0.0 0.0368677936 0.9264294412 0.0796861785 0.1955933472 0.1342763852 1.656644604 0.33323311 1.8848312984 0.494887759 0.1928767729 1.3880474815 1.5486025646 0.1448839609 
3.4625 0.0 0.0 0.0451347901 0.9204437187 0.0713996679 0.2141990037 0.1468793168 1.6631022643 0.2855986716 1.9436305577 0.4977176135 0.2013853133 1.3991828633 1.5893566073 0.1856391365 
3.4875 0.0 0.0 0.0603254487 0.9341395726 0.0703796901 0.1759492253 0.1576002346 1.6363277951 0.3167086055 1.9831452629 0.4991392257 0.208499832 1.4164242988 1.6109911066 0.2463289154 
3.5125 0.0 0.0 0.0596556261 0.9167267048 0.0624432721 0.2150823818 0.1464443406 1.6172807485 0.2914019367 2.0151097026 0.4886823221 0.1921617363 1.4249299832 1.7032145849 0.2914019367 
3.5375 0.0 0.0 0.0615638041 0.9779850019 0.0615638041 0.2052126803 0.1577572479 1.65313472 0.3420211338 2.045779344 0.4929972892 0.2079610644 1.4543632051 1.7961972742 0.3693828245 
3.5625 0.0 0.0 0.0603414599 1.033970788 0.094426556 0.161874096 0.1736171944 1.6242331165 0.4384090099 2.0534033619 0.4994507542 0.1983680328 1.4490869964 1.7704979246 0.3372376999 
3.5875 0.0 0.0 0.0817726332 1.0580915542 0.0798129405 0.2061834297 0.1842111172 1.6159269992 0.2926474485 2.0563412184 0.5012639513 0.2201982019 1.4810512739 1.7524641367 0.1928812729 
3.6125 0.0 0.0 0.0794148765 1.0665488187 0.1082291237 0.3148483598 0.1980101013 1.647050482 0.2131785769 2.0600178794 0.509470026 0.2164582473 1.4945498237 1.7226703113 0.2426956107 
3.6375 0.0 0.0161737206 0.0992950921 1.0857649724 0.1099813004 0.3170049247 0.217998649 1.6721778725 0.2393710656 2.0691366775 0.506783732 0.2245836639 1.4747422939 1.7326213771 0.1682066947 
3.6625 0.0 0.0127629388 0.0907650064 1.1541343189 0.143583061 0.2807846526 0.240330695 1.6570852697 0.194634816 2.0307113482 0.5133533971 0.2179385747 1.4829024119 1.7683963285 0.2424958364 
3.6875 0.0 0.0094428519 0.0986440783 1.166866704 0.1573808657 0.2895807928 0.2601842954 1.6028566678 0.1227570752 2.0212641377 0.5134261675 0.2229187547 1.4939439698 1.8046639036 0.2518093851 
3.7125 0.0 0.0062107361 0.1092978649 1.1450822891 0.1211093541 0.2360079722 0.2756568679 1.5669687206 0.1552684028 1.9790007577 0.522690481 0.2393906052 1.5219396163 1.8232946723 0.4161193194 
3.7375 0.0 0.0122558551 0.1301637464 1.1395318952 0.1531981883 0.3186522316 0.2821582346 1.6091062276 0.1593261158 1.968090618 0.5232202736 0.2355422144 1.5165945315 1.8026611958 0.3431639417 
3.7625 0.0 0.0211636744 0.1477138093 1.1534634474 0.1390755748 0.2721043855 0.2908925454 1.5753548184 0.1602392492 1.9563750001 0.5286877147 0.2547739276 1.5218298496 1.8288006174 0.3144317343 
3.7875 0.0 0.0208852091 0.1585570974 1.16130287 0.1432128622 0.2207864959 0.2976142292 1.5674136293 0.1700652739 1.9256843967 0.5355549103 0.2458274353 1.530083297 1.8615114713 0.3102945348 
3.8125 0.0 0.0176676032 0.1810929326 1.1607615292 0.1207286218 0.188454434 0.3457802337 1.5529823198 0.1796206324 1.8829518515 0.5465779524 0.2564957391 1.5367353362 1.9141586078 0.2532356456 
3.8375 0.0 0.011625438 0.20598823 1.1466833835 0.1307861778 0.1976324464 0.3526555865 1.5826373094 0.1365988968 1.8512583282 0.5552940889 0.2662432905 1.5229276362 1.9391230626 0.3371377027 
3.8625 0.0 0.0143442931 0.2054819984 1.1766418699 0.1032789102 0.2008201032 0.3731565387 1.5575443268 0.1606560825 1.8293968571 0.5651227001 0.2998469551 1.5177784335 1.9443484358 0.2926235789 
3.8875 0.0 0.0113283155 0.2274260491 1.1960273715 0.1416039443 0.3002003618 0.3911303232 1.5065041339 0.1557643387 1.7929389307 0.5636646147 0.3363599405 1.5279493288 1.8832515422 0.2832078885 
3.9125 0.0 0.0083880058 0.2225817257 1.1597017182 0.2013121396 0.2907842016 0.4054702097 1.4676613603 0.137004095 1.7659106017 0.5694257662 0.3281807275 1.529725756 1.8793926171 0.5312403683 
3.9375 0.0 0.0138030499 0.2577719573 1.1691577656 0.168397209 0.2153275788 0.4401201061 1.4798447007 0.1407911092 1.7539204543 0.580319656 0.3355620029 1.5272370501 1.8804486467 0.5631644368 
3.9625 0.0 0.0081776574 0.2751197588 1.1885640874 0.2017155485 0.169004919 0.4639360263 1.4916047049 0.1553754901 1.7124577797 0.5832338617 0.3301729164 1.5274528846 1.886936027 0.4415934982 
3.9875 0.0 0.0107672507 0.2745648918 1.1607865301 0.1534333219 0.1991941372 0.4579926977 1.467653174 0.1615087599 1.684099633 0.6011463167 0.36815345 1.5180900524 1.8760396097 0.3822373985 
4.0125 0.0 0.0079751233 0.3252711 1.1892048134 0.172794338 0.1967197079 0.486340108 1.4264077662 0.2259618267 1.6432822925 0.6186295001 0.3845148731 1.5139583442 1.9153967545 0.3402719272 
4.0375 0.0 0.0131277771 0.3270223037 1.1486429853 0.1732866573 0.152282214 0.5038253298 1.388093639 0.1837888789 1.6095826806 0.6312585372 0.4008660497 1.4988942208 1.9225817053 0.3098155388 
4.0625 0.0 0.0570534892 0.3450995139 1.1352162433 0.2048738929 0.1607871058 0.5186217736 1.3690614533 0.1581937654 1.5822717448 0.6426972349 0.3955307231 1.509463845 1.8832097147 0.4097477857 
4.0875 0.0 0.0461108647 0.3767092968 1.1330098193 0.2049371766 0.1639497413 0.5323334653 1.3609292365 0.2203074649 1.5598735037 0.6509630752 0.4049796484 1.4883457892 1.9340214125 0.6557989652 
4.1125 0.0 0.0556746081 0.3871915924 1.134026692 0.2505357363 0.2125757762 0.5689926868 1.3405288747 0.1897998002 1.5180594735 0.6607124719 0.4247448386 1.4916126144 1.8680638622 0.7338925608 
4.1375 0.0 0.04500314 0.4011440607 1.1675100328 0.2525176191 0.2600181424 0.571245215 1.3068054662 0.2025141301 1.5057970292 0.6660579529 0.4206989965 1.4696004985 1.872344926 0.650045356 
4.1625 0.0 0.0543451171 0.4243947825 1.1670790351 0.1580948862 0.2223209338 0.6308356495 1.295389974 0.2000888404 1.4769312746 0.6911231885 0.4668739609 1.4531622176 1.8530979164 0.4298204719 
4.1875 0.0 0.0463756829 0.4477171191 1.1140624576 0.129363747 0.2977807007 0.6718371957 1.2446117484 0.2001476841 1.4394129663 0.7035181133 0.4742610955 1.4303396337 1.8394060333 0.551626544 
4.2125 0.0 0.0313552232 0.4470703529 1.1178309356 0.1784835783 0.2267223832 0.6771952947 1.1932902091 0.2315462637 1.4100990256 0.7111962687 0.5118051063 1.4266675784 1.8310761229 0.6271044642 
4.2375 0.0 0.050054861 0.4714350682 1.101002636 0.1811509255 0.2574249993 0.7023003454 1.1884454136 0.2145208328 1.3997757962 0.7300384728 0.5097423598 1.4213012106 1.7719420787 0.6387953687 
4.2625 0.0 0.0942274871 0.5049163069 1.1214417071 0.1648981024 0.372198574 0.742546251 1.1377969066 0.2379244049 1.3572949702 0.7333770992 0.5254865039 1.3924938042 1.7665634669 0.4994056816 
4.2875 0.0 0.062863986 0.5097720449 1.0770696261 0.1676372959 0.2840520847 0.7470087538 1.1189789501 0.2258446903 1.3238187894 0.7483059472 0.5554232728 1.3754126953 1.7607903115 0.4563459722 
4.3125 0.0 0.0897537952 0.5324816503 1.0283220534 0.1380827618 0.2163296602 0.7752360771 1.0845414636 0.202521384 1.3018571357 0.7606634142 0.5854955678 1.3617440169 1.7570045136 0.5615365647 
4.3375 0.0 0.0727976646 0.5729159958 1.0038277972 0.1433204023 0.2092932859 0.8006930637 1.045946446 0.220667921 1.2751546287 0.7636303241 0.5586570783 1.3485321676 1.7763930132 0.6870279601 
4.3625 0.0 0.080961413 0.5860064179 1.0284027104 0.2406353109 0.323845652 0.8543115768 1.0012228074 0.2136481732 1.2557280384 0.7849539445 0.5823920691 1.3360946328 1.7079002838 0.6296998789 
4.3875 0.0 0.102275131 0.6126979123 1.0005175863 0.2556878276 0.2490177104 0.8660432583 0.9860339031 0.231230731 1.2222904767 0.7977187971 0.6126979123 1.3276092458 1.676486325 0.440227738 
4.4125 0.0 0.1318949898 0.6797302512 0.9988219159 0.2835742281 0.2549969803 0.895708297 0.9479481341 0.2044372342 1.1867142359 0.8165746678 0.6076590603 1.3253669934 1.6434115734 0.571544956 
4.4375 0.0130413039 0.1564956472 0.693634353 0.9663606215 0.2999499905 0.334726801 0.9439808124 0.9147543188 0.2282228188 1.1542302526 0.8307842904 0.6252839475 1.3010856481 1.5418547336 0.5259992587 
4.4625 0.1289559256 0.1783890305 0.7199655385 0.9636692101 0.3159420178 0.266508913 0.9615276206 0.8734000621 0.251464055 1.128491825 0.8417433562 0.663547321 1.2733160734 1.5655249374 0.5416148877 
4.4875 0.0552600086 0.2061623399 0.7373567636 0.907417922 0.323058512 0.2890523529 1.0017394698 0.8585947935 0.2954285077 1.1019239894 0.8504554367 0.6385263635 1.2570446134 1.5147922148 0.5143431573 
4.5125 0.0420380054 0.2732470353 0.7635528075 0.8954095156 0.3699344477 0.2774508358 1.0343601371 0.8309112044 0.2984698385 1.0786970959 0.8599946408 0.6602969567 1.2348466773 1.4533739562 0.4456028575 
4.5375 0.0498912648 0.2307470997 0.761064517 0.881293556 0.3138992077 0.2951899834 1.0222141062 0.839064164 0.3159780104 1.0578825423 0.8752576039 0.7179664825 1.2058515063 1.4172682864 0.5072278588 
4.5625 0.0657946807 0.261122639 0.7885448424 0.8847034745 0.3680389952 0.2138327123 1.076470002 0.8288367411 0.2652348066 1.0335164713 0.8855374472 0.7325899911 1.1803767131 1.4141156732 0.5674791211 
4.5875 0.0244048231 0.2460819661 0.8072113134 0.8919962836 0.4291181391 0.2359132898 1.0958201363 0.832204467 0.2989590827 0.9983292495 0.8974655787 0.7718025299 1.1652157488 1.3593486455 0.5165687552 
4.6125 0.0241409897 0.1891044196 0.8131418195 0.8644198683 0.3963145815 0.2816448803 1.1129642903 0.7830302457 0.2876801277 0.973276025 0.9083078181 0.7747748894 1.1362720464 1.3205121387 0.4828197948 
4.6375 0.0437825881 0.2029919996 0.8478967294 0.8426726706 0.3502607052 0.2825967053 1.1148567961 0.7604523817 0.3840927051 0.9513993466 0.9320969823 0.7918180573 1.1002799967 1.2563328379 0.4219049403 
4.6625 0.106316991 0.2047586493 0.8692046852 0.8329851865 0.4075484655 0.295324975 1.1332041182 0.7664948779 0.295324975 0.9367828747 0.9470529513 0.8217417428 1.0753782827 1.2201140394 0.5079589569 
4.6875 0.0779155333 0.2512775947 0.9025331881 0.8131042435 0.3272452397 0.3895776663 1.1384711622 0.7526640512 0.352567788 0.9070724636 0.9628093999 0.8251046269 1.0544929259 1.1984522093 0.4752847528 
4.7125 0.0925092456 0.2813822887 0.9047528115 0.8107774596 0.3199278077 0.3314914634 1.170097411 0.7306578451 0.3623278786 0.8942437494 0.9727099381 0.8568462379 1.0437025243 1.1771801501 0.535782714 
4.7375 0.1106053633 0.2669784632 0.9073862411 0.8138484295 0.2402806169 0.3661418924 1.2067154109 0.7107075661 0.3775838265 0.8712033135 0.9825936072 0.8923687026 1.0194062789 1.1518758552 0.4538633874 
4.7625 0.1056731611 0.3207935249 0.9218433257 0.7951366228 0.2434256748 0.4226926446 1.2528132839 0.6963106511 0.4038224372 0.8586582176 0.9912722101 0.8904042124 1.0130574793 1.1043923638 0.6566832157 
4.7875 0.1232460535 0.3267887783 0.9544566532 0.7812519316 0.2278184626 0.4556369252 1.2252578439 0.6880971223 0.3753402539 0.822425174 1.0072106516 0.9244454389 0.9884287762 1.0828046132 0.4481674674 
4.8125 0.1552331503 0.4102590402 0.9721872044 0.7558904015 0.3067702733 0.4287391772 1.2564183106 0.7115380728 0.393626917 0.8111978685 1.0150601792 0.9281318779 0.9603184307 1.0503581836 0.4102590402 
4.8375 0.1609486715 0.4499246955 1.0328084092 0.7578174139 0.3639634732 0.5157673338 1.2675687685 0.7267773129 0.3895689436 0.801974253 1.0211235804 0.9745102398 0.9438609395 1.01836614 0.4645563929 
4.8625 0.155677523 0.3928142149 1.0306524382 0.7616820202 0.3620407511 0.4344489013 1.2447736825 0.7072207472 0.3982448262 0.7996298018 1.0351132975 0.9867226721 0.9429846398 0.9801477535 0.5430611267 
4.8875 0.1684228503 0.481976029 1.0743675702 0.7374770763 0.3368457005 0.5052685508 1.2736338148 0.6803464073 0.4586835071 0.7850839103 1.0501709548 1.0116889296 0.9340732739 0.9340557222 0.4945181561 
4.9125 0.1560717338 0.4150089285 1.056714584 0.7331824404 0.3564820283 0.4185560134 1.3014634393 0.704451053 0.5001389651 0.770384755 1.0639082893 1.0195652042 0.9105439223 0.9443353348 0.4433856074 
4.9375 0.1755628013 0.4318844911 1.0811220003 0.7185534652 0.3019680182 0.5056208677 1.2964999369 0.7104274155 0.6039360364 0.7597513815 1.0798778333 1.041996576 0.8996181897 0.9081612906 0.4775308195 
4.9625 0.2155099738 0.3910463233 1.1013540378 0.7107360033 0.3910463233 0.5040152612 1.3023704693 0.7043302921 0.556154771 0.7524349753 1.0975473216 1.0715600322 0.8915728484 0.8909897371 0.5040152612 
4.9875 0.2133548921 0.4439158238 1.126473273 0.7264881555 0.3028262984 0.5230636064 1.3187507665 0.6955172841 0.5024163587 0.728230267 1.0997503621 1.1075773544 0.8694850933 0.8987451928 0.543710854 
