# Radial distribution function (200 data points):
"Pair separation distance" Br-Br Br-I Br-K Br-Tl Br-Zn I-I I-K I-Tl I-Zn K-K K-Tl K-Zn Tl-Tl Tl-Zn Zn-Zn
0.0125 0.0 0.0 0.0 0.0 0.0 0.0 0.0 0.0 0.0 0.0 0.0 0.0 0.0 0.0 0.0 
0.0375 0.0 0.0 0.0 0.0 0.0 0.0 0.0 0.0 0.0 0.0 0.0 0.0 0.0 0.0 0.0 
0.0625 0.0 0.0 0.0 0.0 0.0 0.0 0.0 0.0 0.0 0.0 0.0 0.0 0.0 0.0 0.0 
0.0875 0.0 0.0 0.0 0.0 0.0 0.0 0.0 0.0 0.0 0.0 0.0 0.0 0.0 0.0 0.0 
0.1125 0.0 0.0 0.0 0.0 0.0 0.0 0.0 0.0 0.0 0.0 0.0 0.0 0.0 0.0 0.0 
0.1375 0.0 0.0 0.0 0.0 0.0 0.0 0.0 0.0 0.0 0.0 0.0 0.0 0.0 0.0 0.0 
0.1625 0.0 0.0 0.0 0.0 0.0 0.0 0.0 0.0 0.0 0.0 0.0 0.0 0.0 0.0 0.0 
0.1875 0.0 0.0 0.0 0.0 0.0 0.0 0.0 0.0 0.0 0.0 0.0 0.0 0.0 0.0 0.0 
0.2125 0.0 0.0 0.0 0.0 0.0 0.0 0.0 0.0 0.0 0.0 0.0 0.0 0.0 0.0 0.0 
0.2375 0.0 0.0 0.0 0.0 0.0 0.0 0.0 0.0 0.0 0.0 0.0 0.0 0.0 0.0 0.0 
0.2625 0.0 0.0 0.0 0.0 0.0 0.0 0.0 0.0 0.0 0.0 0.0 0.0 0.0 0.0 0.0 
0.2875 0.0 0.0 0.0 0.0 0.0 0.0 0.0 0.0 0.0 0.0 0.0 0.0 0.0 0.0 0.0 
0.3125 0.0 0.0 0.0 0.0 0.0 0.0 0.0 0.0 0.0 0.0 0.0 0.0 0.0 0.0 0.0 
0.3375 0.0 0.0 0.0 0.0 0.0 0.0 0.0 0.0 0.0 0.0 0.0 0.0 0.0 0.0 0.0 
0.3625 0.0 0.0 0.0 0.0 0.0 0.0 0.0 0.0 0.0 0.0 0.0 0.0 0.0 0.0 0.0 
0.3875 0.0 0.0 0.0 0.0 0.0 0.0 0.0 0.0 0.0 0.0 0.0 0.0 0.0 0.0 0.0 
0.4125 0.0 0.0 0.0 0.0 0.0 0.0 0.0 0.0 0.0 0.0 0.0 0.0 0.0 0.0 0.0 
0.4375 0.0 0.0 0.0 0.0 0.0 0.0 0.0 0.0 0.0 0.0 0.0 0.0 0.0 0.0 0.0 
0.4625 0.0 0.0 0.0 0.0 0.0 0.0 0.0 0.0 0.0 0.0 0.0 0.0 0.0 0.0 0.0 
0.4875 0.0 0.0 0.0 0.0 0.0 0.0 0.0 0.0 0.0 0.0 0.0 0.0 0.0 0.0 0.0 
0.5125 0.0 0.0 0.0 0.0 0.0 0.0 0.0 0.0 0.0 0.0 0.0 0.0 0.0 0.0 0.0 
0.5375 0.0 0.0 0.0 0.0 0.0 0.0 0.0 0.0 0.0 0.0 0.0 0.0 0.0 0.0 0.0 
0.5625 0.0 0.0 0.0 0.0 0.0 0.0 0.0 0.0 0.0 0.0 0.0 0.0 0.0 0.0 0.0 
0.5875 0.0 0.0 0.0 0.0 0.0 0.0 0.0 0.0 0.0 0.0 0.0 0.0 0.0 0.0 0.0 
0.6125 0.0 0.0 0.0 0.0 0.0 0.0 0.0 0.0 0.0 0.0 0.0 0.0 0.0 0.0 0.0 
0.6375 0.0 0.0 0.0 0.0 0.0 0.0 0.0 0.0 0.0 0.0 0.0 0.0 0.0 0.0 0.0 
0.6625 0.0 0.0 0.0 0.0 0.0 0.0 0.0 0.0 0.0 0.0 0.0 0.0 0.0 0.0 0.0 
0.6875 0.0 0.0 0.0 0.0 0.0 0.0 0.0 0.0 0.0 0.0 0.0 0.0 0.0 0.0 0.0 
0.7125 0.0 0.0 0.0 0.0 0.0 0.0 0.0 0.0 0.0 0.0 0.0 0.0 0.0 0.0 0.0 
0.7375 0.0 0.0 0.0 0.0 0.0 0.0 0.0 0.0 0.0 0.0 0.0 0.0 0.0 0.0 0.0 
0.7625 0.0 0.0 0.0 0.0 0.0 0.0 0.0 0.0 0.0 0.0 0.0 0.0 0.0 0.0 0.0 
0.7875 0.0 0.0 0.0 0.0 0.0 0.0 0.0 0.0 0.0 0.0 0.0 0.0 0.0 0.0 0.0 
0.8125 0.0 0.0 0.0 0.0 0.0 0.0 0.0 0.0 0.0 0.0 0.0 0.0 0.0 0.0 0.0 
0.8375 0.0 0.0 0.0 0.0 0.0 0.0 0.0 0.0 0.0 0.0 0.0 0.0 0.0 0.0 0.0 
0.8625 0.0 0.0 0.0 0.0 0.0 0.0 0.0 0.0 0.0 0.0 0.0 0.0 0.0 0.0 0.0 
0.8875 0.0 0.0 0.0 0.0 0.0 0.0 0.0 0.0 0.0 0.0 0.0 0.0 0.0 0.0 0.0 
0.9125 0.0 0.0 0.0 0.0 0.0 0.0 0.0 0.0 0.0 0.0 0.0 0.0 0.0 0.0 0.0 
0.9375 0.0 0.0 0.0 0.0 0.0 0.0 0.0 0.0 0.0 0.0 0.0 0.0 0.0 0.0 0.0 
0.9625 0.0 0.0 0.0 0.0 0.0 0.0 0.0 0.0 0.0 0.0 0.0 0.0 0.0 0.0 0.0 
0.9875 0.0 0.0 0.0 0.0 0.0 0.0 0.0 0.0 0.0 0.0 0.0 0.0 0.0 0.0 0.0 
1.0125 0.0 0.0 0.0 0.0 0.0 0.0 0.0 0.0 0.0 0.0 0.0 0.0 0.0 0.0 0.0 
1.0375 0.0 0.0 0.0 0.0 0.0 0.0 0.0 0.0 0.0 0.0 0.0 0.0 0.0 0.0 0.0 
1.0625 0.0 0.0 0.0 0.0 0.0 0.0 0.0 0.0 0.0 0.0 0.0 0.0 0.0 0.0 0.0 
1.0875 0.0 0.0 0.0 0.0 0.0 0.0 0.0 0.0 0.0 0.0 0.0 0.0 0.0 0.0 0.0 
1.1125 0.0 0.0 0.0 0.0 0.0 0.0 0.0 0.0 0.0 0.0 0.0 0.0 0.0 0.0 0.0 
1.1375 0.0 0.0 0.0 0.0 0.0 0.0 0.0 0.0 0.0 0.0 0.0 0.0 0.0 0.0 0.0 
1.1625 0.0 0.0 0.0 0.0 0.0 0.0 0.0 0.0 0.0 0.0 0.0 0.0 0.0 0.0 0.0 
1.1875 0.0 0.0 0.0 0.0 0.0 0.0 0.0 0.0 0.0 0.0 0.0 0.0 0.0 0.0 0.0 
1.2125 0.0 0.0 0.0 0.0 0.0 0.0 0.0 0.0 0.0 0.0 0.0 0.0 0.0 0.0 0.0 
1.2375 0.0 0.0 0.0 0.0 0.0 0.0 0.0 0.0 0.0 0.0 0.0 0.0 0.0 0.0 0.0 
1.2625 0.0 0.0 0.0 0.0 0.0 0.0 0.0 2.2985831534e-04 0.0 0.0 0.0 0.0 0.0 0.0 0.0 
1.2875 0.0 0.0 0.0 0.0 0.0 0.0 0.0 0.0 0.0 0.0 0.0 0.0 0.0 0.0 0.0 
1.3125 0.0 0.0 0.0 0.0 0.0 0.0 0.0 2.1267940146e-04 0.0 0.0 0.0 0.0 0.0 0.0 0.0 
1.3375 0.0 0.0 0.0 0.0 0.0 0.0 0.0 2.0480330391e-04 0.0 0.0 0.0 0.0 0.0 0.0 0.0 
1.3625 0.0 0.0 0.0 0.0 0.0 0.0 0.0 0.0 0.0 0.0 0.0 0.0 0.0 0.0 0.0 
1.3875 0.0 0.0 0.0 0.0 0.0 0.0 0.0 1.9030905429e-04 0.0 0.0 0.0 0.0 0.0 0.0 0.0 
1.4125 0.0 0.0 0.0 0.0 0.0 0.0 0.0 0.0 0.0 0.0 0.0 0.0 0.0 0.0 0.0 
1.4375 0.0 0.0 0.0 0.0 0.0 0.0 0.0 0.0 0.0 0.0 0.0 0.0 0.0 0.0 0.0 
1.4625 0.0 0.0 0.0 0.0 0.0 0.0 0.0 0.0 0.0 0.0 0.0 0.0 0.0 0.0 0.0 
1.4875 0.0 0.0 0.0 0.0 0.0 0.0 0.0 1.6558195751e-04 0.0 0.0 0.0 0.0 6.6232783003e-04 0.0 0.0 
1.5125 0.0 0.0 0.0 0.0 0.0 0.0 0.0 1.6015353526e-04 0.0 0.0 0.0 0.0 0.0 0.0 0.0 
1.5375 0.0 0.0 0.0 0.0 0.0 0.0 0.0 0.0 0.0 0.0 0.0 0.0 0.0 0.0 0.0 
1.5625 0.0 0.0 0.0 0.0 0.0 0.0 0.0 0.0 0.0 0.0 0.0 0.0 3.0013584277e-04 0.0 0.0 
1.5875 0.0 0.0 0.0 0.0 0.0 0.0 0.0 0.0 0.0 0.0 0.0 0.0 0.0 0.0 0.0 
1.6125 0.0 0.0 0.0 0.0 0.0 0.0 0.0 0.0 0.0 0.0 0.0 0.0 0.0 0.0 0.0 
1.6375 0.0 0.0 0.0 0.0 0.0 0.0 0.0 0.0 0.0 0.0 0.0 0.0 0.0 0.0 0.0 
1.6625 0.0 0.0 0.0 0.0 0.0 0.0 0.0 0.0 0.0 0.0 0.0 0.0 2.6511584694e-04 0.0 0.0 
1.6875 0.0 0.0 0.0 0.0 0.0 2.5731889249e-04 0.0 0.0 0.0 0.0 0.0 0.0 0.0 0.0 0.0 
1.7125 0.0 0.0 0.0 0.0 0.0 2.498609037e-04 0.0 2.498609037e-04 0.0 0.0 0.0 0.0 0.0 0.0 0.0 
1.7375 0.0 0.0 0.0 0.0 0.0 0.0 0.0 0.0 0.0 0.0 0.0 0.0 0.0 0.0 0.0 
1.7625 0.0 0.0 0.0 0.0 0.0 0.0 0.0 0.0 0.0 0.0 0.0 0.0 0.0 0.0 0.0 
1.7875 0.0 0.0 0.0 0.0 0.0 0.0 0.0 0.0 0.0 0.0 0.0 0.0 2.2933376419e-04 0.0 0.0 
1.8125 0.0 0.0 0.0 0.0 0.0 2.2305104581e-04 0.0 0.0 0.0 0.0 0.0 0.0 0.0 0.0 0.0 
1.8375 0.0 0.0 0.0 0.0 0.0 0.0 0.0 0.0 0.0 0.0 0.0 0.0 0.0 0.0 0.0 
1.8625 0.0 0.0 0.0 0.0 0.0 0.0 0.0023764059 0.0 0.0 0.0 0.0 0.0 0.0 0.0 0.0 
1.8875 0.0 0.0 0.0 0.0 0.0 0.0 0.0023138725 0.0 0.0 0.0 0.0 0.0 2.0567755929e-04 0.0 0.0 
1.9125 0.0 0.0 0.0 0.0 0.0 0.0 0.0022537754 3.0050338395e-04 0.0 0.0 0.0 0.0 0.0 0.0 0.0 
1.9375 0.0 0.0 0.0 0.0 0.0 1.951990644e-04 0.0 9.7599532199e-05 0.0 0.0 0.0 0.0 0.0 0.0 0.0 
1.9625 0.0 0.0 0.0 0.0 0.0 0.0 0.0 9.5128791621e-05 0.0 0.0 0.0 0.0 1.9025758324e-04 0.0 0.0 
1.9875 0.0 0.0 0.0 0.0 0.0 0.0 0.0020868907 9.2750697257e-05 0.0 0.0 0.0 0.0 0.0 0.0 0.0 
2.0125 0.0 0.0 0.0 0.0 0.0 0.0 0.0 1.8092134877e-04 0.0 0.0 0.0 0.0 1.8092134877e-04 0.0 0.0 
2.0375 0.0 0.0 0.0 0.0 0.0 1.7650885439e-04 0.0 1.7650885439e-04 0.0 0.0 0.0 0.0 0.0 0.0 0.0 
2.0625 0.0 0.0 0.0 0.0 0.0 0.0 0.0019378782 1.7225583728e-04 0.0 0.0 0.0 0.0 1.7225583728e-04 0.0 0.0 
2.0875 0.0 0.0 0.0 0.0 0.0 3.3630940779e-04 0.0 1.681547039e-04 0.0 0.0 0.0 0.0 1.681547039e-04 0.0 0.0 
2.1125 0.0 0.0 0.0 0.0 0.0 1.6419830733e-04 0.0 1.6419830733e-04 0.0 0.0 0.0 0.0 1.6419830733e-04 0.0055416929 0.0 
2.1375 0.0 0.0 0.0 0.0 0.0 3.2075983233e-04 0.0018042741 1.6037991616e-04 0.0 0.0 0.0 0.0 1.6037991616e-04 0.0036085481 0.0 
2.1625 0.0 0.0 0.0 0.0 0.5949444398 0.0 0.0 2.3503977868e-04 0.0 0.0 0.0 0.0 1.5669318579e-04 0.0035255967 0.0 
2.1875 0.0 0.0 0.0 0.0 0.904436655 1.5313213206e-04 0.0 1.5313213206e-04 0.0017227365 0.0 0.0 0.0 3.0626426413e-04 0.0051682095 0.0 
2.2125 0.0 0.0 0.0 0.0 2.1218714419 2.9938221402e-04 0.001684025 8.9814664205e-04 0.0185242745 0.0 0.0 0.0 5.9876442804e-04 0.0050520749 0.0 
2.2375 0.0 0.0 0.0 0.0 4.6681215869 1.4636477639e-04 0.0 0.0010977358 0.0345786784 0.0 0.0 0.0 5.8545910555e-04 0.0065864149 0.0 
2.2625 0.0 0.0 0.0362343626 0.0 6.6067321083 4.2944429711e-04 0.0048312483 0.0016462031 0.1336645375 0.0 0.0 0.0 4.2944429711e-04 0.0048312483 0.0 
2.2875 0.0 0.0 0.0118155635 5.2513615401e-04 7.821903014 7.0018153868e-04 0.0015754085 0.0011903086 0.3056292416 0.0 0.0063016338 0.0 5.6014523094e-04 0.0063016338 0.0 
2.3125 0.0 0.0 0.0115614752 0.0041107467 10.6018727815 8.2214934935e-04 0.00154153 0.0013702489 0.6243196622 0.0 0.0154153003 0.0 9.591742409e-04 0.0061661201 0.0 
2.3375 0.0 0.0 0.0113154958 0.0030174655 11.6662761387 9.3876705646e-04 0.0030174655 0.0014081506 1.1360757753 0.0 0.0105611294 0.0 0.0017434245 0.0060349311 0.0 
2.3625 0.0 0.0019692949 0.0110772837 0.0029539423 12.7942626713 0.0019692949 0.0014769712 0.0016410791 2.1312693835 0.0 0.008861827 0.0 0.0024944402 0.0059078846 0.0 
2.3875 0.0 0.0014462021 0.0216930308 0.0033744715 12.6578834588 0.0015426155 0.0014462021 0.0016068912 3.2496160105 0.0 0.0072310103 0.0 0.0020568207 0.0173544246 0.0 
2.4125 0.0 0.0084983071 0.0212457678 0.002832769 13.9372236787 0.0020144135 0.0042491536 0.001636711 4.3440513234 0.0 0.0056655381 0.0 0.003273422 0.0113310762 0.0 
2.4375 0.0 0.0064749054 0.0208121959 0.0032374527 13.6840188097 0.0019733045 0.0027749595 0.0017883072 5.8246398949 0.0 0.0055499189 0.0 0.0029599568 0.0138747973 0.0 
2.4625 0.0 0.0054378032 0.0305876429 0.0081567048 13.1628823394 0.001691761 0.006797254 0.0022959613 6.9848581936 0.0 0.0040783524 0.0 0.0024168014 0.0108756064 0.0 
2.4875 0.0 0.0039967881 0.0299759107 0.0093258389 10.4416088817 0.0022500437 0.0053290508 0.0017763503 8.609081543 0.0 0.0039967881 0.0 0.0026053137 0.013322627 0.0 
2.5125 0.0 0.0161058796 0.0293823479 0.0121882332 10.254439405 0.0022054898 0.0078352928 0.0020313722 9.7862806623 0.0 0.0039176464 0.0 0.0054556853 0.0300352889 0.0 
2.5375 0.0 0.0174971248 0.028806242 0.027312585 7.4512146071 0.0020484439 0.0064013871 0.00233295 10.549485973 0.0 0.0038408323 0.0 0.0042106902 0.0243252711 0.0 
2.5625 0.0 0.0108802933 0.0376625537 0.0464504829 6.628609452 0.002231855 0.0062770923 0.0023434478 11.3075540406 0.0 0.0025108369 0.0 0.0033477826 0.0351517168 0.0 
2.5875 0.0 0.0082085103 0.0923457409 0.1140982932 6.002473159 0.0020794893 0.0061563827 0.0033928509 11.4754974035 0.0 0.0036938296 0.0 0.0036117445 0.0344757433 0.0 
2.6125 0.0 0.0285851769 0.0724694625 0.1654719393 5.4805031004 0.0022546055 0.0048312975 0.0035966326 11.0817886382 0.0 0.0024156487 0.0 0.0037576758 0.0471051506 0.0 
2.6375 0.0 0.0110603352 0.0622143857 0.2701881893 4.6216400805 0.0061095185 0.0071102155 0.005214158 11.0966763369 0.0 0.0023700718 0.0 0.0043187976 0.0651769755 0.0 
2.6625 0.0 0.0081402046 0.1395463638 0.4128246596 3.3665560266 0.0110603414 0.0069773182 0.0119389667 10.2810783527 0.0 0.0023257727 0.0 0.0037212364 0.0558185455 0.0 
2.6875 0.0 0.006087211 0.2482440716 0.5588820555 2.5081211374 0.0128845965 0.0057067603 0.0152180274 9.633011331 0.0 0.0034240562 0.0 0.0036523266 0.063915715 0.0 
2.7125 0.0 0.0052285819 0.2604954196 0.7189300111 2.1343818252 0.0134449249 0.0078428728 0.0238024966 8.4378107744 0.0 0.0022408208 0.0 0.002788577 0.0784287285 0.0 
2.7375 0.0 0.0055001994 0.2475089719 0.9863690878 1.2210442612 0.0196540458 0.0066002392 0.0375969184 7.5671742996 0.0 0.0022000797 0.0 0.0034223463 0.1078039077 0.0 
2.7625 0.0 0.0046809528 0.4779972959 1.2170477289 1.077519328 0.0203561435 0.0140428584 0.0642850852 6.7589357749 0.0 0.0032406596 0.0 0.0057611727 0.1069417679 0.0 
2.7875 0.0 0.004243723 0.4455909168 1.5323376527 0.8513969303 0.023576239 0.0106093075 0.1032167743 6.1449109285 0.0 0.0021218615 0.0 0.0074500915 0.1082149369 0.0 
2.8125 0.0 0.004863384 0.7894314378 1.8828243754 0.8597768135 0.0239000585 0.0187587668 0.1760081827 5.3201947064 0.0 0.0020843074 0.0 0.0049097019 0.112552601 0.0 
2.8375 0.0 0.0047780637 1.2670401 2.1334054318 0.6296805346 0.0281223176 0.0133103202 0.2540564715 4.5142463039 0.0 0.0030716124 0.0 0.0068258053 0.115697399 0.0 
2.8625 0.0 0.0160970367 1.8939169713 2.4601637718 0.6941847066 0.0265601105 0.0452729156 0.3624516091 3.7626823227 0.0 0.0030181944 0.0 0.0059022468 0.1589582372 0.0 
2.8875 0.0 0.0207631049 2.4841571932 2.7222737534 0.5635699901 0.0293539769 0.0790975425 0.5195390248 3.0501989816 0.0 0.0019774386 0.0 0.0109857698 0.1720371549 0.0 
2.9125 0.0 0.0204081887 3.4766807256 2.9400749374 0.6997093284 0.0400821146 0.0923227586 0.6982839946 2.5549108672 0.6559774954 9.7181851169e-04 0.0 0.0114026705 0.2876582795 0.0 
2.9375 0.0 0.0101903724 4.1056054909 3.2099672948 0.365420384 0.0360059824 0.1690964914 0.8585388717 2.3788150488 0.8598126683 0.0019106948 0.0 0.0124832061 0.2235512937 0.0 
2.9625 0.0 0.0100191097 4.3958843667 3.4293533809 0.479038681 0.0360687948 0.2310657167 1.0820220978 1.8522828998 0.464949308 0.0065750407 0.0 0.0215410858 0.1925547639 0.0 
2.9875 0.0 0.0076969753 4.7936762267 3.5359904601 0.7758551118 0.0376022901 0.2290619854 1.3748234683 1.5720302385 0.2493820002 0.0101600074 0.0 0.0302131938 0.1819564965 0.0 
3.0125 0.0 0.0102948675 6.151940298 3.7164471622 0.5245840564 0.044005512 0.2815949047 1.6028906814 1.3080537511 0.1635067189 0.0099920773 0.0 0.0396453328 0.2016582866 0.0 
3.0375 0.0 0.0208478591 6.520167924 3.8479191311 0.5025823169 0.0343096195 0.386876699 1.8533945264 1.0873647638 0.2010329267 0.0125087154 0.0 0.0452696368 0.2242633983 0.0 
3.0625 0.0 0.0149421818 7.9567118243 3.9892695646 0.5141868453 0.0328142032 0.5291290271 2.1035466854 1.0696844286 0.1186585028 0.0096684706 0.0 0.0576592428 0.213585305 0.0 
3.0875 0.0 0.0121068575 8.2434728261 3.964131071 0.4475213415 0.0284415066 0.7281410039 2.3411203393 0.9451996642 0.155659597 0.0086477554 0.0 0.0806355147 0.2222473135 0.0 
3.1125 0.0 0.0107785661 7.5563421205 3.9389986121 0.4212150169 0.0257172805 0.9181636428 2.5413967859 0.8015849412 0.0765845485 0.011913152 0.0 0.0939437128 0.2025235839 0.0 
3.1375 0.0 0.0089326159 8.5732176634 3.7466740734 0.4459329334 0.0209916473 1.3440795458 2.7749915617 0.6724584893 0.0376844732 0.0175860875 0.0 0.1086801599 0.2319688686 0.0 
3.1625 0.0370910293 0.0093414444 8.1600264539 3.7843839857 0.4265468374 0.0300391546 1.6295325555 2.9750852005 0.6091171262 0.0741820587 0.0230788627 0.166909632 0.1204496834 0.2101824996 0.0 
3.1875 0.0283978286 0.0113591314 8.2394271203 3.7341792303 0.2860067021 0.0315170821 1.8961635825 3.1573697483 0.5906748344 0.0730229878 0.0340773943 0.1825574694 0.139194436 0.210955298 0.0 
3.2125 0.0199696865 0.0109167619 9.699276717 3.4433064719 0.3235089208 0.0284013319 2.1335613021 3.2540825983 0.5080288237 0.0359454356 0.0463296726 0.3774270742 0.1518051188 0.231648363 0.0 
3.2375 0.0157299733 0.0194003004 8.7006414829 3.3578249676 0.2418483395 0.03733247 2.5396041897 3.3805809956 0.5127971297 0.0707848799 0.0306734479 0.3716206193 0.1770146329 0.2650500501 0.0 
3.2625 0.0154898257 0.0250418849 7.6326116327 3.2229164087 0.3136689712 0.0298781528 2.8253442147 3.4709945734 0.3756282742 0.0697042158 0.0263327038 0.3310950252 0.2123827218 0.3121199886 0.0 
3.2875 0.011441352 0.0386463444 7.2709791642 3.1618811744 0.46909543 0.0256286284 3.1295911367 3.4646786726 0.3142558002 0.0343240559 0.0327985423 0.240268391 0.2340476855 0.3119675298 0.0 
3.3125 0.0413207843 0.0503362282 7.6856658814 2.9913743549 0.2253860962 0.0291165446 3.4716971689 3.5034682608 0.3238046916 0.0676158289 0.0706209768 0.2535593583 0.2616482148 0.3117840998 0.0 
3.3375 0.1147114636 0.0569856948 7.3267321894 2.8169681775 0.1998199688 0.0279583495 3.6011998822 3.484498442 0.2457045542 0.0333033281 0.0658665823 0.5328532501 0.2895827169 0.2841884001 0.0 
3.3625 0.0838476617 0.0602731018 6.8572805085 2.8095042594 0.207796379 0.0312383173 3.7038793177 3.4387424797 0.2369607831 0.0656199092 0.0575996981 0.3445045232 0.2830891489 0.4002814459 0.0 
3.3875 0.096982392 0.0529212559 7.0743267083 2.652528288 0.3017229975 0.0419538644 3.7241238544 3.3936653333 0.3261481925 0.064654928 0.0854881826 0.5334031562 0.3038302692 0.3987053895 0.0 
3.4125 0.1168036418 0.0842402023 6.4719836075 2.5163515884 0.2282980272 0.0419077309 3.7632009688 3.3148637579 0.3164316842 0.0318555387 0.0707900859 0.4778330801 0.3275850555 0.4587197569 0.0 
3.4375 0.1988278582 0.0881353898 5.5881092768 2.4410479849 0.3401002837 0.0466334657 3.6779665552 3.2328402033 0.2406863546 0.0627877447 0.0823217097 0.2982417872 0.3265582849 0.499511391 0.0 
3.4625 0.1615868867 0.1065785849 5.5077062239 2.3726914203 0.2836365565 0.0494463513 3.6498008285 3.1488279994 0.2049059244 0.0309421698 0.103140566 0.3558349527 0.3604266179 0.5363309432 0.0 
3.4875 0.2575567916 0.1278746878 4.8952734927 2.378333636 0.2389178132 0.0575963258 3.5475059136 3.0221804295 0.2107899005 0.0610002927 0.132845082 0.4270020492 0.4069096071 0.5225691745 0.0 
3.5125 0.1737234921 0.1492240253 4.6153654693 2.2078474073 0.2355289653 0.068954863 3.5326003961 2.8934909711 0.1850823359 0.0300675275 0.1931003432 0.4359791486 0.4270331311 0.4723942652 0.0 
3.5375 0.16798294 0.1743509207 4.0266498853 2.0179911354 0.2371523859 0.0866630941 3.4538609977 2.839533845 0.2114608774 0.0592880965 0.1791818027 0.3260845306 0.4532245597 0.5138301694 0.0 
3.5625 0.1656335668 0.2056887431 3.8047004613 1.8650556138 0.2484503502 0.1054281109 3.4393322992 2.7430073409 0.187068499 0.029229453 0.1786244348 0.6284332388 0.4392068123 0.5573082366 0.0 
3.5875 0.3042480019 0.232723033 4.169798931 1.7695490804 0.2353918751 0.1190517094 3.1865974933 2.6240340417 0.1979213317 0.0576469898 0.1889540222 0.662940383 0.4936290388 0.5617378898 0.0 
3.6125 0.2558334223 0.2779424835 3.6574704081 1.6632330889 0.2889970141 0.1457653914 3.1123241279 2.5134703759 0.1882428638 0.0284259358 0.2065618002 0.5969446521 0.5204543191 0.5950495897 0.0 
3.6375 0.3675902641 0.3329080188 3.72886056 1.6695243688 0.3598023347 0.1727881919 3.0080098219 2.4115305843 0.1794338916 0.0560730911 0.2105856089 0.9812790947 0.5398523381 0.5582387739 0.0 
3.6625 0.4271176847 0.3961849411 3.4799336544 1.5927290162 0.3779530592 0.186333931 2.9216078751 2.3249132027 0.2101787744 0.0276551019 0.1911274819 0.8987908114 0.5648469206 0.6821591799 0.0 
3.6875 0.4850024893 0.4429689402 2.3052774568 1.5142181884 0.363751867 0.2209455784 2.683882525 2.244160407 0.2255261575 0.02728139 0.2449262571 0.8320823957 0.5745123931 0.7202286966 0.0 
3.7125 0.4605490189 0.4663308031 2.6018028989 1.3846376347 0.4126997702 0.2545580032 2.6472596852 2.1534820213 0.2488160933 0.0538304048 0.2512085558 1.3726753225 0.6038575188 0.7715691355 0.0 
3.7375 0.4367042313 0.4984723072 2.4299049626 1.3557502532 0.455883809 0.269156686 2.5854070774 2.0401825003 0.2319253553 0.0265563384 0.3062831028 1.4207641038 0.6677771609 0.8084929687 0.0 
3.7625 0.4309201544 0.5611667416 2.4195584345 1.2758730518 0.2751483418 0.3155422536 2.3345390527 1.9229391323 0.2236126207 0.026204604 0.3412421763 1.1923094813 0.6438697658 0.7634274627 0.0 
3.7875 0.4683499207 0.6035871575 1.969655648 1.2606179255 0.2111884612 0.3540431684 2.1647535597 1.8145542448 0.1775707061 0.0258598116 0.3873225111 0.8533737818 0.6651271239 0.7849889468 0.0 
3.8125 0.5813294257 0.6554371118 1.9013725849 1.2137024107 0.2169351271 0.4020468006 2.1614111622 1.7202057594 0.1968012787 0.0510435593 0.3867967496 1.288849873 0.6913188435 0.8518602901 0.0 
3.8375 0.4506270622 0.748805963 1.645768401 1.1279671184 0.1973242726 0.4461860998 2.066167064 1.6702994311 0.1852888914 0.0251903327 0.4315943664 1.5240151264 0.7391652183 0.8094493564 0.0 
3.8625 0.4724407125 0.7829806896 1.5457928575 1.0644190555 0.1782013214 0.5023159107 1.9262319575 1.5920914334 0.2000275297 0.4227101112 0.3652436385 1.1811017812 0.7247160715 0.8205549217 0.0 
3.8875 0.4200182165 0.8524006056 1.6609811288 1.0660462352 0.2741027971 0.5471752465 1.9102646677 1.5406243937 0.2220096287 0.1963721532 0.4041993486 1.0432270637 0.8069198452 0.8814927764 0.0 
3.9125 0.592382484 0.9025754938 1.4055620756 1.0472604277 0.3675464048 0.5887444178 1.760991566 1.4700659461 0.2358759345 0.1696368022 0.4469795106 1.0662884711 0.8326384587 0.9284249112 0.0 
3.9375 0.6859095029 1.0003290012 1.6748952979 1.0504872413 0.5144321272 0.6507219319 1.6504365094 1.4427376766 0.200455723 0.1435624541 0.4492973101 1.4475880789 0.8249346745 0.9379413668 0.0 
3.9625 0.5801522609 1.0514494068 1.3427505948 0.91616805 0.413456928 0.6871056199 1.6674783535 1.3851784218 0.1963592268 0.141756661 0.5218745225 1.1104271781 0.8565135802 0.911442828 0.0 
3.9875 0.619562028 1.0569710915 1.6137128135 0.9010868658 0.3382964211 0.7605951992 1.5849381753 1.3155338257 0.1975340022 0.9332315066 0.549569665 0.8165775683 0.851383647 1.029146967 0.0 
4.0125 0.74243119 1.1447094233 1.5283842084 0.9313671273 0.3609751648 0.802394598 1.4387804441 1.2403209067 0.1899599803 1.6359087255 0.6978853186 1.30181469 0.8544159834 1.164848936 0.0 
4.0375 0.7206229815 1.2920643634 1.2326445737 0.8787386205 0.4134100262 0.8741648419 1.4341661583 1.2058368369 0.1749723169 0.7282084866 0.7792842207 1.1947170483 0.8554651672 1.1196205481 0.0 
4.0625 0.9015893849 1.2767105085 1.1126262354 0.8473108735 0.2809662211 0.8957175378 1.3816045644 1.1649789142 0.182315859 0.5844097398 0.7797124819 1.1238648843 0.8706761632 1.0474420721 0.0 
4.0875 0.7869796535 1.300448928 1.0953572607 0.8563851736 0.2405345336 0.969396658 1.3336714755 1.1245448586 0.2037759228 1.0879561981 0.7391194489 1.1656673551 0.9114600437 1.1812095865 0.0 
4.1125 0.7945004493 1.3527629327 1.0309008897 0.8183842051 0.2303076456 1.017913759 1.3179933834 1.10389528 0.1744976447 1.0089668283 0.721386911 1.2941096276 0.9353333715 1.1995494514 0.0 
4.1375 0.8788307331 1.4269963868 1.0473736135 0.74447798 0.2997655514 1.0700707213 1.2746657263 1.067673667 0.1983990477 0.8234523582 0.7791496582 1.3326926323 0.9342947172 1.1826894688 0.0 
4.1625 0.9230211096 1.3864348007 1.0812193152 0.7339762363 0.4210689082 1.1335502772 1.1604373641 1.0271438116 0.2255216525 0.7493599214 0.8074055788 1.0705141735 0.965059276 1.1794687271 0.0 
4.1875 0.9402400965 1.4882433661 1.1529694183 0.7456103965 0.3596418369 1.1910543658 1.1029016332 1.0151458908 0.1856974191 1.0366147064 0.7968534818 1.5020335541 0.9687398185 1.1517941182 0.0 
4.2125 1.1033218364 1.5129058725 1.4215430818 0.7209917853 0.4459743002 1.2251079202 1.0252763339 0.990248769 0.1853580685 0.8362018129 0.8236587857 1.6514985804 1.0013361857 1.1381635786 0.0 
4.2375 1.2051145438 1.555707232 1.1534667776 0.7470945019 0.309886597 1.2537068026 0.9751098252 0.9641528472 0.1969501483 0.7643869392 0.8672233803 1.2188872814 1.0321595651 1.106409924 0.0 
4.2625 1.2953758189 1.5571733137 1.1331702654 0.7333657146 0.4151554726 1.2878843674 1.0190592257 0.9270646044 0.2264071922 0.7350293613 0.9314909129 1.7354859921 1.0340421287 1.2205117173 0.0 
4.2875 1.4574496709 1.6091739186 1.2108043419 0.6864214245 0.3699679934 1.3187901514 1.0058644959 0.9022335959 0.2493360052 1.049363763 0.9681950275 1.271344559 1.0379632678 1.2121496801 0.0 
4.3125 1.4472496569 1.5713629506 1.0106368201 0.6838051467 0.4022600501 1.3239145339 0.9632078115 0.8746244107 0.2686166285 0.8577115118 1.164448652 1.2765938781 1.0741513057 1.2570903605 0.0 
4.3375 1.5642556789 1.5252588287 0.9332954051 0.7096842525 0.4830789597 1.3808682438 0.838651364 0.857541224 0.257203945 0.6901127995 1.1409864952 1.1534742506 1.1127880237 1.22117103 0.0 
4.3625 1.4294256584 1.5836303658 0.7147128292 0.7196219678 0.4158329188 1.3977376499 0.8225694925 0.8356701546 0.2971472732 0.8771475631 1.2834509776 1.0915614119 1.0879806284 1.1651984913 0.0 
4.3875 1.3189702035 1.6257306977 0.6712616214 0.7248626291 0.3918369273 1.4273807991 0.801659812 0.7948460842 0.2715023081 1.0598867706 1.2958454012 1.4163941389 1.134314375 1.2380333955 0.0 
4.4125 1.3210026766 1.6021391436 0.7557659544 0.6935264052 0.4985514909 1.4728991667 0.7583063441 0.7829293071 0.2273648838 1.2955987789 1.3133815073 1.390863395 1.1623694492 1.1711196806 0.0 
4.4375 1.2852280539 1.6018602422 0.7472742919 0.6380089753 0.3767769539 1.4988838446 0.7225744694 0.7822633814 0.2394626863 0.9419423848 1.2220132538 1.4129135772 1.1842518302 1.1642407876 0.0 
4.4625 1.3122644696 1.5838245618 0.7482391258 0.6548903442 0.341519933 1.5098078781 0.6946308454 0.7620057138 0.2438245339 1.3784986385 1.1508186832 1.2108433986 1.2100982642 1.1127340361 0.0 
4.4875 1.1994365423 1.6075724579 0.6570292322 0.6442024933 0.3500062265 1.54197415 0.6877315328 0.734671939 0.3336316662 1.1973897223 1.072943064 1.2066004125 1.197926444 1.2407823071 0.0 
4.5125 1.1092635035 1.6176084691 0.8835648162 0.624534245 0.3552477096 1.5266632562 0.6096900862 0.723441325 0.3072740873 1.2934660196 1.1517717764 1.2205946945 1.1902676283 1.3246387531 0.0 
4.5375 1.0870641195 1.6211869686 0.8077907407 0.6132669894 0.3963880215 1.5458687957 0.6318184827 0.6966997723 0.2938876846 1.2792522511 1.24601972 1.5495168112 1.1753727864 1.2496232475 0.0 
4.5625 1.2533910086 1.6399027383 0.7722314271 0.6045846045 0.4098766805 1.5661821381 0.5579867081 0.6809013103 0.3306734572 1.5682238212 1.3460587799 1.8800865129 1.1813952786 1.2498268636 0.0 
4.5875 1.3729492844 1.6325235286 0.7961539003 0.5831280556 0.6051944777 1.5596042314 0.5813000679 0.6783923255 0.2867329176 1.21626463 1.318501367 1.9830401576 1.1990902509 1.2640534496 0.0 
4.6125 1.2670496499 1.6441938882 0.8195137644 0.614796772 0.5143756606 1.5775650727 0.6373995945 0.6754670529 0.2677465774 1.1159336366 1.2465133711 1.7436463072 1.208204816 1.2895233134 0.0 
4.6375 1.2457593805 1.5920166032 0.6640855774 0.5835264708 0.3881019608 1.5496991153 0.6466449461 0.67573396 0.3085650158 1.5869057955 1.3251046703 1.5524078434 1.2682639705 1.401766786 0.1552407843 
4.6625 1.1072962354 1.6510848661 0.6086337184 0.5796872757 0.4123920055 1.5257092695 0.614321884 0.6744731818 0.3101946303 1.0579988003 1.3443031351 1.5187402133 1.2405762754 1.3181375734 0.1194514774 
4.6875 1.4500587872 1.610509449 0.5486962422 0.5602641972 0.3911219368 1.5093117284 0.547383123 0.6619121301 0.3155237878 0.8272651037 1.3720219883 1.7727109365 1.2257780258 1.3078667354 0.0844148065 
4.7125 1.1470291013 1.6093053389 0.5094813727 0.5451790961 0.3897671703 1.523069868 0.6039535106 0.6602367149 0.3500480397 0.9354412088 1.4640397332 1.7456001129 1.2216829191 1.3359733772 0.0668172292 
4.7375 1.2451450503 1.5779183292 0.5234016804 0.5345430963 0.4104571073 1.5408292495 0.6078805482 0.6431494552 0.3335078778 1.0908792919 1.4754417897 1.2561640331 1.2350728839 1.2888536819 0.0495854224 
4.7625 1.2539142056 1.5424961996 0.5833426956 0.5399705907 0.3707224608 1.5021771032 0.6298647299 0.638724916 0.3387385622 1.2593660065 1.4930665381 1.2511883051 1.2301201235 1.2437375106 0.0654216107 
4.7875 1.2714244516 1.5240308938 0.4747610399 0.5873369532 0.4963410872 1.5116903038 0.6028026537 0.6322474293 0.3629044616 1.0196572335 1.4681625492 1.3109878716 1.226482005 1.236896376 0.0323700709 
4.8125 1.1407888671 1.5140516622 0.4591630697 0.540198826 0.4378066479 1.5029225935 0.5559788488 0.6253951296 0.3705339191 1.201298729 1.5134584283 1.1532467798 1.2407290115 1.2276383159 0.0640692655 
4.8375 1.0215856347 1.5144126357 0.4412193129 0.5872356045 0.5733209036 1.5220295156 0.5224177573 0.6398335653 0.3931343339 1.6486278518 1.5140603648 1.2602491752 1.2511097022 1.2600730398 0.0317043818 
4.8625 0.9588092398 1.4835393874 0.5020673838 0.5558769205 0.5020673838 1.5178550733 0.5728449386 0.6313962228 0.3880562487 0.972755556 1.437167886 1.4905125455 1.2646829462 1.2590036964 0.0470688172 
4.8875 1.0698106283 1.4994603807 0.4969442919 0.5633185642 0.4451792615 1.5213857469 0.5773526391 0.6111647901 0.415500644 0.6056508557 1.4052480254 1.3976558209 1.2774842614 1.2903296579 0.0310590182 
4.9125 1.0008782653 1.5026837847 0.5405767423 0.5698971238 0.3740483619 1.4988958571 0.5950614123 0.6067819739 0.429045427 0.9530547304 1.440854786 1.4065243199 1.3123385249 1.2857698944 0.0461155515 
4.9375 1.0482533303 1.4877307211 0.5706217725 0.5991951294 0.4362086439 1.4782551122 0.5937847897 0.6055071925 0.4527778094 1.0499440615 1.4330637464 1.0423357712 1.278162713 1.2765020393 0.0456497418 
4.9625 1.0812354253 1.5025713351 0.6703324889 0.5896024755 0.4293140659 1.4366185778 0.5938426144 0.6059084132 0.4810326025 0.9942009948 1.3979068533 1.0845829034 1.2814146155 1.2194862707 0.0301273029 
4.9875 0.9577470393 1.4752839343 0.8177303874 0.5895612398 0.5393540853 1.4371876219 0.5895612398 0.6054758215 0.4586580977 0.6710857283 1.4727431982 0.8798679548 1.2738440668 1.0939525872 0.0447390486 
