# Radial distribution function (200 data points):
"Pair separation distance" g(r)
0.0125 0.0 
0.0375 0.0 
0.0625 0.0 
0.0875 0.0 
0.1125 0.0 
0.1375 0.0 
0.1625 0.0 
0.1875 0.0 
0.2125 0.0 
0.2375 0.0 
0.2625 0.0 
0.2875 0.0 
0.3125 0.0 
0.3375 0.0 
0.3625 0.0 
0.3875 0.0 
0.4125 0.0 
0.4375 0.0 
0.4625 0.0 
0.4875 0.0 
0.5125 0.0 
0.5375 0.0 
0.5625 0.0 
0.5875 0.0 
0.6125 0.0 
0.6375 0.0 
0.6625 0.0 
0.6875 0.0 
0.7125 0.0 
0.7375 0.0 
0.7625 0.0 
0.7875 0.0 
0.8125 0.0 
0.8375 0.0 
0.8625 0.0 
0.8875 0.0 
0.9125 0.0 
0.9375 0.0 
0.9625 0.0 
0.9875 0.0 
1.0125 0.0 
1.0375 0.0 
1.0625 0.0 
1.0875 0.0 
1.1125 0.0 
1.1375 0.0 
1.1625 0.0 
1.1875 0.0 
1.2125 0.0 
1.2375 0.0 
1.2625 9.3092617714e-05 
1.2875 0.0 
1.3125 8.6135157592e-05 
1.3375 8.2945338085e-05 
1.3625 0.0 
1.3875 7.7075166988e-05 
1.4125 0.0 
1.4375 0.0 
1.4625 0.0 
1.4875 2.0118207837e-04 
1.5125 6.4862181781e-05 
1.5375 0.0 
1.5625 6.077750816e-05 
1.5875 0.0 
1.6125 0.0 
1.6375 0.0 
1.6625 5.3685959006e-05 
1.6875 5.2107075728e-05 
1.7125 1.51790499e-04 
1.7375 0.0 
1.7625 0.0 
1.7875 4.6440087249e-05 
1.8125 4.5167836777e-05 
1.8375 0.0 
1.8625 4.2775305875e-05 
1.8875 8.3299411512e-05 
1.9125 1.6227182734e-04 
1.9375 7.9055621081e-05 
1.9625 7.7054321213e-05 
1.9875 7.5128064778e-05 
2.0125 1.0990971938e-04 
2.0375 1.0722912904e-04 
2.0625 1.395272282e-04 
2.0875 1.7025663769e-04 
2.1125 2.3275110065e-04 
2.1375 2.5981546419e-04 
2.1625 0.0016182489 
2.1875 0.0024497313 
2.2125 0.0060928023 
2.2375 0.0125372408 
2.2625 0.0193636434 
2.2875 0.0253231156 
2.3125 0.0382638584 
2.3375 0.0501050153 
2.3625 0.0712225033 
2.3875 0.0910326344 
2.4125 0.1144212071 
2.4375 0.1403824238 
2.4625 0.1602792489 
2.4875 0.1829249972 
2.5125 0.205488388 
2.5375 0.2130970561 
2.5625 0.2255007741 
2.5875 0.2311155327 
2.6125 0.2269308748 
2.6375 0.2317361439 
2.6625 0.2252068992 
2.6875 0.2213446864 
2.7125 0.2112533822 
2.7375 0.2152932041 
2.7625 0.2249277038 
2.7875 0.2469592172 
2.8125 0.2811751562 
2.8375 0.3136177656 
2.8625 0.3647548268 
2.8875 0.4334802394 
2.9125 0.5162280498 
2.9375 0.5924109284 
2.9625 0.6885814715 
2.9875 0.8112396468 
3.0125 0.9158665352 
3.0375 1.0233862582 
3.0625 1.1396595451 
3.0875 1.2401555755 
3.1125 1.3207771238 
3.1375 1.4153835937 
3.1625 1.505643572 
3.1875 1.5854751105 
3.2125 1.6179184364 
3.2375 1.6770212167 
3.2625 1.713329625 
3.2875 1.7156261484 
3.3125 1.7366043792 
3.3375 1.725179004 
3.3625 1.7080468638 
3.3875 1.690674644 
3.4125 1.6576348105 
3.4375 1.617663454 
3.4625 1.5878283853 
3.4875 1.5464428215 
3.5125 1.4911088232 
3.5375 1.4672973843 
3.5625 1.4223870239 
3.5875 1.3815792876 
3.6125 1.3424091336 
3.6375 1.3122673371 
3.6625 1.2847232893 
3.6875 1.2542237123 
3.7125 1.2264934752 
3.7375 1.1965542501 
3.7625 1.1471851532 
3.7875 1.1128200994 
3.8125 1.0919952821 
3.8375 1.0879906202 
3.8625 1.0595999761 
3.8875 1.070346058 
3.9125 1.0565076978 
3.9375 1.0610988108 
3.9625 1.0464287708 
3.9875 1.0333952442 
4.0125 1.0216918179 
4.0375 1.0267739661 
4.0625 1.0129708884 
4.0875 1.0224301505 
4.1125 1.0286197474 
4.1375 1.0251721822 
4.1625 1.0242593971 
4.1875 1.0360223551 
4.2125 1.0397500581 
4.2375 1.0434749403 
4.2625 1.0405565659 
4.2875 1.0389266296 
4.3125 1.0373362492 
4.3375 1.0454301907 
4.3625 1.0394939326 
4.3875 1.0413715123 
4.4125 1.0465542089 
4.4375 1.0502054747 
4.4625 1.0467797066 
4.4875 1.0421785401 
4.5125 1.0337890528 
4.5375 1.0240144005 
4.5625 1.0255542244 
4.5875 1.025519082 
4.6125 1.0312133498 
4.6375 1.037015339 
4.6625 1.0264840876 
4.6875 1.0121808022 
4.7125 1.0152076171 
4.7375 1.0115558389 
4.7625 0.9994590314 
4.7875 0.9990051282 
4.8125 0.9935092869 
4.8375 1.0083895665 
4.8625 1.0025971862 
4.8875 0.9995599605 
4.9125 1.0017773478 
4.9375 0.9911715405 
4.9625 0.9830418418 
4.9875 0.9784668526 
