# Radial distribution function (200 data points):
"Pair separation distance" Cs-Cs Cs-Gd Cs-I Cs-Sr Gd-Gd Gd-I Gd-Sr I-I I-Sr Sr-Sr
0.0125 0.0 0.0 0.0 0.0 0.0 0.0 0.0 0.0 0.0 0.0 
0.0375 0.0 0.0 0.0 0.0 0.0 0.0 0.0 0.0 0.0 0.0 
0.0625 0.0 0.0 0.0 0.0 0.0 0.0 0.0 0.0 0.0 0.0 
0.0875 0.0 0.0 0.0 0.0 0.0 0.0 0.0 0.0 0.0 0.0 
0.1125 0.0 0.0 0.0 0.0 0.0 0.0 0.0 0.0 0.0 0.0 
0.1375 0.0 0.0 0.0 0.0 0.0 0.0 0.0 0.0 0.0 0.0 
0.1625 0.0 0.0 0.0 0.0 0.0 0.0 0.0 0.0 0.0 0.0 
0.1875 0.0 0.0 0.0 0.0 0.0 0.0 0.0 0.0 0.0 0.0 
0.2125 0.0 0.0 0.0 0.0 0.0 0.0 0.0 0.0 0.0 0.0 
0.2375 0.0 0.0 0.0 0.0 0.0 0.0 0.0 0.0 0.0 0.0 
0.2625 0.0 0.0 0.0 0.0 0.0 0.0 0.0 0.0 0.0 0.0 
0.2875 0.0 0.0 0.0 0.0 0.0 0.0 0.0 0.0 0.0 0.0 
0.3125 0.0 0.0 0.0 0.0 0.0 0.0 0.0 0.0 0.0 0.0 
0.3375 0.0 0.0 0.0 0.0 0.0 0.0 0.0 0.0 0.0 0.0 
0.3625 0.0 0.0 0.0 0.0 0.0 0.0 0.0 0.0 0.0 0.0 
0.3875 0.0 0.0 0.0 0.0 0.0 0.0 0.0 0.0 0.0 0.0 
0.4125 0.0 0.0 0.0 0.0 0.0 0.0 0.0 0.0 0.0 0.0 
0.4375 0.0 0.0 0.0 0.0 0.0 0.0 0.0 0.0 0.0 0.0 
0.4625 0.0 0.0 0.0 0.0 0.0 0.0 0.0 0.0 0.0 0.0 
0.4875 0.0 0.0 0.0 0.0 0.0 0.0 0.0 0.0 0.0 0.0 
0.5125 0.0 0.0 0.0 0.0 0.0 0.0 0.0 0.0 0.0 0.0 
0.5375 0.0 0.0 0.0 0.0 0.0 0.0 0.0 0.0 0.0 0.0 
0.5625 0.0 0.0 0.0 0.0 0.0 0.0 0.0 0.0 0.0 0.0 
0.5875 0.0 0.0 0.0 0.0 0.0 0.0 0.0 0.0 0.0 0.0 
0.6125 0.0 0.0 0.0 0.0 0.0 0.0 0.0 0.0 0.0 0.0 
0.6375 0.0 0.0 0.0 0.0 0.0 0.0 0.0 0.0 0.0 0.0 
0.6625 0.0 0.0 0.0 0.0 0.0 0.0 0.0 0.0 0.0 0.0 
0.6875 0.0 0.0 0.0 0.0 0.0 0.0 0.0 0.0 0.0 0.0 
0.7125 0.0 0.0 0.0 0.0 0.0 0.0 0.0 0.0 0.0 0.0 
0.7375 0.0 0.0 0.0 0.0 0.0 0.0 0.0 0.0 0.0 0.0 
0.7625 0.0 0.0 0.0 0.0 0.0 0.0 0.0 0.0 0.0 0.0 
0.7875 0.0 0.0 0.0 0.0 0.0 0.0 0.0 0.0 0.0 0.0 
0.8125 0.0 0.0 0.0 0.0 0.0 0.0 0.0 0.0 0.0 0.0 
0.8375 0.0 0.0 0.0 0.0 0.0 0.0 0.0 0.0 0.0 0.0 
0.8625 0.0 0.0 0.0 0.0 0.0 0.0 0.0 0.0 0.0 0.0 
0.8875 0.0 0.0 0.0 0.0 0.0 0.0 0.0 0.0 0.0 0.0 
0.9125 0.0 0.0 0.0 0.0 0.0 0.0 0.0 0.0 0.0 0.0 
0.9375 0.0 0.0 0.0 0.0 0.0 0.0 0.0 0.0 0.0 0.0 
0.9625 0.0 0.0 0.0 0.0 0.0 0.0 0.0 0.0 0.0 0.0 
0.9875 0.0 0.0 0.0 0.0 0.0 0.0 0.0 0.0 0.0 0.0 
1.0125 0.0 0.0 0.0 0.0 0.0 0.0 0.0 0.0 0.0 0.0 
1.0375 0.0 0.0 0.0 0.0 0.0 0.0 0.0 0.0 0.0 0.0 
1.0625 0.0 0.0 0.0 0.0 0.0 0.0 0.0 0.0 0.0 0.0 
1.0875 0.0 0.0 0.0 0.0 0.0 0.0 0.0 0.0 0.0 0.0 
1.1125 0.0 0.0 0.0 0.0 0.0 0.0 0.0 0.0 0.0 0.0 
1.1375 0.0 0.0 0.0 0.0 0.0 0.0 0.0 0.0 0.0 0.0 
1.1625 0.0 0.0 0.0 0.0 0.0 0.0 0.0 0.0 0.0 0.0 
1.1875 0.0 0.0 0.0 0.0 0.0 0.0 0.0 0.0 0.0 0.0 
1.2125 0.0 0.0 0.0 0.0 0.0 0.0 0.0 0.0 0.0 0.0 
1.2375 0.0 0.0 0.0 0.0 0.0 0.0 0.0 0.0 0.0 0.0 
1.2625 0.0 0.0 0.0 0.0 0.0 0.0 0.0 0.0 0.0 0.0 
1.2875 0.0 0.0 0.0 0.0 0.0 0.0 0.0 0.0 0.0 0.0 
1.3125 0.0 0.0 0.0 0.0 0.0 0.0 0.0 0.0 0.0 0.0 
1.3375 0.0 0.0 0.0 0.0 0.0 0.0 0.0 0.0 0.0 0.0 
1.3625 0.0 0.0 0.0 0.0 0.0 0.0 0.0 0.0 0.0 0.0 
1.3875 0.0 0.0 0.0 0.0 0.0 0.0 0.0 0.0 0.0 0.0 
1.4125 0.0 0.0 0.0 0.0 0.0 0.0 0.0 0.0 0.0 0.0 
1.4375 0.0 0.0 0.0 0.0 0.0 0.0 0.0 0.0 0.0 0.0 
1.4625 0.0 0.0 0.0 0.0 0.0 0.0 0.0 0.0 0.0 0.0 
1.4875 0.0 0.0 0.0 0.0 0.0 0.0 0.0 0.0 0.0 0.0 
1.5125 0.0 0.0 0.0 0.0 0.0 0.0 0.0 0.0 0.0 0.0 
1.5375 0.0 0.0 0.0 0.0 0.0 0.0 0.0 0.0 0.0 0.0 
1.5625 0.0 0.0 0.0 0.0 0.0 0.0 0.0 0.0 0.0 0.0 
1.5875 0.0 0.0 0.0 0.0 0.0 0.0 0.0 0.0 0.0 0.0 
1.6125 0.0 0.0 0.0 0.0 0.0 0.0 0.0 0.0 0.0 0.0 
1.6375 0.0 0.0 0.0 0.0 0.0 0.0 0.0 0.0 0.0 0.0 
1.6625 0.0 0.0 0.0 0.0 0.0 0.0 0.0 0.0 0.0 0.0 
1.6875 0.0 0.0 0.0 0.0 0.0 0.0 0.0 0.0 0.0 0.0 
1.7125 0.0 0.0 0.0 0.0 0.0 0.0 0.0 0.0 0.0 0.0 
1.7375 0.0 0.0 0.0 0.0 0.0 0.0 0.0 0.0 0.0 0.0 
1.7625 0.0 0.0 0.0 0.0 0.0 0.0 0.0 0.0 0.0 0.0 
1.7875 0.0 0.0 0.0 0.0 0.0 0.0 0.0 0.0 0.0 0.0 
1.8125 0.0 0.0 0.0 0.0 0.0 0.0 0.0 0.0 0.0 0.0 
1.8375 0.0 0.0 0.0 0.0 0.0 0.0 0.0 0.0 0.0 0.0 
1.8625 0.0 0.0 0.0 0.0 0.0 0.0 0.0 0.0 0.0 0.0 
1.8875 0.0 0.0 0.0 0.0 0.0 0.0 0.0 0.0 0.0 0.0 
1.9125 0.0 0.0 0.0 0.0 0.0 0.0 0.0 0.0 0.0 0.0 
1.9375 0.0 0.0 0.0 0.0 0.0 0.0 0.0 0.0 0.0 0.0 
1.9625 0.0 0.0 0.0 0.0 0.0 0.0 0.0 0.0 0.0 0.0 
1.9875 0.0 0.0 0.0 0.0 0.0 0.0 0.0 0.0 0.0 0.0 
2.0125 0.0 0.0 0.0 0.0 0.0 0.0 0.0 0.0 0.0 0.0 
2.0375 0.0 0.0 0.0 0.0 0.0 0.0 0.0 0.0 0.0 0.0 
2.0625 0.0 0.0 0.0 0.0 0.0 0.0 0.0 0.0 0.0 0.0 
2.0875 0.0 0.0 0.0 0.0 0.0 0.0 0.0 0.0 0.0 0.0 
2.1125 0.0 0.0 0.0 0.0 0.0 0.0 0.0 0.0 0.0 0.0 
2.1375 0.0 0.0 0.0 0.0 0.0 0.0 0.0 0.0 0.0 0.0 
2.1625 0.0 0.0 0.0 0.0 0.0 0.0 0.0 0.0 0.0 0.0 
2.1875 0.0 0.0 0.0 0.0 0.0 0.0 0.0 0.0 0.0 0.0 
2.2125 0.0 0.0 0.0 0.0 0.0 0.0 0.0 0.0 0.0 0.0 
2.2375 0.0 0.0 0.0 0.0 0.0 0.0 0.0 0.0 0.0 0.0 
2.2625 0.0 0.0 0.0 0.0 0.0 0.0 0.0 0.0 0.0 0.0 
2.2875 0.0 0.0 0.0 0.0 0.0 0.0 0.0 0.0 0.0 0.0 
2.3125 0.0 0.0 0.0 0.0 0.0 0.0 0.0 0.0 0.0 0.0 
2.3375 0.0 0.0 0.0 0.0 0.0 0.0 0.0 0.0 0.0 0.0 
2.3625 0.0 0.0 0.0 0.0 0.0 0.0 0.0 0.0 0.0 0.0 
2.3875 0.0 0.0 0.0 0.0 0.0 0.0 0.0 0.0 0.0 0.0 
2.4125 0.0 0.0 0.0 0.0 0.0 0.0 0.0 0.0 0.0 0.0 
2.4375 0.0 0.0 0.0 0.0 0.0 0.0 0.0 0.0 0.0 0.0 
2.4625 0.0 0.0 0.0 0.0 0.0 0.0 0.0 0.0 0.0 0.0 
2.4875 0.0 0.0 0.0 0.0 0.0 4.9998775957e-04 0.0 0.0 0.0 0.0 
2.5125 0.0 0.0 0.0 0.0 0.0 0.0012742271 0.0 0.0 0.0 0.0 
2.5375 0.0 0.0 0.0 0.0 0.0 0.004036016 0.0 0.0 0.0 0.0 
2.5625 0.0 0.0 0.0 0.0 0.0 0.0157363672 0.0 0.0 0.0 0.0 
2.5875 0.0 0.0 0.0 0.0 0.0 0.0561899553 0.0 0.0 0.0 0.0 
2.6125 0.0 0.0 0.0 0.0 0.0 0.1453238224 0.0 0.0 0.0 0.0 
2.6375 0.0 0.0 0.0 0.0 0.0 0.3262573777 0.0 0.0 0.0 0.0 
2.6625 0.0 0.0 0.0 0.0 0.0 0.6345578039 0.0 0.0 0.0069827544 0.0 
2.6875 0.0 0.0 0.0 0.0 0.0 1.1237941095 0.0 0.0 0.0111368527 0.0 
2.7125 0.0 0.0 0.0 0.0 0.0 1.9313544958 0.0 0.0 0.0126144376 0.0 
2.7375 0.0 0.0 0.0 0.0 0.0 2.9971093542 0.0 0.0 0.0590355985 0.0 
2.7625 0.0 0.0 0.0 0.0 0.0 4.2285450363 0.0 0.0 0.0758094378 0.0 
2.7875 0.0 0.0 0.0 0.0 0.0 5.7967969685 0.0 0.0 0.1465225142 0.0 
2.8125 0.0 0.0 0.0 0.0 0.0 7.4823661505 0.0 0.0 0.2702584815 0.0 
2.8375 0.0 0.0 0.0 0.0 0.0 9.2079530038 0.0 0.0 0.3865561949 0.0 
2.8625 0.0 0.0 0.0 0.0 0.0 10.8835555451 0.0 0.0 0.5708831789 0.0 
2.8875 0.0 0.0 0.0 0.0 0.0 12.2665295894 0.0 0.0 0.8719877227 0.0 
2.9125 0.0 0.0 0.0 0.0 0.0 13.3553119453 0.0 0.0 1.3370484126 0.0 
2.9375 0.0 0.0 0.0 0.0 0.0 14.350339489 0.0 0.0 1.9224614701 0.0 
2.9625 0.0 0.0 0.0 0.0 0.0 14.7385321743 0.0 0.0 2.5144449706 0.0 
2.9875 0.0 0.0 0.0 0.0 0.0 14.9105200462 0.0 0.0 3.3204046831 0.0 
3.0125 0.0 0.0 0.0 0.0 0.0 14.6281395036 0.0 0.0 4.2193737243 0.0 
3.0375 0.0 0.0 0.0 0.0 0.0 14.199154107 0.0 0.0 5.0200147391 0.0 
3.0625 0.0 0.0 0.0046180926 0.0 0.0 13.5941472084 0.0 0.0 5.9372177505 0.0 
3.0875 0.0 0.0 0.0051926958 0.0 0.0 12.7368390612 0.0 2.8848310174e-04 6.6456770336 0.0 
3.1125 0.0 0.0 0.0182030016 0.0 0.0 11.9964806276 0.0 1.7741716961e-04 7.604064406 0.0 
3.1375 0.0 0.0 0.0395995258 0.0 0.0 11.1104326607 0.0 3.1428195059e-04 8.2851007813 0.0 
3.1625 0.0 0.0 0.0665065373 0.0 0.0 10.109055536 0.0 4.4681394568e-04 8.9588945733 0.0 
3.1875 0.0 0.0 0.0925678501 0.0 0.0 9.1203692277 0.0 0.0011164982 9.2089785841 0.0 
3.2125 0.0 0.0 0.1190121358 0.0 0.0 8.2362393525 0.0 0.0018319808 9.4837983051 0.0 
3.2375 0.0 0.0 0.1596852342 0.0 0.0 7.2694858078 0.0 0.0055753727 9.6070887297 0.0 
3.2625 0.0 0.0 0.2299124685 0.0 0.0 6.3891250768 0.0 0.0077186515 9.5592430658 0.0 
3.2875 0.0 0.0 0.3091571865 0.0 0.0 5.5880161456 0.0 0.0114184599 9.3273868187 0.0 
3.3125 0.0 0.0 0.4085486285 0.0 0.0 4.957733377 0.0 0.0163845512 9.0808320749 0.0 
3.3375 0.0 0.0 0.5446559106 0.0 0.0 4.297532333 0.0 0.0279595589 8.6197838786 0.0 
3.3625 0.0 0.0 0.6996701534 0.0 0.0 3.6926823051 0.0088655897 0.0373351996 8.3147739349 0.0 
3.3875 0.0 0.0 0.8754088169 0.0 0.0023293909 3.216824096 0.0097057953 0.0517642417 7.9072575272 0.0 
3.4125 0.0 0.0 0.9983865461 0.0 0.0030605144 2.8192863298 0.0066948752 0.0666830822 7.464254497 0.0 
3.4375 0.0 0.0 1.1653582984 0.0 0.0067863597 2.4733034602 0.0131956994 0.0859058652 6.9654442081 0.0 
3.4625 0.0 0.0 1.334646562 0.0 0.0234105058 2.1861675839 0.0287986381 0.1204817576 6.3357003849 0.0 
3.4875 0.0 0.0 1.5473078571 0.0 0.0241749365 1.8776783067 0.0302186706 0.1516868736 5.7908944067 0.0 
3.5125 0.0 0.0 1.7319851478 0.0 0.0324982301 1.6470785066 0.0270818584 0.2048413816 5.3682261539 0.0 
3.5375 0.0 0.0 1.8982028009 0.0 0.077965256 1.4435538102 0.0605209749 0.2623894121 4.9482324902 0.0 
3.5625 0.0 0.0 2.0396114784 0.0 0.1277737245 1.2710092325 0.0596745416 0.3095860616 4.6069818729 0.0 
3.5875 0.0 0.0 2.2389266372 0.0 0.1675372889 1.0947519531 0.088268613 0.3720326525 4.4066999263 0.0 
3.6125 0.0 0.0 2.2689716948 0.0 0.2102882303 0.9449979072 0.1083871966 0.4624657361 3.9623438415 0.0 
3.6375 0.0 0.0 2.4137229542 0.0 0.3259262521 0.850169201 0.1372055245 0.5512694131 3.5075325037 0.0 
3.6625 0.0 0.0 2.6046032724 0.0 0.4214600049 0.7522974368 0.188477977 0.667673521 3.2939824613 0.0 
3.6875 0.0 0.0 2.7254865939 0.0 0.5740108204 0.6645463932 0.1842928576 0.7811337458 2.9407224498 0.0 
3.7125 0.0 0.0 2.7369396088 0.0 0.66683189 0.5983421817 0.1899000171 0.8987204121 2.7189821604 0.0 
3.7375 0.0 0.0103650413 2.8501648885 0.0 0.8470630693 0.5555927919 0.3037754418 1.0366271741 2.4216102953 0.0 
3.7625 0.0 0.0291097728 2.8001765728 0.0 0.9664444585 0.4820595867 0.4287790865 1.1633467696 2.2238817455 0.0 
3.7875 0.0 0.0139751781 2.8064659452 0.0 1.249691486 0.4443157719 0.5116468 1.3172899403 2.0471047992 0.0 
3.8125 0.0 0.0245199977 2.7580740455 0.0 1.3902838689 0.4022812121 0.6796636859 1.4573174938 1.8170765648 0.0 
3.8375 0.0 0.026470457 2.8054482736 0.0 1.5803619114 0.3614267792 0.7086519482 1.5941797701 1.655243893 0.0 
3.8625 0.0 0.0470320334 2.7839728785 0.0 1.7878145026 0.3228371678 0.9070463591 1.6984250678 1.5432645186 0.0 
3.8875 0.0 0.0412702817 2.7402975763 0.0 1.9892275799 0.2931500171 0.9521643573 1.8810004513 1.4086349636 0.0 
3.9125 0.0 0.0538410162 2.7429815025 0.0 2.1935121045 0.2630610613 1.1801368693 2.0368683417 1.3019663159 0.0 
3.9375 0.0 0.0689636673 2.7465738327 0.0 2.4844161142 0.2548622566 1.267925758 2.17486982 1.2002791052 0.0 
3.9625 0.0 0.0794455798 2.5782376293 0.0673868758 2.7814464969 0.2425533452 1.5257807342 2.2944158434 1.200944467 0.0 
3.9875 0.0 0.0784525231 2.5450372077 0.0245164135 2.8982603534 0.2318552245 1.584460779 2.436961766 1.1180262841 0.0 
4.0125 0.0 0.0664096887 2.4361748667 0.0622590832 2.9062540038 0.2239789734 1.6311879799 2.5667353241 1.1197027093 0.0 
4.0375 0.0 0.0696891907 2.4231797022 0.051242052 3.2292057926 0.226641698 1.7538446322 2.6178151506 1.0470459286 0.0 
4.0625 0.0 0.0809813169 2.4290645941 0.0371164369 3.0632532814 0.2014410258 2.0555757612 2.7394513186 1.0227640396 0.0 
4.0875 0.0 0.0966591172 2.3709259332 0.0333307301 3.1650861287 0.1962439319 2.1744968306 2.863027416 0.9360380032 0.0 
4.1125 0.0 0.1152435417 2.2917001442 0.026341381 3.3063701391 0.183401865 2.2093833287 2.9598281344 0.8866435663 0.0 
4.1375 0.0 0.1027948742 2.2306559999 0.0260240188 3.1952290276 0.1807946417 2.3610291052 3.0267379637 0.8264433191 0.0 
4.1625 0.0 0.1317758329 2.2621517988 0.0257123576 3.1646769791 0.1808435821 2.5140257689 3.0559811615 0.8358301815 0.0 
4.1875 0.0 0.1200445869 2.1196585355 0.0222304791 3.2695318294 0.1775262542 2.7591200301 3.0910951841 0.7807132528 0.0 
4.2125 0.0 0.1405913572 2.0968405913 0.0753167985 3.2049808318 0.1711713721 2.8814951823 3.1012195441 0.7299801743 0.0 
4.2375 0.0 0.1941401509 2.0106634375 0.0651268877 3.2992661048 0.1576484186 2.9728873591 3.1099716088 0.6908963483 0.0 
4.2625 0.0 0.1906435285 1.921930606 0.0858202379 3.1307222794 0.168609523 3.1569587521 3.1098105967 0.6218561684 0.0 
4.2875 0.0 0.1793386606 1.8613791165 0.0727048624 3.1963481014 0.1712266829 3.361994013 3.0694242611 0.6045274671 0.0 
4.3125 0.0 0.2467342793 1.7964424771 0.0538982649 3.1356812776 0.1645560606 3.5147657407 3.0760641776 0.5652663707 0.0 
4.3375 0.0 0.2616578683 1.7682296745 0.0562386821 3.1159781803 0.1759843204 3.7099770606 3.0414748991 0.5707732912 0.0 
4.3625 0.0 0.289098999 1.7330659179 0.0438915484 2.962620997 0.1680233498 3.7360486024 2.9978650073 0.5626246264 0.0 
4.3875 0.0867855725 0.3448280079 1.6974615118 0.0665356056 2.8396239311 0.1613568792 3.7711224089 2.9417630499 0.5419276858 0.1330712111 
4.4125 0.0915252854 0.410719718 1.6123386641 0.1086862764 2.9022667986 0.1575633211 3.6810325704 2.8985478777 0.5289716579 0.1258472674 
4.4375 0.0509045188 0.4954706493 1.5628001485 0.1018090375 2.8818744888 0.1603806566 3.7363916771 2.8680227339 0.4876778588 0.079184807 
4.4625 0.0503357591 0.5464226298 1.5350852965 0.0727072076 2.7210392818 0.1587129986 3.9977778481 2.8264150186 0.4674700594 0.1118572425 
4.4875 0.038715039 0.5890216648 1.5091183654 0.0746647181 2.876638012 0.1643852846 4.060654519 2.7726659411 0.5063681291 0.3263124716 
4.5125 0.0382872529 0.7285517264 1.4742111698 0.2051102833 2.7859993045 0.1661241361 4.00320577 2.7480726406 0.4849718699 0.1750274418 
4.5375 0.0270475129 0.796819731 1.3810760631 0.2299038599 2.6402700223 0.163667506 4.1891188028 2.6664005912 0.489710248 0.1244185595 
4.5625 0.0321022976 0.6987600108 1.3459185507 0.1685370623 2.5221705137 0.1684776136 4.2251974007 2.5575821222 0.4605787973 0.1070076586 
4.5875 0.0264611359 0.7610222671 1.3048280102 0.1825818374 2.503858519 0.1749375093 4.217905055 2.5048895232 0.4485162527 0.1799357238 
4.6125 0.0209400579 0.7732116364 1.2504413716 0.3062483462 2.4060126477 0.1927648659 4.2628722782 2.4522003402 0.4276715983 0.1413453905 
4.6375 0.0258936227 1.0051904315 1.2387221372 0.2304532416 2.3579768536 0.2036964982 4.1538549466 2.3693463917 0.4496859135 0.1087532152 
4.6625 0.1998101677 1.1373809548 1.2633296716 0.1946868301 2.311854874 0.2016033359 4.2498085674 2.2977062395 0.4798859584 0.1075900903 
4.6875 0.1115143603 1.2104376927 1.2577749754 0.3345430809 2.2114311414 0.2042177123 4.4504367427 2.2288322627 0.4830880937 0.1013766912 
4.7125 0.0902735388 1.2372490015 1.2071299597 0.2858662063 2.0590391166 0.2050658166 4.3005310855 2.1478043815 0.4622339534 0.1053191286 
4.7375 0.0793984888 1.2331577787 1.20352119 0.2233082497 1.9303757582 0.2076215343 4.2413680219 2.0991128629 0.4597117362 0.2282706552 
4.7625 0.0687462113 1.2556004448 1.180279695 0.2086938557 1.8973954316 0.21592312 4.1218264112 2.0474731394 0.4673105553 0.1718655282 
4.7875 0.0680301114 1.2527259091 1.0734989607 0.2356757432 1.7617855143 0.2147807804 4.0511931357 1.9632896245 0.4527241939 0.2429646837 
4.8125 0.2164022438 1.3037032956 1.1271618108 0.3702882839 1.6723565403 0.2146656826 4.0274862046 1.9072043296 0.4702073446 0.1731217951 
4.8375 0.1285027876 1.3868782339 1.2068950086 0.3878880442 1.5047200496 0.2251178465 3.7584685702 1.8794340608 0.461393754 0.2094119502 
4.8625 0.1130531751 1.5252757535 1.1276530818 0.3862650148 1.4783586858 0.23903419 3.6162884371 1.7856615244 0.4361183246 0.2261063501 
4.8875 0.0932496511 1.4756757283 1.1073396065 0.5268605286 1.3241450453 0.2401178515 3.6409326262 1.7256222081 0.437625793 0.3356987439 
4.9125 0.1015332585 1.6060715437 1.0769960919 0.4407466449 1.2713810025 0.252525521 3.4793601632 1.6826345718 0.4679247393 0.3969027378 
4.9375 0.0822335554 1.5697472017 1.053046362 0.5002541286 1.253970349 0.2565230075 3.4058397522 1.6305848043 0.4614216163 0.3700509992 
4.9625 0.1402011072 1.6213579651 0.9904529829 0.4025128561 1.1375284669 0.2734926616 3.2911079254 1.5711206309 0.4574123935 0.3437188434 
4.9875 0.1701408419 1.6566345129 0.987015878 0.5484803455 1.0962443085 0.2923736046 3.0961155829 1.5298856661 0.446246594 0.591015556 
