# Radial distribution function (200 data points):
# "Pair separation distance" g(r)
0.0125 0.0 
0.0375 0.0 
0.0625 0.0 
0.0875 0.0 
0.1125 0.0 
0.1375 0.0 
0.1625 0.0 
0.1875 0.0 
0.2125 0.0 
0.2375 0.0 
0.2625 0.0 
0.2875 0.0 
0.3125 0.0 
0.3375 0.0 
0.3625 0.0 
0.3875 0.0 
0.4125 0.0 
0.4375 0.0 
0.4625 0.0 
0.4875 0.0 
0.5125 0.0 
0.5375 0.0 
0.5625 0.0 
0.5875 0.0 
0.6125 0.0 
0.6375 0.0 
0.6625 0.0 
0.6875 0.0 
0.7125 0.0 
0.7375 0.0 
0.7625 0.0 
0.7875 0.0 
0.8125 0.0 
0.8375 0.0 
0.8625 0.0 
0.8875 0.0 
0.9125 0.0 
0.9375 0.0 
0.9625 0.0 
0.9875 0.0 
1.0125 0.0 
1.0375 0.0 
1.0625 0.0 
1.0875 0.0 
1.1125 0.0 
1.1375 0.0 
1.1625 0.0 
1.1875 0.0 
1.2125 0.0 
1.2375 0.0 
1.2625 0.0 
1.2875 0.0 
1.3125 0.0 
1.3375 0.0 
1.3625 0.0 
1.3875 0.0 
1.4125 0.0 
1.4375 0.0 
1.4625 0.0 
1.4875 0.0 
1.5125 0.0 
1.5375 0.0 
1.5625 0.0 
1.5875 0.0 
1.6125 0.0 
1.6375 0.0 
1.6625 0.0 
1.6875 0.0 
1.7125 0.0 
1.7375 0.0 
1.7625 0.0 
1.7875 0.0 
1.8125 0.0 
1.8375 0.0 
1.8625 0.0 
1.8875 0.0 
1.9125 0.0 
1.9375 0.0 
1.9625 0.0 
1.9875 0.0 
2.0125 0.0 
2.0375 0.0 
2.0625 0.0 
2.0875 0.0 
2.1125 0.0 
2.1375 0.0 
2.1625 0.0 
2.1875 0.0 
2.2125 0.0 
2.2375 0.0 
2.2625 0.0 
2.2875 0.0 
2.3125 0.0 
2.3375 0.0 
2.3625 0.0 
2.3875 0.0 
2.4125 0.0 
2.4375 0.0 
2.4625 0.0 
2.4875 1.4399647476e-04 
2.5125 3.6697739915e-04 
2.5375 0.0011623726 
2.5625 0.0045320737 
2.5875 0.0161827071 
2.6125 0.0418532608 
2.6375 0.0939621248 
2.6625 0.1831548542 
2.6875 0.3242941863 
2.7125 0.5569566864 
2.7375 0.8665679445 
2.7625 1.2221875941 
2.7875 1.6779172237 
2.8125 2.1704883399 
2.8375 2.6741561019 
2.8625 3.1673468681 
2.8875 3.5829870146 
2.9125 3.9233438288 
2.9375 4.2436315535 
2.9625 4.3895292965 
2.9875 4.4854850831 
3.0125 4.4559401036 
3.0375 4.3785092318 
3.0625 4.2573641406 
3.0875 4.0514492957 
3.1125 3.8941209965 
3.1375 3.6794702677 
3.1625 3.4315027267 
3.1875 3.1630142048 
3.2125 2.9261085138 
3.2375 2.6590683662 
3.2625 2.4079247298 
3.2875 2.1703329142 
3.3125 1.9829092924 
3.3375 1.7800552791 
3.3625 1.6022209003 
3.3875 1.4594099723 
3.4125 1.3342006355 
3.4375 1.225661807 
3.4625 1.1352831899 
3.4875 1.0435367742 
3.5125 0.9912537921 
3.5375 0.9502077872 
3.5625 0.915449592 
3.5875 0.899052169 
3.6125 0.8809711341 
3.6375 0.8869234465 
3.6625 0.9224162012 
3.6875 0.9486118545 
3.7125 0.9821919797 
3.7375 1.0399612722 
3.7625 1.0772818855 
3.7875 1.1488093333 
3.8125 1.2017373467 
3.8375 1.262426009 
3.8625 1.3094673679 
3.8875 1.3939804106 
3.9125 1.4721472587 
3.9375 1.5489584492 
3.9625 1.6141185443 
3.9875 1.6837032207 
4.0125 1.7435310367 
4.0375 1.7807419269 
4.0625 1.8338057254 
4.0875 1.8942413863 
4.1125 1.9398003676 
4.1375 1.9645323596 
4.1625 1.9837495322 
4.1875 1.9975317643 
4.2125 1.9965880746 
4.2375 1.9960733606 
4.2625 1.9862726266 
4.2875 1.9672869432 
4.3125 1.9638419707 
4.3375 1.9504758926 
4.3625 1.9177633743 
4.3875 1.8804744128 
4.4125 1.8535792316 
4.4375 1.8345988562 
4.4625 1.8083110285 
4.4875 1.7910683185 
4.5125 1.7734392997 
4.5375 1.7235194552 
4.5625 1.6588584058 
4.5875 1.6306410358 
4.6125 1.6014537448 
4.6375 1.5620027502 
4.6625 1.5293859611 
4.6875 1.4949574591 
4.7125 1.4408298741 
4.7375 1.4097916267 
4.7625 1.3814845785 
4.7875 1.3241225392 
4.8125 1.296528359 
4.8375 1.2795222458 
4.8625 1.2277800917 
4.8875 1.1899103075 
4.9125 1.1684225862 
4.9375 1.138499818 
4.9625 1.1027947733 
4.9875 1.082719007 
