# Radial distribution function (200 data points):
# "Pair separation distance" g(r)
0.0125 0.0 
0.0375 0.0 
0.0625 0.0 
0.0875 0.0 
0.1125 0.0 
0.1375 0.0 
0.1625 0.0 
0.1875 0.0 
0.2125 0.0 
0.2375 0.0 
0.2625 0.0 
0.2875 0.0 
0.3125 0.0 
0.3375 0.0 
0.3625 0.0 
0.3875 0.0 
0.4125 0.0 
0.4375 0.0 
0.4625 0.0 
0.4875 0.0 
0.5125 0.0 
0.5375 0.0 
0.5625 0.0 
0.5875 0.0 
0.6125 0.0 
0.6375 0.0 
0.6625 0.0 
0.6875 0.0 
0.7125 0.0 
0.7375 0.0 
0.7625 0.0 
0.7875 0.0 
0.8125 0.0 
0.8375 0.0 
0.8625 0.0 
0.8875 0.0 
0.9125 0.0 
0.9375 0.0 
0.9625 0.0 
0.9875 0.0 
1.0125 0.0 
1.0375 0.0 
1.0625 0.0 
1.0875 0.0 
1.1125 0.0 
1.1375 0.0 
1.1625 0.0 
1.1875 0.0 
1.2125 0.0 
1.2375 0.0 
1.2625 0.0 
1.2875 0.0 
1.3125 0.0 
1.3375 2.438465873e-04 
1.3625 1.566536225e-04 
1.3875 8.3082700633e-04 
1.4125 9.4743790284e-04 
1.4375 7.7403693573e-04 
1.4625 0.0011556924 
1.4875 0.0010514569 
1.5125 0.0016526023 
1.5375 0.0012302286 
1.5625 0.0010125005 
1.5875 0.0013847471 
1.6125 0.0013421429 
1.6375 0.0016810719 
1.6625 0.0020517704 
1.6875 0.0019914287 
1.7125 0.0026278626 
1.7375 0.0041422565 
1.7625 0.0018723633 
1.7875 0.0015017942 
1.8125 0.0021245843 
1.8375 0.0024978264 
1.8625 0.0028923155 
1.8875 0.0070609232 
1.9125 0.0124034121 
1.9375 0.0213043797 
1.9625 0.0537626216 
1.9875 0.1413904117 
2.0125 0.286784943 
2.0375 0.4861308082 
2.0625 0.7237437369 
2.0875 0.9241089609 
2.1125 1.0904053614 
2.1375 1.1329325482 
2.1625 1.1072935059 
2.1875 1.0384924071 
2.2125 0.953073769 
2.2375 0.8869923181 
2.2625 0.821082946 
2.2875 0.7595778898 
2.3125 0.7269560053 
2.3375 0.6830671258 
2.3625 0.6586310704 
2.3875 0.6481753296 
2.4125 0.6491770078 
2.4375 0.6828698391 
2.4625 0.796477847 
2.4875 0.9697699358 
2.5125 1.1998472173 
2.5375 1.501763979 
2.5625 1.8115027593 
2.5875 2.0792071621 
2.6125 2.2728079894 
2.6375 2.4213761714 
2.6625 2.5086682714 
2.6875 2.485224126 
2.7125 2.4606923429 
2.7375 2.3769717081 
2.7625 2.2548223993 
2.7875 2.1495656152 
2.8125 2.048413627 
2.8375 1.9272697371 
2.8625 1.8314286983 
2.8875 1.7478990745 
2.9125 1.7029191027 
2.9375 1.644937458 
2.9625 1.6068044111 
2.9875 1.5752024986 
3.0125 1.5662309984 
3.0375 1.5399725342 
3.0625 1.5318941566 
3.0875 1.508010434 
3.1125 1.5142475898 
3.1375 1.512827656 
3.1625 1.5236212772 
3.1875 1.4923158208 
3.2125 1.5090821388 
3.2375 1.5092698945 
3.2625 1.515203705 
3.2875 1.5243350898 
3.3125 1.5286195733 
3.3375 1.5232974432 
3.3625 1.5277510975 
3.3875 1.5323259972 
3.4125 1.5427592896 
3.4375 1.5469935937 
3.4625 1.5478887654 
3.4875 1.5434944013 
3.5125 1.5544130582 
3.5375 1.5378189378 
3.5625 1.5291664788 
3.5875 1.5212603003 
3.6125 1.5010577017 
3.6375 1.4835837118 
3.6625 1.4706730106 
3.6875 1.4396885517 
3.7125 1.4201742615 
3.7375 1.3909646689 
3.7625 1.3558295606 
3.7875 1.3207578766 
3.8125 1.305784235 
3.8375 1.2876314724 
3.8625 1.2722451877 
3.8875 1.2488144936 
3.9125 1.2229796168 
3.9375 1.1968164747 
3.9625 1.1876245622 
3.9875 1.1530075441 
4.0125 1.1332657011 
4.0375 1.1203988765 
4.0625 1.1052333113 
4.0875 1.0836523488 
4.1125 1.0737070788 
4.1375 1.0635231008 
4.1625 1.0564177466 
4.1875 1.0303910827 
4.2125 1.0135674404 
4.2375 1.0088747232 
4.2625 0.9905765265 
4.2875 0.9758942549 
4.3125 0.9665279556 
4.3375 0.9573585059 
4.3625 0.9412600267 
4.3875 0.9392281094 
4.4125 0.9268454754 
4.4375 0.923033284 
4.4625 0.9112816893 
4.4875 0.906629812 
4.5125 0.9056881391 
4.5375 0.9090061465 
4.5625 0.903696061 
4.5875 0.9101519996 
4.6125 0.9118974947 
4.6375 0.9121259298 
4.6625 0.9177351476 
4.6875 0.9148545873 
4.7125 0.9235532038 
4.7375 0.9273141146 
4.7625 0.9361254405 
4.7875 0.9277572588 
4.8125 0.9266066456 
4.8375 0.9200926013 
4.8625 0.9231772474 
4.8875 0.9226749753 
4.9125 0.9122774454 
4.9375 0.9203181558 
4.9625 0.91911093 
4.9875 0.9185129264 
