# Radial distribution function (200 data points):
"Pair separation distance" Cl-Cl Cl-F Cl-K Cl-Th F-F F-K F-Th K-K K-Th Th-Th
0.0125 0.0 0.0 0.0 0.0 0.0 0.0 0.0 0.0 0.0 0.0 
0.0375 0.0 0.0 0.0 0.0 0.0 0.0 0.0 0.0 0.0 0.0 
0.0625 0.0 0.0 0.0 0.0 0.0 0.0 0.0 0.0 0.0 0.0 
0.0875 0.0 0.0 0.0 0.0 0.0 0.0 0.0 0.0 0.0 0.0 
0.1125 0.0 0.0 0.0 0.0 0.0 0.0 0.0 0.0 0.0 0.0 
0.1375 0.0 0.0 0.0 0.0 0.0 0.0 0.0 0.0 0.0 0.0 
0.1625 0.0 0.0 0.0 0.0 0.0 0.0 0.0 0.0 0.0 0.0 
0.1875 0.0 0.0 0.0 0.0 0.0 0.0 0.0 0.0 0.0 0.0 
0.2125 0.0 0.0 0.0 0.0 0.0 0.0 0.0 0.0 0.0 0.0 
0.2375 0.0 0.0 0.0 0.0 0.0 0.0 0.0 0.0 0.0 0.0 
0.2625 0.0 0.0 0.0 0.0 0.0 0.0 0.0 0.0 0.0 0.0 
0.2875 0.0 0.0 0.0 0.0 0.0 0.0 0.0 0.0 0.0 0.0 
0.3125 0.0 0.0 0.0 0.0 0.0 0.0 0.0 0.0 0.0 0.0 
0.3375 0.0 0.0 0.0 0.0 0.0 0.0 0.0 0.0 0.0 0.0 
0.3625 0.0 0.0 0.0 0.0 0.0 0.0 0.0 0.0 0.0 0.0 
0.3875 0.0 0.0 0.0 0.0 0.0 0.0 0.0 0.0 0.0 0.0 
0.4125 0.0 0.0 0.0 0.0 0.0 0.0 0.0 0.0 0.0 0.0 
0.4375 0.0 0.0 0.0 0.0 0.0 0.0 0.0 0.0 0.0 0.0 
0.4625 0.0 0.0 0.0 0.0 0.0 0.0 0.0 0.0 0.0 0.0 
0.4875 0.0 0.0 0.0 0.0 0.0 0.0 0.0 0.0 0.0 0.0 
0.5125 0.0 0.0 0.0 0.0 0.0 0.0 0.0 0.0 0.0 0.0 
0.5375 0.0 0.0 0.0 0.0 0.0 0.0 0.0 0.0 0.0 0.0 
0.5625 0.0 0.0 0.0 0.0 0.0 0.0 0.0 0.0 0.0 0.0 
0.5875 0.0 0.0 0.0 0.0 0.0 0.0 0.0 0.0 0.0 0.0 
0.6125 0.0 0.0 0.0 0.0 0.0 0.0 0.0 0.0 0.0 0.0 
0.6375 0.0 0.0 0.0 0.0 0.0 0.0 0.0 0.0 0.0 0.0 
0.6625 0.0 0.0 0.0 0.0 0.0 0.0 0.0 0.0 0.0 0.0 
0.6875 0.0 0.0 0.0 0.0 0.0 0.0 0.0 0.0 0.0 0.0 
0.7125 0.0 0.0 0.0 0.0 0.0 0.0 0.0 0.0 0.0 0.0 
0.7375 0.0 0.0 0.0 0.0 0.0 0.0 0.0 0.0 0.0 0.0 
0.7625 0.0 0.0 0.0 0.0 0.0 0.0 0.0 0.0 0.0 0.0 
0.7875 0.0 0.0 0.0 0.0 0.0 0.0 0.0 0.0 0.0 0.0 
0.8125 0.0 0.0 0.0 0.0 0.0 0.0 0.0 0.0 0.0 0.0 
0.8375 0.0 0.0 0.0 0.0 0.0 0.0 0.0 0.0 0.0 0.0 
0.8625 0.0 0.0 0.0 0.0 0.0 0.0 0.0 0.0 0.0 0.0 
0.8875 0.0 0.0 0.0 0.0 0.0 0.0 0.0 0.0 0.0 0.0 
0.9125 0.0 0.0 0.0 0.0 0.0 0.0 0.0 0.0 0.0 0.0 
0.9375 0.0 0.0 0.0 0.0 0.0 0.0 0.0 0.0 0.0 0.0 
0.9625 0.0 0.0 0.0 0.0 0.0 0.0 0.0 0.0 0.0 0.0 
0.9875 0.0 0.0 0.0 0.0 0.0 0.0 0.0 0.0 0.0 0.0 
1.0125 0.0 0.0 0.0 0.0 0.0 0.0 0.0 0.0 0.0 0.0 
1.0375 0.0 0.0 0.0 0.0 0.0 0.0 0.0 0.0 0.0 0.0 
1.0625 0.0 0.0 0.0 0.0 0.0 0.0 0.0 0.0 0.0 0.0 
1.0875 0.0 0.0 0.0 0.0 0.0 0.0 0.0 0.0 0.0 0.0 
1.1125 0.0 0.0 0.0 0.0 0.0 0.0 0.0 0.0 0.0 0.0 
1.1375 0.0 0.0 0.0 0.0 0.0 0.0 0.0 0.0 0.0 0.0 
1.1625 0.0 0.0 0.0 0.0 0.0 0.0 0.0 0.0 0.0 0.0 
1.1875 0.0 0.0 0.0 0.0 0.0 0.0 0.0 0.0 0.0 0.0 
1.2125 0.0 0.0 0.0 0.0 0.0 0.0 0.0 0.0 0.0 0.0 
1.2375 0.0 0.0 0.0 0.0 0.0 0.0 0.0 0.0 0.0 0.0 
1.2625 0.0 0.0 0.0 0.0 0.0 0.0 0.0 0.0 0.0 0.0 
1.2875 0.0 0.0 0.0 0.0 0.0 0.0 0.0 0.0 0.0 0.0 
1.3125 0.0 0.0 0.0 0.0 0.0 0.0 0.0 0.0 0.0 0.0 
1.3375 0.0 0.0 0.0 0.0 0.0095252573 0.0 0.0 0.0 0.0 0.0 
1.3625 0.0 0.0 0.0 0.0 0.0061192821 0.0 0.0 0.0 0.0 0.0 
1.3875 0.0 0.0 0.0 0.0 0.0324541799 0.0 0.0 0.0 0.0 0.0 
1.4125 0.0 0.0 0.0 0.0 0.0370092931 0.0 0.0 0.0 0.0 0.0 
1.4375 0.0 0.0 0.0 0.0 0.0302358178 0.0 0.0 0.0 0.0 0.0 
1.4625 0.0 0.0 0.0 0.0 0.0451442336 0.0 0.0 0.0 0.0 0.0 
1.4875 0.0 0.0 0.0 0.0 0.0410725341 0.0 0.0 0.0 0.0 0.0 
1.5125 0.0 0.0010834368 0.0 0.0 0.0571061484 0.0 0.0 0.0 0.0 0.0 
1.5375 0.0 6.9899354159e-04 0.0 0.0 0.0432502254 0.0 0.0 0.0 0.0 0.0 
1.5625 0.0 0.0020304155 0.0 0.0 0.0255916953 0.0 0.0 0.0 0.0 0.0 
1.5875 0.0 0.0036061121 0.0 0.0 0.0292996611 0.0 0.0 0.0 0.0 0.0 
1.6125 0.0 0.0034951637 0.0 0.0 0.0283982053 0.0 0.0 0.0 0.0 0.0 
1.6375 0.0 0.0083190876 0.0 0.0 0.0084731448 0.0 0.0 0.0 0.0 0.0 
1.6625 0.0 0.0110599514 0.0 0.0 0.0041101171 0.0 0.0 0.0 0.0 0.0 
1.6875 0.0 0.0104445559 0.0 0.0 0.0059838602 0.0 0.0 0.0 0.0 0.0 
1.7125 0.0 0.0135224489 0.0 0.0 0.0058104273 0.0 0.0022134961 0.0 0.0 0.0 
1.7375 0.0 0.0202515181 0.0 0.0 0.018814755 0.0 0.0021502577 0.0 0.0 0.0 
1.7625 0.0 0.0074468993 0.0 0.0 0.021941757 0.0 0.0 0.0 0.0 0.0 
1.7875 0.0 0.0046543208 0.0 0.0 0.0177769196 0.0 0.0050791199 0.0 0.0 0.0 
1.8125 0.0 0.0067902198 0.0 0.0 0.0155609204 0.0018442572 0.0098799495 0.0 0.0 0.0 
1.8375 8.5420110589e-04 0.0053832466 0.0 0.0 0.0218694391 0.0053832466 0.0105742343 0.0 0.0 0.0 
1.8625 8.3142377774e-04 0.0047633654 0.0 0.0 0.0163740685 0.0052397019 0.0252628486 0.0 0.0 0.0 
1.8875 0.0049921972 0.0062613284 0.0 0.0 0.0207261564 0.0119042539 0.0747052669 0.0 0.0 0.0 
1.9125 0.009987914 0.0056469497 0.0 0.0 0.0217407565 0.0215337016 0.1517416064 0.0 0.0 0.0 
1.9375 0.0084513242 0.0059423373 0.0 0.0 0.019670237 0.0185606339 0.364007462 0.0 0.0 0.0 
1.9625 0.0189709316 0.0060064216 0.0 0.0 0.0250714473 0.0267428771 1.0053861045 0.0 0.0 0.0 
1.9875 0.0564635596 0.0075294887 0.0 0.0 0.0143792319 0.0322094794 2.7024739188 0.0 0.0 0.0 
2.0125 0.0683620998 0.0071395965 0.0 0.0 0.0126217866 0.0456254213 5.8557076095 0.0 0.0 0.0 
2.0375 0.0510632179 0.0079605357 0.0 0.0 0.0150503878 0.0415937989 10.4219048708 0.0 0.0 0.0 
2.0625 0.028814907 0.0054381075 0.0 0.0 0.0240344927 0.0911530392 15.8276672252 0.0 0.0 0.0 
2.0875 0.0257020661 0.0068253877 0.0 0.0 0.0195518919 0.1077526487 20.3004500472 0.0 0.0 0.0 
2.1125 0.0208964975 0.007405331 0.0 0.0 0.0280014077 0.164953747 23.9764780525 0.0 0.0 0.0 
2.1375 0.0153605205 0.0063289816 0.0 0.0 0.0422685556 0.2168128261 24.9036383781 0.0 0.0 0.0 
2.1625 0.013362772 0.0070668506 0.0 0.0 0.0777353561 0.2960421477 24.2339972535 0.0 0.0029613469 0.0 
2.1875 0.0148672669 0.0063882788 0.0 0.0 0.1008959567 0.4241586886 22.5423611781 0.0 7.2351162233e-04 0.0 
2.2125 0.0114890721 0.0057383987 0.0 7.7154941033e-04 0.119514812 0.5705768629 20.4909056833 0.0 7.0725362614e-04 0.0 
2.2375 0.0113297852 0.0039606241 0.0 0.0035834218 0.1645102959 0.6898086891 18.8608217882 0.0 6.9153753291e-04 0.0 
2.2625 0.0077002093 0.0056489722 5.1647745498e-04 0.0020290186 0.2718567854 0.8338420911 17.1952983389 0.0 6.7633952437e-04 0.0 
2.2875 0.0062467289 0.003789376 0.001178917 0.0023458042 0.3940358934 1.0571306392 15.5269680955 0.0 6.6163707662e-04 0.0 
2.3125 0.007191054 0.0040168778 9.8876992062e-04 0.0058266799 0.5353262148 1.2377648459 14.5060051413 0.0 6.474088766e-04 0.0 
2.3375 0.0066861557 0.0048386653 0.0017741773 0.0165897097 0.638288 1.4376380317 13.2106903977 0.0 0.0038018085 0.0 
2.3625 0.0055980393 0.0050328526 0.0029999749 0.0522739989 0.8629862033 1.590282752 12.2516127572 0.0 0.0049623645 0.0 
2.3875 0.0055657473 0.0069571841 0.0044835186 0.1540519329 1.1738436342 1.8558288492 11.195216926 0.0 0.0030368661 0.0 
2.4125 0.0054509937 0.0114981898 0.0060566596 0.4406219895 1.4394917403 2.0023411435 9.9009148117 0.0 0.0029742525 0.0 
2.4375 0.0048543207 0.0105682608 0.0054880793 0.9209484395 1.7160387264 2.2745400211 8.5625757253 0.0 0.0023308445 0.0 
2.4625 0.0049940699 0.0130797068 0.0124983865 1.8504670933 2.0588616632 2.426921434 7.4989345904 0.0 0.0114187917 0.0 
2.4875 0.0032627946 0.0234998894 0.0294816794 3.2165855107 2.3068446117 2.5330922448 6.3266108492 0.0 0.0083928176 0.0 
2.5125 0.0031981869 0.0306254951 0.0403453816 4.8634333233 2.5760916586 2.6177818135 5.481505548 0.0 0.0164532574 0.0 
2.5375 0.0029861708 0.0465772663 0.0546095992 6.9854534621 2.9631257082 2.596564975 4.6083264958 0.0 0.022582917 0.0 
2.5625 0.0031478029 0.0610229966 0.0919329269 9.096039349 3.1875865579 2.6910093015 3.8377083987 0.0 0.0274169104 0.0 
2.5875 0.0018667215 0.0874913514 0.1497924331 10.9492702621 3.4461288457 2.6265915574 3.056600179 0.0 0.0263725693 0.0 
2.6125 0.0019015954 0.1205664326 0.2209254792 12.1728518708 3.8715019387 2.6014184996 2.5699049843 0.0 0.0197831324 0.0 
2.6375 0.0026258244 0.1648482203 0.3534497864 13.0024457908 4.3308287841 2.5362239154 2.1724131457 0.0 0.0223960118 0.0 
2.6625 0.0019664633 0.2060548408 0.4962720511 13.3837081206 4.7114066408 2.6059099951 1.8346556278 0.0 0.0224657939 0.0 
2.6875 0.0019966018 0.2866579389 0.6564382916 13.1082848187 4.7531340811 2.4880292406 1.4555546269 0.0 0.020611744 0.0 
2.7125 0.0040506003 0.3757217647 0.7937543367 12.7648509933 4.987843982 2.3579740998 1.2268064753 0.0 0.0178808183 0.0 
2.7375 0.0031430774 0.463152905 1.0395675137 11.9069371705 5.1935195121 2.2653810738 1.0420822238 0.0017247726 0.021251663 0.0 
2.7625 0.0034013905 0.5865627079 1.2341273599 10.8414036072 5.350030014 2.1324697633 0.8280871641 0.0025405448 0.0208687606 0.0 
2.7875 0.0080423128 0.7032577264 1.461381039 9.7884337328 5.3758439031 2.1509223689 0.7418702181 0.0024951791 0.0155948694 0.0 
2.8125 0.0127007287 0.8323364042 1.7167151582 8.771261684 5.379074542 2.0534933614 0.5974355919 0.0016340119 0.0231971329 0.0 
2.8375 0.0188661293 0.9755553816 1.8842745647 7.6458890998 5.5062261548 2.0182206001 0.5115695792 8.0267287102e-04 0.017200133 0.0 
2.8625 0.025343131 1.0617385957 2.1150074818 6.6878440242 5.6010996192 1.9498481447 0.451177685 0.0015774274 0.0181685834 0.0 
2.8875 0.0356296905 1.2020786642 2.3340137774 5.7716536496 5.7095887669 1.8304837582 0.3764414296 0.0038755776 0.0149486566 0.0 
2.9125 0.0535509954 1.3901565684 2.5325465176 5.0650114067 5.6066344856 1.7645531108 0.3428397058 0.002285598 0.0126524177 0.0 
2.9375 0.0692441407 1.5668976262 2.7178835892 4.288803496 5.7498991145 1.6289735175 0.2964049719 0.0029958134 0.0132404251 0.0 
2.9625 0.0897697327 1.7032338228 2.8495363245 3.7366758816 5.8215356284 1.5008063391 0.2799588642 0.0095727605 0.0102565291 0.0 
2.9875 0.126997658 1.8230499 3.0078194268 3.2301749683 5.5106783769 1.4476217132 0.2396540049 0.0188264363 0.0112493129 0.0 
3.0125 0.1707688694 1.955785895 3.110564138 2.8531030284 5.5109750402 1.3692837927 0.2221020849 0.0242122666 0.0103003865 0.0 
3.0375 0.2164221669 2.0747892726 3.1995035541 2.419389269 5.3609169951 1.2667228766 0.21810936 0.0168108376 0.0093810477 0.0128654369 
3.0625 0.2841955136 2.1910714919 3.2456716481 2.1196050423 5.0745001692 1.2354672807 0.1823785033 0.0137812472 0.0099667949 0.011865232 
3.0875 0.355401997 2.3015106308 3.2322436678 1.7967841555 4.8454794047 1.1052682321 0.1695628377 0.0115251278 0.0076269228 0.0070043169 
3.1125 0.4340186034 2.435935304 3.1949928601 1.5668660633 4.8828721013 1.1000924785 0.1584738921 0.0166775437 0.0089343984 0.0053606391 
3.1375 0.5124871139 2.4942087386 3.1724799809 1.3479513293 4.8982669972 1.1238682891 0.1684879212 0.011817235 0.0094959924 0.0113047529 
3.1625 0.6143837673 2.5695899354 3.1652563376 1.1917198797 4.7507076188 1.0449852981 0.1489590844 0.0219699325 0.0086541226 0.0215116761 
3.1875 0.7060783592 2.6065292586 3.0075512744 1.0105589375 4.4109291032 0.9720070216 0.1606878391 0.0343482236 0.0071558799 0.0131434529 
3.2125 0.8287642102 2.6535400476 2.967754969 0.8917793949 4.3194277822 0.9381509475 0.1610271607 0.0413303046 0.0087223045 0.01150194 
3.2375 0.9395193516 2.6567800664 2.9067115637 0.7788762313 4.1678951639 0.8951048462 0.1523565147 0.0406944664 0.0079274934 0.0092015549 
3.2625 1.0612921946 2.6836720725 2.819860888 0.6936221912 3.9057484469 0.882293223 0.1323439834 0.0418946976 0.0078064654 0.0104550876 
3.2875 1.1956784168 2.6877315125 2.727233218 0.6015133362 3.8344837074 0.8493045054 0.1378468062 0.0490335538 0.0076881879 0.0226526964 
3.3125 1.3085540351 2.668849784 2.6516874246 0.5404927713 3.7499052438 0.8100292277 0.128970473 0.0424064381 0.0075725782 0.0189314456 
3.3375 1.4177966541 2.6269401417 2.5538018717 0.4890248082 3.4884355078 0.7799899068 0.1311250217 0.0707829055 0.0130542244 0.0319695291 
3.3625 1.532756087 2.629967077 2.4255529207 0.4426130503 3.4834769253 0.7052022896 0.1504258032 0.0811661399 0.0146980937 0.0321520801 
3.3875 1.6359276628 2.6480264745 2.3379680786 0.3832779519 3.2446496123 0.6898159725 0.1711245954 0.0732142989 0.0126717056 0.0303862328 
3.4125 1.769523087 2.6337757081 2.2184740065 0.344682135 3.1738707112 0.6722017862 0.1825625428 0.0904593529 0.0133786291 0.0261201806 
3.4375 1.8942729302 2.5947666898 2.1171122172 0.3119589234 3.0269277354 0.6819440179 0.1389891272 0.0836791457 0.0184586351 0.0420655969 
3.4625 1.9860593508 2.5479225638 2.0603350997 0.2775424264 2.903780991 0.6620247955 0.1380722379 0.0986467481 0.0138613698 0.0445544028 
3.4875 2.0776371252 2.49854993 1.9646763845 0.2565760432 2.7460138361 0.6189428012 0.1577156635 0.1115840543 0.015655926 0.0683167679 
3.5125 2.1762730359 2.4598288143 1.9060230189 0.2437529438 2.6430704246 0.6418381086 0.1660016859 0.1272872515 0.0260972539 0.0643411561 
3.5375 2.2361222876 2.3728285165 1.8217829982 0.2293790823 2.4465255069 0.6444181471 0.1849321692 0.1275602563 0.0296029802 0.0966345617 
3.5625 2.3016960995 2.2994768301 1.7415169764 0.2288493771 2.3845606626 0.6081942511 0.1889951019 0.1323960274 0.0401007199 0.1139889267 
3.5875 2.3149215007 2.2937315 1.6907616937 0.2189947433 2.2340467203 0.5992764862 0.2080587621 0.2003551238 0.0607951906 0.1152879721 
3.6125 2.3485203399 2.2039766556 1.6238846144 0.2045423756 2.1723300629 0.6002960575 0.1860380556 0.2114577295 0.0681807919 0.1483756532 
3.6375 2.3723334992 2.1287027051 1.5706688473 0.1997423324 2.039114362 0.6151972256 0.1989439696 0.236401802 0.0688167879 0.1289613895 
3.6625 2.4240557377 2.0395039981 1.49549255 0.207935418 1.9630988186 0.5743066201 0.2187404575 0.2563113357 0.0854313763 0.1371621579 
3.6875 2.4064290568 1.9730572004 1.4422300991 0.1911680991 1.7870254854 0.5638724019 0.2389384239 0.3098810429 0.0812215595 0.1620430128 
3.7125 2.4097724978 1.8874684601 1.4080373643 0.1785314686 1.8211475049 0.5439951814 0.2383216985 0.3394822993 0.111028396 0.1781693556 
3.7375 2.3764726788 1.8191857923 1.3683816402 0.1762862734 1.7643360809 0.5356576931 0.2479236952 0.3099730348 0.1370589725 0.2172195289 
3.7625 2.3456078895 1.7451916672 1.276488384 0.1714168224 1.7128811386 0.5655838025 0.2540403978 0.3254977939 0.1653249664 0.2788024582 
3.7875 2.2849219324 1.6736197415 1.2401568935 0.1647513271 1.6752971624 0.5549743566 0.2647260263 0.3550033835 0.2097293829 0.3485720961 
3.8125 2.2685140492 1.6370208533 1.2105466058 0.1770840812 1.6002518303 0.522293019 0.2601490853 0.3859327187 0.2531968894 0.3787234752 
3.8375 2.235299456 1.5617902326 1.1954238738 0.1798496034 1.5501559108 0.5307326532 0.2869659113 0.4230501521 0.316441263 0.5516395399 
3.8625 2.2035574435 1.5112907337 1.1719065588 0.18214918 1.6078231141 0.5523124313 0.3137215832 0.4505136695 0.372230731 0.5494945107 
3.8875 2.1649696962 1.4433694564 1.1472605887 0.1792516571 1.5515046274 0.5466347699 0.328599402 0.4400339739 0.4135054784 0.7667933011 
3.9125 2.1379874816 1.4104102505 1.0778386942 0.1681475735 1.467546924 0.5677730636 0.3082988228 0.5078887384 0.4285933199 0.826815157 
3.9375 2.0578756528 1.3410796876 1.0673216581 0.1792349097 1.5061234541 0.5299092591 0.3741102425 0.5610681319 0.5086950241 1.011584047 
3.9625 2.0439305085 1.3090566985 1.0351499934 0.1744546981 1.5483155138 0.5438880291 0.4018591934 0.5630659184 0.5829990164 1.0394946802 
3.9875 1.9671384035 1.2569962777 0.9943872335 0.1790438606 1.4868082031 0.5429957878 0.3637663511 0.5710664472 0.7083169113 1.1249519607 
4.0125 1.9123978784 1.2148000112 0.9703757968 0.1840919304 1.4711611465 0.5708716762 0.4003735576 0.5808315116 0.7939196642 1.1777929084 
4.0375 1.8623081974 1.1725862635 0.9655861343 0.1907393087 1.4958571361 0.5822216517 0.4081737219 0.6501753863 0.8709829897 1.3389235844 
4.0625 1.7950699206 1.1424298376 0.9610007058 0.2032740878 1.4967765709 0.5921485359 0.440925411 0.6860552908 0.9416897628 1.520734717 
4.0875 1.7341657619 1.1124266974 0.928762887 0.1874012868 1.5240792176 0.6061413428 0.4627458266 0.7202378257 0.9967231687 1.748187904 
4.1125 1.6932503162 1.0677762262 0.9098976283 0.2055074592 1.5475867347 0.6353345079 0.5225792012 0.7443701134 1.072870645 1.8599114952 
4.1375 1.6599894416 1.0364755108 0.9129375654 0.2152762642 1.5704165265 0.6301574196 0.5422584607 0.7070881794 1.1481216901 1.8518045177 
4.1625 1.6115893004 1.0215832087 0.8885256198 0.2217444829 1.6742169972 0.6563551317 0.5582440518 0.7605373758 1.3140090862 1.8715894537 
4.1875 1.5125767749 1.0081023893 0.8755357001 0.2274510318 1.7103251417 0.6459500712 0.5926905956 0.8288799986 1.3830681233 1.930541403 
4.2125 1.4589195012 0.9784799753 0.8878206583 0.2281647797 1.6724797946 0.6330135965 0.6487804054 0.7393125356 1.4180128894 2.038135713 
4.2375 1.4218122354 0.9619993846 0.8657933113 0.2453047161 1.8040076583 0.6059964237 0.68019146 0.8375077524 1.5376460323 2.0236606178 
4.2625 1.3576398528 0.9335138176 0.8570738192 0.2605209226 1.8429326655 0.6170828426 0.6647330618 0.8547456051 1.6473327439 1.9926424334 
4.2875 1.2937910299 0.9137601806 0.8544428481 0.268226883 1.8588914008 0.6319901172 0.6930232474 0.907385098 1.6999345272 2.0727890219 
4.3125 1.2694774467 0.9085275498 0.8211562028 0.2706600651 1.8761897988 0.6298964416 0.7309116418 0.8677052887 1.7534432994 2.1050733982 
4.3375 1.2293870609 0.8924199165 0.8142471756 0.2656921303 1.8422463843 0.638275072 0.7832372135 0.8563577555 1.9187816565 2.0607666094 
4.3625 1.1713377173 0.8761866598 0.8131841085 0.2867680095 1.7743344218 0.648808487 0.8032791183 0.8598145052 1.9417865667 2.0882820681 
4.3875 1.1223687073 0.8991917378 0.7991365746 0.2990091347 1.7931205581 0.6559136843 0.8381581414 0.9309526022 2.0364438297 2.1497237636 
4.4125 1.0847263516 0.8870795311 0.787255325 0.3095973336 1.6879653144 0.6603272077 0.8740311237 0.9260762347 2.0550428272 2.2347914403 
4.4375 1.0560852715 0.8988881677 0.7525419238 0.3387253823 1.6185200184 0.6832148662 0.9289893651 0.941270398 2.1247857067 2.181801648 
4.4625 1.0210641942 0.9066847883 0.7347518399 0.342953945 1.5878859815 0.6734515289 0.9251292905 0.9489272292 2.1266021108 2.2293259537 
4.4875 0.9839390903 0.906580251 0.73131436 0.3680266043 1.5490882848 0.6655175112 0.9611084634 1.0128382232 2.2105978195 2.1323478734 
4.5125 0.9453527156 0.9007014366 0.7423628928 0.383157335 1.5054715918 0.6709581253 0.9955981431 1.0641703327 2.3225310082 2.1867545144 
4.5375 0.9218431698 0.9359077045 0.7508984315 0.3992631419 1.4119574012 0.729943537 1.0532336736 1.0198316154 2.2317644768 2.2956877231 
4.5625 0.9059954569 0.9451271855 0.7363416458 0.4226142977 1.248087421 0.7420490027 1.0722839895 1.0148952354 2.2662504605 2.1982501165 
4.5875 0.879587979 0.9772137022 0.7150216493 0.4494720905 1.2067217149 0.7659394611 1.1115242227 1.0287378342 2.3501943549 2.3255883121 
4.6125 0.8709601857 1.0015996947 0.7338436804 0.456107766 1.161905353 0.7784481085 1.1358174046 1.0121486631 2.3301572479 2.1525935607 
4.6375 0.853325159 1.0194883742 0.7220601258 0.4671845565 1.1554864253 0.7699369205 1.1091160476 1.0415324274 2.3554894194 2.2901996976 
4.6625 0.8428941556 1.0490985179 0.7313640095 0.4728294643 1.1405155353 0.7977947539 1.1383132634 1.0559597428 2.3259972315 2.2800392483 
4.6875 0.8274079518 1.090428997 0.7179284247 0.5014899072 1.0660823496 0.8128834831 1.087058336 1.0685502286 2.2298753737 2.2578095914 
4.7125 0.8178298673 1.1194787665 0.7197363159 0.5374680075 1.0028795711 0.8411127006 1.1023015594 1.0482215841 2.2585051097 2.2312451006 
4.7375 0.8118341591 1.1512060835 0.731910812 0.5578940802 0.9619535534 0.8259151161 1.1554867353 1.0550405353 2.206810945 2.0398379813 
4.7625 0.8169182835 1.1718258419 0.7359420834 0.5713685219 0.8724948237 0.8515923454 1.1989112077 1.1018344122 2.2233902317 1.9514249606 
4.7875 0.8002714371 1.1913764968 0.7283914389 0.5858089026 0.8700975705 0.8650585549 1.1959106454 1.1622580455 2.1398091434 1.6426954987 
4.8125 0.7999485566 1.2041445809 0.7117491535 0.5958830123 0.8152189019 0.8681280148 1.1909455439 1.1287277408 2.1786259175 1.5660915883 
4.8375 0.7928109664 1.2078653576 0.7117927628 0.5974869375 0.7934648368 0.9134190498 1.196837491 1.1424987481 2.0906259464 1.3743133351 
4.8625 0.7956784954 1.2204265562 0.694428744 0.6197927095 0.7576998321 0.9245507485 1.1845623429 1.1816209566 2.0618623835 1.4097945086 
4.8875 0.7863318862 1.2085958923 0.7064161827 0.6506638207 0.7473526532 0.9460601622 1.1628278726 1.1481906926 2.0708246032 1.3208712162 
4.9125 0.7856989451 1.1774279824 0.7043570109 0.6484011739 0.7312920911 0.9556616998 1.2044177987 1.1825952635 2.0202477801 1.0864257798 
4.9375 0.7918410612 1.1705844388 0.735921809 0.6712098938 0.7117897945 0.9555768283 1.213421031 1.1711801446 2.043439715 0.9868959913 
4.9625 0.7891727069 1.1396968769 0.7308159585 0.6970930304 0.7097104919 0.9843533062 1.2248181626 1.2006108808 2.0144676009 1.0179485195 
4.9875 0.8030401965 1.0964813522 0.725916955 0.7129731314 0.7213376266 1.0183518386 1.2261402211 1.2829138494 1.9784564712 0.95915522 
