# Radial distribution function (200 data points):
"Pair separation distance" Al-Al Al-Be Al-Cl Al-F Al-K Be-Be Be-Cl Be-F Be-K Cl-Cl Cl-F Cl-K F-F F-K K-K
0.0125 0.0 0.0 0.0 0.0 0.0 0.0 0.0 0.0 0.0 0.0 0.0 0.0 0.0 0.0 0.0 
0.0375 0.0 0.0 0.0 0.0 0.0 0.0 0.0 0.0 0.0 0.0 0.0 0.0 0.0 0.0 0.0 
0.0625 0.0 0.0 0.0 0.0 0.0 0.0 0.0 0.0 0.0 0.0 0.0 0.0 0.0 0.0 0.0 
0.0875 0.0 0.0 0.0 0.0 0.0 0.0 0.0 0.0 0.0 0.0 0.0 0.0 0.0 0.0 0.0 
0.1125 0.0 0.0 0.0 0.0 0.0 0.0 0.0 0.0 0.0 0.0 0.0 0.0 0.0 0.0 0.0 
0.1375 0.0 0.0 0.0 0.0 0.0 0.0 0.0 0.0 0.0 0.0 0.0 0.0 0.0 0.0 0.0 
0.1625 0.0 0.0 0.0 0.0 0.0 0.0 0.0 0.0 0.0 0.0 0.0 0.0 0.0 0.0 0.0 
0.1875 0.0 0.0 0.0 0.0 0.0 0.0 0.0 0.0 0.0 0.0 0.0 0.0 0.0 0.0 0.0 
0.2125 0.0 0.0 0.0 0.0 0.0 0.0 0.0 0.0 0.0 0.0 0.0 0.0 0.0 0.0 0.0 
0.2375 0.0 0.0 0.0 0.0 0.0 0.0 0.0 0.0 0.0 0.0 0.0 0.0 0.0 0.0 0.0 
0.2625 0.0 0.0 0.0 0.0 0.0 0.0 0.0 0.0 0.0 0.0 0.0 0.0 0.0 0.0 0.0 
0.2875 0.0 0.0 0.0 0.0 0.0 0.0 0.0 0.0 0.0 0.0 0.0 0.0 0.0 0.0 0.0 
0.3125 0.0 0.0 0.0 0.0 0.0 0.0 0.0 0.0 0.0 0.0 0.0 0.0 0.0 0.0 0.0 
0.3375 0.0 0.0 0.0 0.0 0.0 0.0 0.0 0.0 0.0 0.0 0.0 0.0 0.0 0.0 0.0 
0.3625 0.0 0.0 0.0 0.0 0.0 0.0 0.0 0.0 0.0 0.0 0.0 0.0 0.0 0.0 0.0 
0.3875 0.0 0.0 0.0 0.0 0.0 0.0 0.0 0.0 0.0 0.0 0.0 0.0 0.0 0.0 0.0 
0.4125 0.0 0.0 0.0 0.0 0.0 0.0 0.0 0.0 0.0 0.0 0.0 0.0 0.0 0.0 0.0 
0.4375 0.0 0.0 0.0 0.0 0.0 0.0 0.0 0.0 0.0 0.0 0.0 0.0 0.0 0.0 0.0 
0.4625 0.0 0.0 0.0 0.0 0.0 0.0 0.0 0.0 0.0 0.0 0.0 0.0 0.0 0.0 0.0 
0.4875 0.0 0.0 0.0 0.0 0.0 0.0 0.0 0.0 0.0 0.0 0.0 0.0 0.0 0.0 0.0 
0.5125 0.0 0.0 0.0 0.0 0.0 0.0 0.0 0.0 0.0 0.0 0.0 0.0 0.0 0.0 0.0 
0.5375 0.0 0.0 0.0 0.0 0.0 0.0 0.0 0.0 0.0 0.0 0.0 0.0 0.0 0.0 0.0 
0.5625 0.0 0.0 0.0 0.0 0.0 0.0 0.0 0.0 0.0 0.0 0.0 0.0 0.0 0.0 0.0 
0.5875 0.0 0.0 0.0 0.0 0.0 0.0 0.0 0.0 0.0 0.0 0.0 0.0 0.0 0.0 0.0 
0.6125 0.0 0.0 0.0 0.0 0.0 0.0 0.0 0.0 0.0 0.0 0.0 0.0 0.0 0.0 0.0 
0.6375 0.0 0.0 0.0 0.0 0.0 0.0 0.0 0.0 0.0 0.0 0.0 0.0 0.0 0.0 0.0 
0.6625 0.0 0.0 0.0 0.0 0.0 0.0 0.0 0.0 0.0 0.0 0.0 0.0 0.0 0.0 0.0 
0.6875 0.0 0.0 0.0 0.0 0.0 0.0 0.0 0.0 0.0 0.0 0.0 0.0 0.0 0.0 0.0 
0.7125 0.0 0.0 0.0 0.0 0.0 0.0 0.0 0.0 0.0 0.0 0.0 0.0 0.0 0.0 0.0 
0.7375 0.0 0.0 0.0 0.0 0.0 0.0 0.0 0.0 0.0 0.0 0.0 0.0 0.0 0.0 0.0 
0.7625 0.0 0.0 0.0 0.0 0.0 0.0 0.0 0.0 0.0 0.0 0.0 0.0 0.0 0.0 0.0 
0.7875 0.0 0.0 0.0 0.0 0.0 0.0 0.0 0.0 0.0 0.0 0.0 0.0 0.0 0.0 0.0 
0.8125 0.0 0.0 0.0 0.0 0.0 0.0 0.0 0.0 0.0 0.0 0.0 0.0 0.0 0.0 0.0 
0.8375 0.0 0.0 0.0 0.0 0.0 0.0 0.0 0.0 0.0 0.0 0.0 0.0 0.0 0.0 0.0 
0.8625 0.0 0.0 0.0 0.0 0.0 0.0 0.0 0.0 0.0 0.0 0.0 0.0 0.0 0.0 0.0 
0.8875 0.0 0.0 0.0 0.0 0.0 0.0 0.0 0.0 0.0 0.0 0.0 0.0 0.0 0.0 0.0 
0.9125 0.0 0.0 0.0 0.0 0.0 0.0 0.0 0.0 0.0 0.0 0.0 0.0 0.0 0.0 0.0 
0.9375 0.0 0.0 0.0 0.0 0.0 0.0 0.0 0.0 0.0 0.0 0.0 0.0 0.0 0.0 0.0 
0.9625 0.0 0.0 0.0 0.0 0.0 0.0 0.0 0.0 0.0 0.0 0.0 0.0 0.0 0.0 0.0 
0.9875 0.0 0.0 0.0 0.0 0.0 0.0 0.0 0.0 0.0 0.0 0.0 0.0 0.0 0.0 0.0 
1.0125 0.0 0.0 0.0 0.0 0.0 0.0 0.0 0.0 0.0 0.0 0.0 0.0 0.0 0.0 0.0 
1.0375 0.0 0.0 0.0 0.0 0.0 0.0 0.0 0.0 0.0 0.0 0.0 0.0 0.0 0.0 0.0 
1.0625 0.0 0.0 0.0 0.0 0.0 0.0 0.0 0.0 0.0 0.0 0.0 0.0 0.0 0.0 0.0 
1.0875 0.0 0.0 0.0 0.0 0.0 0.0 0.0 0.0 0.0 0.0 0.0 0.0 0.0 0.0 0.0 
1.1125 0.0 0.0 0.0 0.0 0.0 0.0 0.0 0.0 0.0 0.0 0.0 0.0 0.0 0.0 0.0 
1.1375 0.0 0.0 0.0 0.0 0.0 0.0 0.0 0.0 0.0 0.0 0.0 0.0 0.0 0.0 0.0 
1.1625 0.0 0.0 0.0 0.0 0.0 0.0 0.0 0.0 0.0 0.0 0.0 0.0 0.0 0.0 0.0 
1.1875 0.0 0.0 0.0 0.0 0.0 0.0 0.0 0.0 0.0 0.0 0.0 0.0 0.0 0.0 0.0 
1.2125 0.0 0.0 0.0 0.0 0.0 0.0 0.0 0.0 0.0 0.0 0.0 0.0 0.0 0.0 0.0 
1.2375 0.0 0.0 0.0 0.0 0.0 0.0 0.0 0.0 0.0 0.0 0.0 0.0 0.0 0.0 0.0 
1.2625 0.0 0.0 0.0 0.0 0.0 0.0 0.0 0.0 0.0 0.0 0.0 0.0 0.0 0.0 0.0 
1.2875 0.0 0.0 0.0 0.0 0.0 0.0 0.0 0.0034256126 0.0 0.0 0.0 0.0 0.0 0.0 0.0 
1.3125 0.0 0.0 0.0 0.0 0.0 0.0 0.0 0.0604332628 0.0 0.0 0.0 0.0 0.0 0.0 0.0 
1.3375 0.0 0.0 0.0 0.0 0.0 0.0 0.0 0.2666400751 0.0 0.0 0.0 0.0 0.0 0.0 0.0 
1.3625 0.0 0.0 0.0 0.0 0.0 0.0 0.0 0.9686424701 0.0 0.0 0.0 0.0 0.0 0.0 0.0 
1.3875 0.0 0.0 0.0 0.0 0.0 0.0 0.0 2.7087503354 0.0 0.0 0.0 0.0 0.0 0.0 0.0 
1.4125 0.0 0.0 0.0 0.0 0.0 0.0 0.0 5.7321504237 0.0 0.0 0.0 0.0 0.0 0.0 0.0 
1.4375 0.0 0.0 0.0 0.0 0.0 0.0 0.0 10.5432323741 0.0 0.0 0.0 0.0 0.0 0.0 0.0 
1.4625 0.0 0.0 0.0 0.0 0.0 0.0 0.0 16.248718459 0.0 0.0 0.0 0.0 0.0 0.0 0.0 
1.4875 0.0 0.0 0.0 0.0 0.0 0.0 0.0 22.3070380815 0.0 0.0 0.0 0.0 0.0 0.0 0.0 
1.5125 0.0 0.0 0.0 0.0022064454 0.0 0.0 0.0 27.2981425442 0.0 0.0 0.0 0.0 0.0 0.0 0.0 
1.5375 0.0 0.0 0.0 0.0293600453 0.0 0.0 0.0 29.9480468937 0.0 0.0 0.0 0.0 0.0 0.0 0.0 
1.5625 0.0 0.0 0.0 0.1648827472 0.0 0.0 0.0 30.735643016 0.0 0.0 0.0 0.0 0.0 0.0 0.0 
1.5875 0.0 0.0 0.0 0.6714693341 0.0 0.0 0.0 28.800326193 0.0 0.0 0.0 0.0 0.0 0.0 0.0 
1.6125 0.0 0.0 0.0 2.2829322119 0.0 0.0 0.0 25.297160192 0.0 0.0 0.0 0.0 0.0 0.0 0.0 
1.6375 0.0 0.0 0.0 5.3687392095 0.0 0.0 0.0 21.5001345684 0.0 0.0 0.0 0.0 0.0 0.0 0.0 
1.6625 0.0 0.0 0.0 10.7808629227 0.0 0.0 0.0 17.0958379583 0.0 0.0 0.0 0.0 0.0 0.0 0.0 
1.6875 0.0 0.0 0.0 17.5052541865 0.0 0.0 0.0 13.5181260053 0.0 0.0 0.0 0.0 0.0 0.0 0.0 
1.7125 0.0 0.0 0.0 24.3464471634 0.0 0.0 0.0 10.0520908465 0.0 0.0 0.0 0.0 0.0 0.0 0.0 
1.7375 0.0 0.0 0.0 29.8017587336 0.0 0.0 0.0 7.4537836868 0.0 0.0 0.0 0.0 0.0 0.0 0.0 
1.7625 0.0 0.0 0.0 32.787764394 0.0 0.0 0.0 5.5523046317 0.0 0.0 0.0 0.0 0.0 0.0 0.0 
1.7875 0.0 0.0 0.0 32.3750759519 0.0 0.0 0.0 3.9182317383 0.0 0.0 0.0 0.0 0.0 0.0 0.0 
1.8125 0.0 0.0 0.0 29.6796901491 0.0 0.0 0.0 2.698275871 0.0 0.0 0.0 0.0 0.0 0.0 0.0 
1.8375 0.0 0.0 0.0 25.5467929435 0.0 0.0 0.0053818916 1.8993592436 0.0 0.0 0.0 0.0 0.0 0.0 0.0 
1.8625 0.0 0.0 0.0 20.64141211 0.0 0.0 0.0052383831 1.4154547693 0.0 0.0 0.0 0.0 0.0 0.0 0.0 
1.8875 0.0 0.0 0.0 16.1432058818 0.0 0.0 0.0076508085 1.0307339195 0.0 0.0 0.0 0.0 0.0 0.0 0.0 
1.9125 0.0 0.0 0.0 12.2831957005 0.0 0.0 0.0124201625 0.7483147902 0.0 0.0 0.0 0.0 0.0 0.0 0.0 
1.9375 0.0 0.0 0.0 9.0221642897 0.0 0.0 0.0072610287 0.5460898651 0.0 0.0 0.0 0.0 0.0 0.0 0.0 
1.9625 0.0 0.0 0.0 6.4864642371 0.0 0.0 0.0306679321 0.4010421895 0.0 0.0 0.0 0.0 0.0 0.0 0.0 
1.9875 0.0 0.0 0.0 4.6446007121 0.0 0.0 0.0391016664 0.2908665622 0.0 0.0 0.0 0.0 0.0 0.0 0.0 
2.0125 0.0 0.0 0.0 3.250304613 0.0 0.0 0.0762724856 0.2453618561 0.0 0.0 0.0 0.0 3.1157061091e-04 0.0 0.0 
2.0375 0.0 0.0 0.0 2.303801583 0.0 0.0 0.1050526227 0.1969736675 0.0 0.0 0.0 0.0 9.8790805448e-04 5.6994695451e-04 0.0 
2.0625 0.0 0.0 0.0 1.5624421101 0.0 0.0 0.1431027291 0.1481754004 0.0 0.0 0.0 0.0 0.002150694 0.0024473414 0.0 
2.0875 0.0 0.0 0.0 1.1166388017 0.0 0.0 0.1793108781 0.1246662355 0.0 0.0 0.0 0.0 0.0064432607 0.007710194 0.0 
2.1125 0.0 0.0 0.0 0.8160780027 0.0 0.0 0.1710200887 0.087376335 0.0 0.0 0.0 0.0 0.0128660946 0.0194582008 0.0 
2.1375 0.0 0.0 0.0 0.5443813967 0.0 0.0 0.2366443332 0.0849301266 0.0 0.0 0.0 0.0 0.0274814556 0.0394096502 0.0 
2.1625 0.0 0.0 0.0 0.3915472625 0.0 0.0 0.2564621077 0.0809539481 0.0 0.0 0.0 0.0 0.0578146113 0.0701263576 0.0 
2.1875 0.0 0.0 0.0 0.3001064022 0.0 0.0 0.3436719362 0.0537976327 0.0 0.0 0.0 0.0 0.1087160495 0.1237147768 0.0 
2.2125 0.0 0.0 0.0 0.2010746271 0.0 0.0 0.2320091851 0.047175201 0.0 0.0 0.0 0.0 0.186960735 0.2205053963 0.0 
2.2375 0.0 0.0 0.0 0.1472028064 0.0 0.0 0.2486315894 0.0457488174 0.0 0.0 0.0 0.0 0.315704649 0.3339474625 0.0 
2.2625 0.0 0.0 0.0 0.1119201045 0.0 0.0 0.1473203843 0.0343895475 0.0 0.0 0.0 0.0 0.5011136398 0.481499888 0.0 
2.2875 0.0 0.0 0.0 0.092364715 0.0 0.0 0.2309359036 0.0321950116 0.0 0.0 0.0 0.0 0.74530849 0.6752361075 0.0 
2.3125 0.0 0.0 0.0 0.0724443486 0.0 0.0 0.273542309 0.0364581494 0.0 0.0 0.0 0.0 1.0561064563 0.8819863465 0.0 
2.3375 0.0 0.0 0.0 0.0528885855 0.0 0.0 0.2194991776 0.0346431783 0.0 0.0 0.0 0.0 1.453627761 1.1362962479 0.0 
2.3625 0.0 0.0 0.0 0.0397922805 0.0 0.0 0.2083668507 0.0291659329 0.0 0.0 0.0 0.0 1.9012683805 1.3906808549 0.0 
2.3875 0.0 0.0 0.0 0.0285583315 0.0 0.0 0.1546134784 0.0361960248 0.0 0.0 0.0 0.0 2.3852848264 1.6494926986 0.0 
2.4125 0.0 0.0 0.0 0.0214649812 0.0 0.0 0.1732809393 0.0240667971 0.0 0.0 0.0 0.0011708172 2.8998864405 1.9155463073 0.0 
2.4375 0.0 0.0 0.0 0.0240004418 0.0 0.0152923169 0.2186801317 0.0324961734 0.0 0.0 0.0 0.0017203857 3.3983988418 2.1952837742 0.0 
2.4625 0.0 0.0 0.0 0.0172725211 0.0 0.0149833918 0.148335579 0.0318397076 0.0 0.0 6.2430799258e-04 0.0041204328 3.8417832837 2.4069024076 0.0 
2.4875 0.0 0.009789156 0.0088102404 0.0152955563 0.0 0.007341867 0.1527108344 0.0223315122 0.0 0.0 8.5655115437e-04 0.0088102404 4.1977634638 2.629229655 0.0 
2.5125 0.0 0.0023988294 0.0047976589 0.0097952202 0.0 0.0071964883 0.1612013386 0.0203900503 0.0044978052 0.0 5.9970736081e-04 0.0260872702 4.4562754713 2.7866901788 0.0 
2.5375 0.0 0.0047035902 0.0047035902 0.0121509413 0.0 0.0070553853 0.1608627844 0.0223420534 0.0101421163 0.0 2.3517950937e-04 0.0552083898 4.6226492395 2.8803977878 0.0 
2.5625 0.0 0.0 0.0027673567 0.0063418592 0.0 0.0069183919 0.1245310534 0.0207551756 0.0129719847 0.0 9.2245224734e-04 0.1010085211 4.6765926721 2.9684945719 0.0 
2.5875 0.0 0.0135707 0.0036188533 0.0065968681 0.0 0.00678535 0.13163579 0.0206387729 0.0199319656 0.0 0.0015832483 0.149956235 4.6096086728 2.9878511227 0.0 
2.6125 0.0 0.0155309214 0.0186371057 0.0055467577 0.0 0.0266244367 0.0905230849 0.018858976 0.0228803753 0.0 0.0016640273 0.2509353161 4.4338469512 3.0225669129 0.0 
2.6375 0.0 0.0239452619 0.0104488416 0.003990877 0.0 0.0326526299 0.0888151533 0.0190473674 0.0371423665 0.0 0.0025033683 0.3546075605 4.1510562755 3.0128173434 0.0 
2.6625 0.0 0.0363146274 0.0034178473 0.0039162833 0.0 0.0640846366 0.0999720331 0.0202934682 0.0612809337 0.0 0.0038450782 0.5179640751 3.8571385672 2.9515981756 0.0 
2.6875 0.0 0.0461251401 0.0025159167 0.0057656425 0.001572448 0.1320856284 0.1006366692 0.0188693755 0.0778361739 0.0 0.006184962 0.7049284191 3.5038945183 2.8848850924 0.0 
2.7125 0.0 0.0452788312 0.0024697544 0.0041162574 5.1453217261e-04 0.2037547404 0.086441405 0.0167222956 0.104192765 0.0 0.0081296083 0.9355738494 3.1055018054 2.8023994781 6.7532347655e-04 
2.7375 0.0 0.0323313473 8.0828368363e-04 0.0035362411 0.0022732979 0.3394791471 0.0788076592 0.0184389715 0.1367767546 0.0 0.0122252907 1.2140926105 2.7925359307 2.7190221087 0.0016102527 
2.7625 0.0 0.0416703216 0.0023811612 0.0041339605 0.0029764515 0.279786445 0.0702442564 0.0225714242 0.1994222533 0.0 0.0101199352 1.4739388037 2.5041465578 2.6053562452 0.0011161693 
2.7875 0.0 0.0292330205 0.0140318498 0.0050345757 0.002436085 0.3566428497 0.0701592491 0.0263097184 0.266385899 0.0 0.0159807179 1.7517887515 2.2051847787 2.5161104325 0.0013702978 
2.8125 0.0 0.0325443869 0.0061260022 0.0054240645 0.0033501575 0.4249914054 0.0987817861 0.0275191507 0.3388444989 0.0 0.0247911653 2.09322625 1.9302490653 2.4101990065 0.0018844636 
2.8375 0.0 0.0376158206 0.0082754805 0.0076798967 0.0047019776 0.4513898473 0.0902779695 0.0286820632 0.4147144222 0.0 0.0256727976 2.4119734374 1.702194249 2.3031167791 0.0046725902 
2.8625 0.0 0.0443539789 0.001478466 0.0053902405 0.0138606184 0.5544247359 0.1075583988 0.0388097315 0.5204662208 0.0 0.0374236697 2.6909004557 1.51808423 2.2049933768 0.0041581855 
2.8875 0.0 0.0435892742 0.0021794637 0.0063567692 0.0152108405 0.730120343 0.0948066714 0.0385946699 0.6289796052 0.0 0.0475849577 3.0163777751 1.3515702037 2.0928243522 0.0057892005 
2.9125 0.0 0.0642662651 0.0014281392 0.0086283411 0.018074887 0.7176399599 0.0878305623 0.0352571871 0.7039164345 0.0059981847 0.0545370666 3.2853450252 1.2516301414 1.9789769851 0.0109620843 
2.9375 0.0 0.0333434339 0.0077216373 0.0084821016 0.0320272457 0.9581849949 0.0610711315 0.0313691516 0.9285707609 0.0033694417 0.0658971549 3.4642072893 1.1467289517 1.8867831764 0.010694029 
2.9625 0.0 0.0224305102 0.0020705086 0.0073330514 0.0541351736 0.9058475266 0.0517627158 0.0411944947 1.0511066479 0.0024846104 0.0814400062 3.6413776502 1.0873046026 1.7719024655 0.0139921091 
2.9875 0.0 0.0339333493 0.0027146679 0.00947306 0.093952961 1.0638105019 0.0641340303 0.0369025174 1.2693193489 0.0016288008 0.0905172094 3.7758910314 1.0213938152 1.6987087702 0.0198032906 
3.0125 0.0 0.0600704647 0.0040046976 0.0094555361 0.0999088632 1.1713740624 0.0520610694 0.0483900966 1.4416911538 0.0016018791 0.1020363589 3.9716588937 0.9527843157 1.6126208269 0.0263590451 
3.0375 0.0 0.0475968342 0.0137866692 0.0095740759 0.1325325643 1.3245050079 0.0689333461 0.0549825499 1.6574776888 0.0015756193 0.1001995424 4.0226300328 0.9174358185 1.5180723057 0.0305430116 
3.0625 0.0 0.0597395865 0.0109791673 0.0078038199 0.1733658947 1.3465625718 0.0532812528 0.0663997431 1.9278126028 0.0015500001 0.118510423 3.9816838061 0.8767187968 1.4678076955 0.0417016624 
3.0875 0.0 0.0555989812 0.008895837 0.0120464459 0.2249773061 1.4010943267 0.0514687712 0.0631445572 2.0784090586 7.6250031385e-04 0.1401888598 3.9582106136 0.8232620576 1.3894036481 0.0440820494 
3.1125 0.0 0.0672144262 0.0037515029 0.0178456907 0.3036372624 1.3458516496 0.0506452886 0.0678005985 2.2617459015 0.0165066126 0.1568597132 3.859358563 0.8037725129 1.3317835139 0.0613282791 
3.1375 0.0 0.073839129 0.0024613043 0.0135884508 0.3813098773 1.601386111 0.0563023359 0.0813384156 2.465534668 0.0147678258 0.1599078638 3.772141131 0.7903735244 1.2645912294 0.0739833461 
3.1625 0.0 0.0681340616 0.0018169083 0.0152670768 0.489051153 1.5489143327 0.0663171532 0.0762722967 2.5260703322 0.0174423198 0.1897912137 3.6926390229 0.7619028347 1.1988992491 0.0844578471 
3.1875 0.0 0.0894259849 0.0011923465 0.0141591143 0.5726989116 1.5560121373 0.0447129924 0.084023165 2.7568354407 0.0171697891 0.2143987988 3.6043143214 0.7482905591 1.1527335486 0.1021412421 
3.2125 0.0 0.1041801502 0.0023477217 0.0177301899 0.715688285 1.5142804924 0.0528237381 0.0968435199 2.8893484249 0.0267640273 0.2311772205 3.4799838466 0.7347329545 1.1060657975 0.1264880916 
3.2375 0.0 0.0866851356 0.0017337027 0.027931877 0.8529456156 1.3306168316 0.0459431219 0.0897552342 2.938084315 0.040915384 0.2655454654 3.2563271191 0.7252957336 1.0817131063 0.1453330477 
3.2625 0.0 0.0910525059 0.0017072345 0.0276240025 0.9316876536 1.2974982098 0.0495098001 0.1017227215 3.0295409474 0.0382420525 0.271877092 3.1521950751 0.7084133934 1.0453699084 0.1671889398 
3.2875 0.0 0.1022832076 0.0011209119 0.0261546102 1.0802788089 1.2273984911 0.0470782983 0.1136674687 3.1544036135 0.051113581 0.3026462033 2.9736040327 0.7020002452 1.0082076789 0.1889568418 
3.3125 0.0 0.0966049321 0.0016560845 0.02507128 1.2932985281 1.1219972825 0.0438862406 0.1162709361 3.1786472827 0.0523322718 0.3116199094 2.8168963139 0.6941754404 0.9866641232 0.2118623789 
3.3375 0.0 0.1237120227 0.0016313673 0.0302482693 1.4316947681 1.1868197342 0.0448626016 0.1305093866 3.2079309181 0.0554664893 0.3294002538 2.7354971348 0.6956818712 0.9535639441 0.2470629354 
3.3625 0.0 0.148665942 0.0010714662 0.0302465993 1.5584811416 1.0326255969 0.0450015824 0.1389557791 3.2086228725 0.0675023737 0.3485613639 2.5462056061 0.6858500101 0.9203309116 0.2763629546 
3.3875 0.0 0.1517582662 0.0015835645 0.0358501411 1.7414261046 0.8234535488 0.0578001049 0.1519232208 3.2294818865 0.098181 0.3739851534 2.4205773368 0.694678962 0.9026523939 0.3071867731 
3.4125 0.0 0.1742499374 0.0046813416 0.0386860868 1.9562481307 0.8972571401 0.0670992296 0.1719742852 3.1430820091 0.1086071251 0.3948581603 2.257381931 0.7199459088 0.8746428467 0.3274500922 
3.4375 0.0 0.1653169854 0.0071765513 0.0422903916 2.1467179468 0.7381595626 0.0684335428 0.1664383215 3.1573621917 0.1445562477 0.4189311823 2.1445073127 0.7423245254 0.8460881662 0.3824757434 
3.4625 0.0 0.1856739509 0.0070732934 0.04989198 2.2874525513 0.6896461033 0.0613860817 0.187252811 3.1633252064 0.1915852032 0.4419545266 2.0447817498 0.7609842666 0.8348420276 0.4095365811 
3.4875 0.0 0.20294222 0.0244028682 0.0473116832 2.4633201368 0.642442856 0.0605091527 0.1940712794 3.1802322046 0.2205222454 0.4757936772 1.9810211032 0.7720052779 0.8243749535 0.4562114649 
3.5125 0.0 0.1656968926 0.0176743352 0.0532889389 2.6017480607 0.5449586692 0.0574415895 0.2112635381 3.1330520785 0.2303555023 0.514151321 1.8764252554 0.8101759794 0.7822849477 0.4860442184 
3.5375 0.0 0.139161221 0.0304944589 0.0571771104 2.6644835951 0.508240981 0.0435635127 0.2285571792 3.0544375382 0.2247877253 0.5444228984 1.729652967 0.8305807222 0.772968733 0.5408568921 
3.5625 0.0 0.1646579306 0.0243407376 0.0627410351 2.7771111116 0.3830086646 0.0579882277 0.2399770021 2.944155389 0.2720435375 0.5780328584 1.6617027787 0.854709886 0.7619157956 0.5840770275 
3.5875 0.0 0.1517816355 0.0160017848 0.0681448557 2.9844505298 0.3282719093 0.0571828487 0.2600290034 2.9050299066 0.2648766029 0.5915953977 1.5906185925 0.8690184981 0.75820957 0.6170541197 
3.6125 0.0 0.1473673829 0.0199584172 0.0766813219 3.0114582713 0.4664699836 0.0591790278 0.2784895425 2.8945506821 0.3631503634 0.6228882767 1.5148090551 0.8736884162 0.7660819426 0.684855826 
3.6375 0.0 0.1213146491 0.0288408411 0.0765846409 3.0926651948 0.3364764797 0.0714154161 0.3001393088 2.8722816842 0.4059691731 0.668947287 1.4185230366 0.8845144535 0.7506165091 0.7413533917 
3.6625 0.0 0.1140196006 0.0316093942 0.089183648 3.1548715491 0.3115783146 0.0717984812 0.300571472 2.788329578 0.4242883832 0.6878994421 1.3430888058 0.8781249648 0.7335072824 0.7913284846 
3.6875 0.0 0.1258426389 0.0418733029 0.0895561553 3.1487108953 0.2472306711 0.0868648304 0.3361835984 2.7418800189 0.4527662236 0.7313907354 1.2848477749 0.8795064077 0.7181835226 0.8581556171 
3.7125 0.0 0.1175612802 0.0470245121 0.1042852789 3.1394080649 0.2406160781 0.0909726542 0.3257656035 2.6739697723 0.4688387802 0.7448660738 1.2070357234 0.8646568066 0.720766698 0.9111685903 
3.7375 0.0 0.1084054391 0.0429285539 0.1121996295 3.1105585677 0.2569208906 0.0845562425 0.3558408538 2.6362847717 0.5781045255 0.7750446867 1.1397205838 0.8286014905 0.7078367022 0.9366229937 
3.7625 0.0 0.1112484116 0.0688884395 0.1240847668 3.0891491037 0.2150089494 0.0815108555 0.3872300482 2.5596494521 0.581230163 0.7980468991 1.1197313087 0.8220615803 0.7113981588 0.9849896928 
3.7875 0.0 0.1108402595 0.0637595398 0.1364390814 3.0434887931 0.1551763633 0.1064066492 0.3975734547 2.4786653038 0.6384398949 0.838585735 1.0606621121 0.8135103255 0.7026315797 1.0364059089 
3.8125 0.0 0.0906385786 0.0529245953 0.134568771 3.0792373449 0.1750262208 0.1518977559 0.4139943125 2.5109230386 0.6445965676 0.8752352864 1.0586742259 0.8011616894 0.7039466047 1.0719867672 
3.8375 0.0 0.053471224 0.0551164924 0.1424185485 3.0623844026 0.1357346455 0.1258630349 0.4654310146 2.4357042282 0.7571525316 0.8839718788 0.974744423 0.7793602278 0.6948849057 1.1048202449 
3.8625 0.0 0.0629315289 0.0775478841 0.1596972132 3.0025698237 0.167479069 0.1339832552 0.4435657766 2.3473714054 0.7707691262 0.8792651121 0.9236470654 0.7587097873 0.7061875477 1.1371923942 
3.8875 0.0 0.0681367958 0.0813633503 0.1733480246 2.9738454835 0.1442896853 0.137075201 0.4680647168 2.2725625428 0.7921503721 0.9103777329 0.8782883081 0.7614662687 0.7069505695 1.1982337762 
3.9125 0.0 0.0920000079 0.0870537709 0.1894408764 2.9103658408 0.1661935626 0.1851871126 0.493510795 2.2226534163 0.8437884594 0.9533871785 0.825329103 0.7523020358 0.7127682062 1.2418146225 
3.9375 0.0 0.1015794464 0.1070491089 0.1931474569 2.90368266 0.1758105803 0.1998380262 0.5165656702 2.1207151244 0.9062449377 0.9752603577 0.8210354098 0.7448955916 0.7179389868 1.2705977145 
3.9625 0.0 0.0877640176 0.1037737176 0.2264826023 2.8084485644 0.1938523906 0.2210495917 0.5350229537 2.0862640209 0.9948388953 0.9993524734 0.8065127445 0.7315074611 0.7282725694 1.28517625 
3.9875 0.0 0.0914289039 0.1222861589 0.2287309904 2.8083435446 0.2000007272 0.2171436467 0.5734544661 2.0182216241 1.05097525 1.0210513316 0.7897171572 0.7356971195 0.7235442975 1.3465227532 
4.0125 0.0 0.063957652 0.1331824048 0.247914281 2.7052675971 0.1100447836 0.2387125306 0.6170032312 1.9404210803 1.0975133086 1.0499401021 0.7312334788 0.7448401557 0.7267981802 1.3699605614 
4.0375 0.0 0.0548075827 0.1367402742 0.2635873153 2.6747726026 0.1449149645 0.2435686135 0.6341190876 1.8685669946 1.1909780624 1.0566251693 0.6925959915 0.7411216035 0.7302936223 1.4116581235 
4.0625 0.0 0.0669807238 0.1523123309 0.2759514067 2.6033021733 0.1348789918 0.2818695665 0.6685456149 1.8050387525 1.2107178725 1.0426513083 0.6858183838 0.7314547365 0.7429097019 1.4596693953 
4.0875 0.0 0.0851973454 0.1819960315 0.2824805602 2.5492359962 0.176739174 0.3126923848 0.6914353711 1.7152196954 1.3282084879 1.0783355501 0.696624252 0.7439661811 0.7493571036 1.4779813426 
4.1125 0.0 0.0913276131 0.1769248661 0.3034553941 2.4750230831 0.1531080572 0.3341516196 0.7302851414 1.6266052264 1.400643252 1.0951702936 0.6758914895 0.7406005356 0.7549637427 1.513662852 
4.1375 0.0 0.0645744358 0.2034537017 0.3288431026 2.4697510221 0.1671858679 0.3444559628 0.735750506 1.5572501128 1.4270773385 1.1108129821 0.6781642626 0.7429377291 0.7681897613 1.5305053497 
4.1625 0.0 0.0611791356 0.2181473177 0.3463176067 2.3891544921 0.1573177772 0.3849041614 0.7467131992 1.4815729409 1.4804651616 1.1378445227 0.6540486585 0.7474415223 0.7748310207 1.4951743737 
4.1875 0.0 0.0854947328 0.2462939171 0.3626329618 2.2925973929 0.2046692088 0.4362822122 0.7816507073 1.4174638086 1.4122693559 1.1552583717 0.6270909113 0.7456680757 0.7898682408 1.5319425512 
4.2125 0.0 0.0981367865 0.261811879 0.3846535348 2.2599195195 0.2073672966 0.4756647372 0.7632268556 1.3848487285 1.543017494 1.1568620397 0.6140376061 0.7573422041 0.7865743438 1.5555747358 
4.2375 0.0 0.0877056864 0.2850434809 0.4031088281 2.1727186336 0.1720380772 0.5535578133 0.7948327833 1.279216953 1.5657489007 1.1519382922 0.6149096276 0.7623823821 0.8009337047 1.5554977715 
4.2625 0.0 0.0958479671 0.2943782781 0.4467348728 2.0343731021 0.1750267226 0.5865895588 0.7943921188 1.2103410413 1.5978439541 1.153801159 0.5994040152 0.7712462238 0.823068372 1.5700834657 
4.2875 0.0 0.0996760843 0.3123733153 0.4576038413 1.9414182774 0.1581637039 0.6178269685 0.8207831277 1.1553364311 1.6144560079 1.1718118169 0.5793981311 0.7757675683 0.8404892337 1.5745320292 
4.3125 0.0 0.0814246054 0.3566397715 0.468123627 1.8612646978 0.1563352423 0.6873865185 0.8521084951 1.1149572993 1.6536360254 1.1751606169 0.5614633663 0.7794539983 0.8594494322 1.5668256913 
4.3375 0.0 0.108659746 0.3808725318 0.4813224303 1.7865473234 0.1497089833 0.7084615437 0.8761195073 1.0638090963 1.6388787286 1.1667642056 0.5498786811 0.766956707 0.8782700648 1.5355357644 
4.3625 0.0010609179 0.1137834411 0.4236245038 0.5127548659 1.6811901266 0.253028911 0.7309193635 0.8934586113 1.0221114794 1.670563708 1.1745554305 0.5500394982 0.7801061681 0.8930856324 1.5749035621 
4.3875 0.0073420348 0.1124904614 0.4678973879 0.537017401 1.6160670749 0.2100346378 0.7447969852 0.9049385635 0.9708202148 1.7610814394 1.1586124205 0.534585352 0.787187403 0.9127804466 1.5596620566 
4.4125 0.0072590748 0.1353298949 0.4856321056 0.5647819464 1.5725294899 0.2216610347 0.8278456329 0.9506147358 0.8918940056 1.7762748687 1.1792367048 0.5302948597 0.7939937152 0.9465193538 1.5607780523 
4.4375 0.0184564621 0.1684152168 0.4752538996 0.5786869894 1.5068932301 0.2122493144 0.8448445535 0.9593515206 0.856206813 1.7954446349 1.1867120633 0.5032846514 0.7979055407 0.9544730547 1.578063559 
4.4625 0.010139026 0.1657730753 0.505531837 0.6182271111 1.4724717371 0.1916275916 0.8805744092 0.9695443625 0.7859012538 1.8140745342 1.1958474231 0.486825334 0.8010939506 0.9758060031 1.583707942 
4.4875 0.0310817511 0.1759628169 0.5699992103 0.6352959536 1.3610799085 0.200778086 0.9691490531 0.984057014 0.7478419718 1.7921136121 1.2130906676 0.4985049162 0.7998694393 0.9960299113 1.5642784232 
4.5125 0.0307383099 0.1866608657 0.6130805484 0.6644060892 1.2669327381 0.2074835917 1.0396489649 0.9931696657 0.7158741666 1.764458312 1.1993146536 0.5067730952 0.8112187024 1.0158283241 1.5492247619 
4.5375 0.0382458277 0.1927001317 0.6281141696 0.7175995997 1.2067661871 0.2360944361 1.1005972405 1.0035852277 0.6870458415 1.7803726973 1.1880845713 0.5039071668 0.8139496655 1.0358206683 1.5190304987 
4.5625 0.0611065183 0.2146002726 0.6680979333 0.7464937164 1.1425645867 0.1942314331 1.1601508972 1.0042565297 0.6649425818 1.7441546219 1.2078721781 0.509311918 0.8284692019 1.0587249887 1.5439966749 
4.5875 0.0556453138 0.2540016693 0.717536727 0.7494128572 1.0780679916 0.224500059 1.2135955112 1.0260803978 0.6450329219 1.8647320285 1.1979812443 0.5038839064 0.8295828836 1.0770561224 1.5305534371 
4.6125 0.0863617436 0.2569499131 0.7359728813 0.7722139702 0.9874065567 0.2861325902 1.3029709444 1.019703239 0.6371254598 1.7882005698 1.1927173667 0.5008387988 0.8403068834 1.0954736579 1.5115714785 
4.6375 0.0544518862 0.2605241105 0.8024142605 0.7960654522 0.936038485 0.255595276 1.3434594673 1.0332949519 0.6025500205 1.8693520286 1.177287332 0.5154680763 0.8439602281 1.1130034477 1.4980906486 
4.6625 0.0408665314 0.2793320298 0.8512312729 0.8258057889 0.8985992979 0.2486821313 1.3550041506 1.0436638745 0.58278344 1.8085669218 1.1577650877 0.5119403791 0.851347371 1.1398039859 1.4836357667 
4.6875 0.0523775399 0.2832522222 0.9025477134 0.8479188582 0.8480337212 0.3039275669 1.4013748629 1.0606451824 0.5502226105 1.8154606663 1.1581983505 0.505718931 0.8599364023 1.1425496989 1.4617145641 
4.7125 0.0745527965 0.312303483 0.926545792 0.8645169561 0.8055622866 0.2679809363 1.4740997153 1.0984320376 0.5410760126 1.7893762183 1.1621371749 0.5116697076 0.8645169561 1.1623268243 1.4360185503 
4.7375 0.0917602418 0.3447756145 0.9745477446 0.8982045729 0.7604798717 0.2752807254 1.5844834696 1.111496532 0.5153923141 1.7468990976 1.1455524012 0.5103826097 0.8714130562 1.182087821 1.4333953398 
4.7625 0.1237364514 0.3705417116 1.0001287999 0.9159501799 0.7474260291 0.3264772918 1.55707636 1.1064509037 0.5142518078 1.7395030577 1.1703776944 0.5119484404 0.8773103572 1.1923055852 1.4350041471 
4.7875 0.1356613053 0.4102873567 1.103877803 0.9512808574 0.6989255032 0.313166195 1.5927870525 1.1046706288 0.513106954 1.7413626093 1.177346328 0.5059715217 0.884193479 1.2059727079 1.430833799 
4.8125 0.1298965565 0.4583430507 1.1128386195 0.9895349672 0.6609522559 0.3256131801 1.6563118631 1.1148001447 0.4619391802 1.7182960588 1.1734170555 0.5087215558 0.8826727099 1.2058476052 1.433599068 
4.8375 0.137185444 0.4581476147 1.1699588805 1.0173508592 0.6210553294 0.3707889594 1.7619270132 1.1211836313 0.4639715251 1.6471571532 1.1817361215 0.5006621603 0.8773747915 1.2142954203 1.3931278899 
4.8625 0.1374863309 0.4572914919 1.1828094219 1.0078772797 0.5854644048 0.3535362794 1.7853582112 1.1301792701 0.4536888803 1.6425602966 1.1673742328 0.5238197184 0.8905655735 1.2244476055 1.378028937 
4.8875 0.1918691718 0.4735449493 1.2977794111 1.0207841426 0.5889200239 0.4697413754 1.8047958106 1.1539092288 0.4422843264 1.6930468097 1.1490279756 0.5113905095 0.9011696679 1.2373303207 1.3464948723 
4.9125 0.2158576642 0.5220743507 1.322253692 1.0408020709 0.5623123528 0.4913271834 1.9163642632 1.16949047 0.457795515 1.6345947122 1.1547757543 0.5273296063 0.9013155594 1.237534265 1.344855213 
4.9375 0.2211311618 0.5435105802 1.3407008416 1.042970922 0.5361343652 0.4882277898 1.9842173686 1.1770109837 0.433721443 1.6529678575 1.1637027389 0.5195339992 0.8990570848 1.24110641 1.2870136429 
4.9625 0.2385859485 0.5497315411 1.3761735894 1.0675388885 0.5276715645 0.5202157537 1.9391872349 1.16618106 0.441122667 1.6667565168 1.1489635174 0.526211148 0.8938261811 1.2338310143 1.2932757333 
4.9875 0.2767843201 0.5673672721 1.482947076 1.1076953135 0.4938591196 0.6245910098 1.9143166564 1.1655531795 0.4161657204 1.6509657102 1.1452357088 0.526793207 0.8992953892 1.2220254752 1.2682153806 
