# Radial distribution function (200 data points):
"Pair separation distance" g(r)
0.0125 0.0 
0.0375 0.0 
0.0625 0.0 
0.0875 0.0 
0.1125 0.0 
0.1375 0.0 
0.1625 0.0 
0.1875 0.0 
0.2125 0.0 
0.2375 0.0 
0.2625 0.0 
0.2875 0.0 
0.3125 0.0 
0.3375 0.0 
0.3625 0.0 
0.3875 0.0 
0.4125 0.0 
0.4375 0.0 
0.4625 0.0 
0.4875 0.0 
0.5125 0.0 
0.5375 0.0 
0.5625 0.0 
0.5875 0.0 
0.6125 0.0 
0.6375 0.0 
0.6625 0.0 
0.6875 0.0 
0.7125 0.0 
0.7375 0.0 
0.7625 0.0 
0.7875 0.0 
0.8125 0.0 
0.8375 0.0 
0.8625 0.0 
0.8875 0.0 
0.9125 0.0 
0.9375 0.0 
0.9625 0.0 
0.9875 0.0 
1.0125 0.0 
1.0375 0.0 
1.0625 0.0 
1.0875 0.0 
1.1125 0.0 
1.1375 0.0 
1.1625 0.0 
1.1875 0.0 
1.2125 0.0 
1.2375 0.0 
1.2625 0.0 
1.2875 1.3154352216e-04 
1.3125 0.0023206373 
1.3375 0.0102389789 
1.3625 0.0371958709 
1.3875 0.1040160129 
1.4125 0.2201145763 
1.4375 0.4048601232 
1.4625 0.6239507888 
1.4875 0.8565902623 
1.5125 1.048375765 
1.5375 1.1516961393 
1.5625 1.1897459381 
1.5875 1.1446091595 
1.6125 1.1029078468 
1.6375 1.1348445459 
1.6625 1.277457882 
1.6875 1.5273986797 
1.7125 1.7883556451 
1.7375 2.0028065966 
1.7625 2.101783727 
1.7875 2.0152644736 
1.8125 1.813163946 
1.8375 1.5444737236 
1.8625 1.2433407077 
1.8875 0.9694900478 
1.9125 0.7363467216 
1.9375 0.5407046021 
1.9625 0.3892657036 
1.9875 0.2790110903 
2.0125 0.1973214067 
2.0375 0.1415058827 
2.0625 0.0980787659 
2.0875 0.0743931643 
2.1125 0.0606714124 
2.1375 0.0549492119 
2.1625 0.0625767543 
2.1875 0.0851546906 
2.2125 0.1260645108 
2.2375 0.1875517005 
2.2625 0.2723190679 
2.2875 0.3875555916 
2.3125 0.522034259 
2.3375 0.6901187175 
2.3625 0.8703483355 
2.3875 1.0605655761 
2.4125 1.2602113892 
2.4375 1.4618965605 
2.4625 1.6282991295 
2.4875 1.778634835 
2.5125 1.8873567865 
2.5375 1.9566671778 
2.5625 1.9984964837 
2.5875 1.9925261693 
2.6125 1.969004893 
2.6375 1.9077912878 
2.6625 1.8326257888 
2.6875 1.7436208677 
2.7125 1.6419618972 
2.7375 1.5635633564 
2.7625 1.4803012665 
2.7875 1.4044665581 
2.8125 1.3335541127 
2.8375 1.2710776989 
2.8625 1.2210118136 
2.8875 1.173222751 
2.9125 1.1357391427 
2.9375 1.101959074 
2.9625 1.0701548096 
2.9875 1.0500389914 
3.0125 1.0273891631 
3.0375 1.0011879193 
3.0625 0.9854048026 
3.0875 0.9558017684 
3.1125 0.9389336378 
3.1375 0.9201389226 
3.1625 0.8978288743 
3.1875 0.8883148095 
3.2125 0.8767613619 
3.2375 0.8645559337 
3.2625 0.8514592989 
3.2875 0.8416389149 
3.3125 0.8350309517 
3.3375 0.8324932751 
3.3625 0.8179423335 
3.3875 0.8205777956 
3.4125 0.8188415474 
3.4375 0.8237245586 
3.4625 0.8303945365 
3.4875 0.8414626884 
3.5125 0.8421408329 
3.5375 0.8441911736 
3.5625 0.8523553571 
3.5875 0.8623568923 
3.6125 0.8741619645 
3.6375 0.8796236801 
3.6625 0.876131127 
3.6875 0.8794783437 
3.7125 0.8771504211 
3.7375 0.8665792041 
3.7625 0.8714190775 
3.7875 0.8700263663 
3.8125 0.8775714698 
3.8375 0.8691508895 
3.8625 0.8636219581 
3.8875 0.8698070807 
3.9125 0.8739929523 
3.9375 0.8779230253 
3.9625 0.879957918 
3.9875 0.8873997981 
4.0125 0.8892566594 
4.0375 0.8914901083 
4.0625 0.8946760252 
4.0875 0.904343356 
4.1125 0.9076417543 
4.1375 0.9158685988 
4.1625 0.9137771623 
4.1875 0.9188911703 
4.2125 0.9226523693 
4.2375 0.9250467174 
4.2625 0.9307301011 
4.2875 0.9353129255 
4.3125 0.9394575547 
4.3375 0.9355439931 
4.3625 0.9464808992 
4.3875 0.9496019965 
4.4125 0.9641723025 
4.4375 0.9663655914 
4.4625 0.9743624276 
4.4875 0.9783965759 
4.5125 0.9832169976 
4.5375 0.9869788893 
4.5625 1.0015358347 
4.5875 1.0052145565 
4.6125 1.0084781578 
4.6375 1.0136038355 
4.6625 1.0202270116 
4.6875 1.0208029662 
4.7125 1.0273742671 
4.7375 1.0344078083 
4.7625 1.0421860186 
4.7875 1.0496664883 
4.8125 1.0497988617 
4.8375 1.0485958362 
4.8625 1.0517458375 
4.8875 1.0563559264 
4.9125 1.0599384385 
4.9375 1.0548075679 
4.9625 1.0522319191 
4.9875 1.048643744 
