# Radial distribution function (200 data points):
"Pair separation distance" Br-Br Br-I Br-K Br-Tl Br-Zn I-I I-K I-Tl I-Zn K-K K-Tl K-Zn Tl-Tl Tl-Zn Zn-Zn
0.0125 0.0 0.0 0.0 0.0 0.0 0.0 0.0 0.0 0.0 0.0 0.0 0.0 0.0 0.0 0.0 
0.0375 0.0 0.0 0.0 0.0 0.0 0.0 0.0 0.0 0.0 0.0 0.0 0.0 0.0 0.0 0.0 
0.0625 0.0 0.0 0.0 0.0 0.0 0.0 0.0 0.0 0.0 0.0 0.0 0.0 0.0 0.0 0.0 
0.0875 0.0 0.0 0.0 0.0 0.0 0.0 0.0 0.0 0.0 0.0 0.0 0.0 0.0 0.0 0.0 
0.1125 0.0 0.0 0.0 0.0 0.0 0.0 0.0 0.0 0.0 0.0 0.0 0.0 0.0 0.0 0.0 
0.1375 0.0 0.0 0.0 0.0 0.0 0.0 0.0 0.0 0.0 0.0 0.0 0.0 0.0 0.0 0.0 
0.1625 0.0 0.0 0.0 0.0 0.0 0.0 0.0 0.0 0.0 0.0 0.0 0.0 0.0 0.0 0.0 
0.1875 0.0 0.0 0.0 0.0 0.0 0.0 0.0 0.0 0.0 0.0 0.0 0.0 0.0 0.0 0.0 
0.2125 0.0 0.0 0.0 0.0 0.0 0.0 0.0 0.0 0.0 0.0 0.0 0.0 0.0 0.0 0.0 
0.2375 0.0 0.0 0.0 0.0 0.0 0.0 0.0 0.0 0.0 0.0 0.0 0.0 0.0 0.0 0.0 
0.2625 0.0 0.0 0.0 0.0 0.0 0.0 0.0 0.0 0.0 0.0 0.0 0.0 0.0 0.0 0.0 
0.2875 0.0 0.0 0.0 0.0 0.0 0.0 0.0 0.0 0.0 0.0 0.0 0.0 0.0 0.0 0.0 
0.3125 0.0 0.0 0.0 0.0 0.0 0.0 0.0 0.0 0.0 0.0 0.0 0.0 0.0 0.0 0.0 
0.3375 0.0 0.0 0.0 0.0 0.0 0.0 0.0 0.0 0.0 0.0 0.0 0.0 0.0 0.0 0.0 
0.3625 0.0 0.0 0.0 0.0 0.0 0.0 0.0 0.0 0.0 0.0 0.0 0.0 0.0 0.0 0.0 
0.3875 0.0 0.0 0.0 0.0 0.0 0.0 0.0 0.0 0.0 0.0 0.0 0.0 0.0 0.0 0.0 
0.4125 0.0 0.0 0.0 0.0 0.0 0.0 0.0 0.0 0.0 0.0 0.0 0.0 0.0 0.0 0.0 
0.4375 0.0 0.0 0.0 0.0 0.0 0.0 0.0 0.0 0.0 0.0 0.0 0.0 0.0 0.0 0.0 
0.4625 0.0 0.0 0.0 0.0 0.0 0.0 0.0 0.0 0.0 0.0 0.0 0.0 0.0 0.0 0.0 
0.4875 0.0 0.0 0.0 0.0 0.0 0.0 0.0 0.0 0.0 0.0 0.0 0.0 0.0 0.0 0.0 
0.5125 0.0 0.0 0.0 0.0 0.0 0.0 0.0 0.0 0.0 0.0 0.0 0.0 0.0 0.0 0.0 
0.5375 0.0 0.0 0.0 0.0 0.0 0.0 0.0 0.0 0.0 0.0 0.0 0.0 0.0 0.0 0.0 
0.5625 0.0 0.0 0.0 0.0 0.0 0.0 0.0 0.0 0.0 0.0 0.0 0.0 0.0 0.0 0.0 
0.5875 0.0 0.0 0.0 0.0 0.0 0.0 0.0 0.0 0.0 0.0 0.0 0.0 0.0 0.0 0.0 
0.6125 0.0 0.0 0.0 0.0 0.0 0.0 0.0 0.0 0.0 0.0 0.0 0.0 0.0 0.0 0.0 
0.6375 0.0 0.0 0.0 0.0 0.0 0.0 0.0 0.0 0.0 0.0 0.0 0.0 0.0 0.0 0.0 
0.6625 0.0 0.0 0.0 0.0 0.0 0.0 0.0 0.0 0.0 0.0 0.0 0.0 0.0 0.0 0.0 
0.6875 0.0 0.0 0.0 0.0 0.0 0.0 0.0 0.0 0.0 0.0 0.0 0.0 0.0 0.0 0.0 
0.7125 0.0 0.0 0.0 0.0 0.0 0.0 0.0 0.0 0.0 0.0 0.0 0.0 0.0 0.0 0.0 
0.7375 0.0 0.0 0.0 0.0 0.0 0.0 0.0 0.0 0.0 0.0 0.0 0.0 0.0 0.0 0.0 
0.7625 0.0 0.0 0.0 0.0 0.0 0.0 0.0 0.0 0.0 0.0 0.0 0.0 0.0 0.0 0.0 
0.7875 0.0 0.0 0.0 0.0 0.0 0.0 0.0 0.0 0.0 0.0 0.0 0.0 0.0 0.0 0.0 
0.8125 0.0 0.0 0.0 0.0 0.0 0.0 0.0 0.0 0.0 0.0 0.0 0.0 0.0 0.0 0.0 
0.8375 0.0 0.0 0.0 0.0 0.0 0.0 0.0 0.0 0.0 0.0 0.0 0.0 0.0 0.0 0.0 
0.8625 0.0 0.0 0.0 0.0 0.0 0.0 0.0 0.0 0.0 0.0 0.0 0.0 0.0 0.0 0.0 
0.8875 0.0 0.0 0.0 0.0 0.0 0.0 0.0 0.0 0.0 0.0 0.0 0.0 0.0 0.0 0.0 
0.9125 0.0 0.0 0.0 0.0 0.0 0.0 0.0 0.0 0.0 0.0 0.0 0.0 0.0 0.0 0.0 
0.9375 0.0 0.0 0.0 0.0 0.0 0.0 0.0 0.0 0.0 0.0 0.0 0.0 0.0 0.0 0.0 
0.9625 0.0 0.0 0.0 0.0 0.0 0.0 0.0 0.0 0.0 0.0 0.0 0.0 0.0 0.0 0.0 
0.9875 0.0 0.0 0.0 0.0 0.0 0.0 0.0 0.0 0.0 0.0 0.0 0.0 0.0 0.0 0.0 
1.0125 0.0 0.0 0.0 0.0 0.0 0.0 0.0 0.0 0.0 0.0 0.0 0.0 0.0 0.0 0.0 
1.0375 0.0 0.0 0.0 0.0 0.0 0.0 0.0 0.0 0.0 0.0 0.0 0.0 0.0 0.0 0.0 
1.0625 0.0 0.0 0.0 0.0 0.0 0.0 0.0 0.0 0.0 0.0 0.0 0.0 0.0 0.0 0.0 
1.0875 0.0 0.0 0.0 0.0 0.0 0.0 0.0 0.0 0.0 0.0 0.0 0.0 0.0 0.0 0.0 
1.1125 0.0 0.0 0.0 0.0 0.0 0.0 0.0 0.0 0.0 0.0 0.0 0.0 0.0 0.0 0.0 
1.1375 0.0 0.0 0.0 0.0 0.0 0.0 0.0 0.0 0.0 0.0 0.0 0.0 0.0 0.0 0.0 
1.1625 0.0 0.0 0.0 0.0 0.0 0.0 0.0 0.0 0.0 0.0 0.0 0.0 0.0 0.0 0.0 
1.1875 0.0 0.0 0.0 0.0 0.0 0.0 0.0 0.0 0.0 0.0 0.0 0.0 0.0 0.0 0.0 
1.2125 0.0 0.0 0.0 0.0 0.0 0.0 0.0 0.0 0.0 0.0 0.0 0.0 0.0 0.0 0.0 
1.2375 0.0 0.0 0.0 0.0 0.0 0.0 0.0 0.0 0.0 0.0 0.0 0.0 0.0 0.0 0.0 
1.2625 0.0 0.0 0.0 0.0 0.0 0.0 0.0 0.0 0.0 0.0 0.0 0.0 0.0 0.0 0.0 
1.2875 0.0 0.0 0.0 0.0 0.0 0.0 0.0 0.0 0.0 0.0 0.0 0.0 0.0 0.0 0.0 
1.3125 0.0 0.0 0.0 0.0 0.0 0.0 0.0 0.0 0.0 0.0 0.0 0.0 0.0 0.0 0.0 
1.3375 0.0 0.0 0.0 0.0 0.0 0.0 0.0 0.0 0.0 0.0 0.0 0.0 0.0 0.0 0.0 
1.3625 0.0 0.0 0.0 0.0 0.0 0.0 0.0 0.0 0.0 0.0 0.0 0.0 0.0 0.0 0.0 
1.3875 0.0 0.0 0.0 0.0 0.0 0.0 0.0 0.0 0.0 0.0 0.0 0.0 0.0 0.0 0.0 
1.4125 0.0 0.0 0.0 0.0 0.0 0.0 0.0 0.0 0.0 0.0 0.0 0.0 0.0 0.0 0.0 
1.4375 0.0 0.0 0.0 0.0 0.0 0.0 0.0 0.0 0.0 0.0 0.0 0.0 0.0 0.0 0.0 
1.4625 0.0 0.0 0.0 0.0 0.0 0.0 0.0 0.0 0.0 0.0 0.0 0.0 0.0 0.0 0.0 
1.4875 0.0 0.0 0.0 0.0 0.0 0.0 0.0 0.0 0.0 0.0 0.0 0.0 0.0 0.0 0.0 
1.5125 0.0 0.0 0.0 0.0 0.0 0.0 0.0 0.0 0.0 0.0 0.0 0.0 0.0 0.0 0.0 
1.5375 0.0 0.0 0.0 0.0 0.0 0.0 0.0 0.0 0.0 0.0 0.0 0.0 0.0 0.0 0.0 
1.5625 0.0 0.0 0.0 0.0 0.0 0.0 0.0 0.0 0.0 0.0 0.0 0.0 0.0 0.0 0.0 
1.5875 0.0 0.0 0.0 0.0 0.0 0.0 0.0 0.0 0.0 0.0 0.0 0.0 0.0 0.0 0.0 
1.6125 0.0 0.0 0.0 0.0 0.0 0.0 0.0 0.0 0.0 0.0 0.0 0.0 0.0 0.0 0.0 
1.6375 0.0 0.0 0.0 0.0 0.0 0.0 0.0 0.0 0.0 0.0 0.0 0.0 0.0 0.0 0.0 
1.6625 0.0 0.0 0.0 0.0 0.0 0.0 0.0 0.0 0.0 0.0 0.0 0.0 0.0 0.0 0.0 
1.6875 0.0 0.0 0.0 0.0 0.0 0.0 0.0 0.0 0.0 0.0 0.0 0.0 0.0 0.0 0.0 
1.7125 0.0 0.0 0.0 0.0 0.0 0.0 0.0 0.0 0.0 0.0 0.0 0.0 0.0 0.0 0.0 
1.7375 0.0 0.0 0.0 0.0 0.0 0.0 0.0 0.0 0.0 0.0 0.0 0.0 0.0 0.0 0.0 
1.7625 0.0 0.0 0.0 0.0 0.0 0.0 0.0 0.0 0.0 0.0 0.0 0.0 0.0 0.0 0.0 
1.7875 0.0 0.0 0.0 0.0 0.0 0.0 0.0 0.0 0.0 0.0 0.0 0.0 0.0 0.0 0.0 
1.8125 0.0 0.0 0.0 0.0 0.0 0.0 0.0 0.0 0.0 0.0 0.0 0.0 0.0 0.0 0.0 
1.8375 0.0 0.0 0.0 0.0 0.0 0.0 0.0 0.0 0.0 0.0 0.0 0.0 0.0 0.0 0.0 
1.8625 0.0 0.0 0.0 0.0 0.0 0.0 0.0 0.0 0.0 0.0 0.0 0.0 0.0 0.0 0.0 
1.8875 0.0 0.0 0.0 0.0 0.0 0.0 0.0 0.0 0.0 0.0 0.0 0.0 0.0 0.0 0.0 
1.9125 0.0 0.0 0.0 0.0 0.0 0.0 0.0 0.0 0.0 0.0 0.0 0.0 0.0 0.0 0.0 
1.9375 0.0 0.0 0.0 0.0 0.0 0.0 0.0 0.0 0.0 0.0 0.0 0.0 0.0 0.0 0.0 
1.9625 0.0 0.0 0.0 0.0 0.0 0.0 0.0 0.0 0.0 0.0 0.0 0.0 0.0 0.0 0.0 
1.9875 0.0 0.0 0.0 0.0 0.0 0.0 0.0 0.0 0.0 0.0 0.0 0.0 0.0 0.0 0.0 
2.0125 0.0 0.0 0.0 0.0 0.0 0.0 0.0 0.0 0.0 0.0 0.0 0.0 0.0 0.0 0.0 
2.0375 0.0 0.0 0.0 0.0 0.0 0.0 0.0 0.0 0.0 0.0 0.0 0.0 0.0 0.0 0.0 
2.0625 0.0 0.0 0.0 0.0 0.0 0.0 0.0 0.0 0.0 0.0 0.0 0.0 0.0 0.0 0.0 
2.0875 0.0 0.0 0.0 0.0 0.0 0.0 0.0 0.0 0.0 0.0 0.0 0.0 0.0 0.0 0.0 
2.1125 0.0 0.0 0.0 0.0 0.0 0.0 0.0 0.0 0.0 0.0 0.0 0.0 0.0 0.0 0.0 
2.1375 0.0 0.0 0.0 0.0 0.0 0.0 0.0 0.0 0.0 0.0 0.0 0.0 0.0 0.0 0.0 
2.1625 0.0 0.0 0.0 0.0 0.0 0.0 0.0 0.0 0.0 0.0 0.0 0.0 0.0 0.0 0.0 
2.1875 0.0 0.0 0.0 0.0 0.0 0.0 0.0 0.0 0.0029493783 0.0 0.0 0.0 0.0 0.0 0.0 
2.2125 0.0 0.0 0.0 0.0 0.0 0.0 0.0 0.0 0.0144155148 0.0 0.0 0.0 0.0 0.0 0.0 
2.2375 0.0 0.0 0.0 0.0 0.0 0.0 0.0 0.0 0.02537133 0.0 0.0 0.0 0.0 0.0 0.0 
2.2625 0.0 0.0 0.0 0.0 0.0 0.0 0.0 0.0 0.0716841408 0.0 0.0 0.0 0.0 0.0 0.0 
2.2875 0.0 0.0 0.0 0.0 0.0 0.0 0.0 0.0 0.159131741 0.0 0.0 0.0 0.0 0.0 0.0 
2.3125 0.0 0.0 0.0 0.0 0.0 0.0 0.0 0.0 0.4222635563 0.0 0.0 0.0 0.0 0.0 0.0 
2.3375 0.0 0.0 0.0 0.0 0.0 0.0 0.0 0.0 0.6806197883 0.0 0.0 0.0 0.0 0.0 0.0 
2.3625 0.0 0.0 0.0 0.0 0.0 0.0 0.0 0.0 1.1619010914 0.0 0.0 0.0 0.0 0.0 0.0 
2.3875 0.0 0.0 0.0 0.0 0.1299869955 0.0 0.0 0.0 2.1107412124 0.0 0.0 0.0 0.0 0.0 0.0 
2.4125 0.0 0.0 0.0 0.0028290433 0.5183211421 0.0 0.0 0.0 3.5294335547 0.0 0.0 0.0 0.0 0.0 0.0 
2.4375 0.0 0.0 0.0 0.0015836056 0.3652190307 0.0 0.0 0.0 5.3078499131 0.0 0.0 0.0 0.0 0.0 0.0 
2.4625 0.0 0.0 0.0 0.001163711 0.3665689542 0.0 0.0 0.0 6.8705495418 0.0 0.0 0.0 0.0 0.0 0.0 
2.4875 0.0 0.0 0.0 0.0053220418 0.359237822 0.0 0.0 0.0 8.2852786558 0.0 0.0 0.0 0.0 0.0 0.0 
2.5125 0.0 0.0 0.0 0.0078249875 0.1592943879 0.0 0.0 0.0 9.7521701078 0.0 0.0 0.0 0.0 0.0 0.0 
2.5375 0.0 0.0 0.0 0.0211881217 0.0657562398 0.0 0.0 0.0 10.7160752196 0.0 0.0 0.0 0.0 0.0 0.0 
2.5625 0.0 0.0 0.0 0.0390458953 0.0644794602 0.0 0.0 0.0 11.5353754227 0.0 0.0 0.0 0.0 0.0 0.0 
2.5875 0.0 0.0070266121 0.0 0.0576182194 0.0711444478 0.0 0.0 3.2790856584e-04 12.0323706031 0.0 0.0 0.0 0.0 0.0042159673 0.0 
2.6125 0.0 0.0044803044 0.0 0.1230360512 0.0542806108 0.0 0.0 2.7571103918e-04 12.0523634391 0.0 0.0 0.0 0.0 0.005169582 0.0 
2.6375 0.0 0.0114966367 0.0 0.2353429169 0.0380403422 0.0 0.0 0.0016230546 11.6667193422 0.0 0.0 0.0 0.0 0.0050720456 0.0 
2.6625 0.0 0.0152635477 0.0 0.3248481132 0.0373293286 0.0 0.0 0.003185436 11.358070393 0.0 0.0 0.0 0.0 0.0039817951 0.0 
2.6875 0.0 0.0136782108 0.0586209035 0.5096761891 0.0366380647 0.0 0.0 0.008424041 10.7549817693 0.0 0.0 0.0 0.0 0.0048850753 0.0 
2.7125 0.0 0.0105499755 0.1366701376 0.7145210702 0.0287726605 0.0017050466 0.0 0.0170078393 9.7884591168 0.0 0.0 0.0 9.3777560289e-04 0.0038363547 0.0 
2.7375 0.0 0.0119275818 0.1977467506 0.8154699335 0.0211871519 0.0010044279 0.0 0.0305094987 8.5332431151 0.0 0.0 0.0 9.2072561138e-04 0.0075332095 0.0 
2.7625 0.0 0.0049316532 0.1733784316 1.1385954245 0.0277405491 8.2194219419e-04 0.0 0.0489877548 7.449262106 0.0 0.0 0.0 5.7535953594e-04 0.0360627138 0.0 
2.7875 0.0 0.0039354171 0.2724519539 1.3386472667 0.0136225977 7.2653854369e-04 0.0054490391 0.0781028934 6.6096844012 0.0 0.0 0.0 0.0034712397 0.0308778881 0.0 
2.8125 0.0 0.0032710324 0.4951153565 1.6596028855 0.0200722442 3.9648877394e-04 0.003568399 0.1187483878 5.4444847216 0.0 0.0 0.0 0.0032512079 0.0472812863 0.2007224418 
2.8375 0.0 0.0026293478 0.9597119547 1.9547740301 0.0197201087 3.8953301053e-04 0.0035057971 0.1940653458 4.5680536144 0.0 0.0 0.0 0.0052976489 0.0718688404 0.3944021732 
2.8625 0.0 0.0045931043 1.0851209021 2.2382771624 0.012918106 6.1241391301e-04 0.0284198332 0.2887148841 3.9813602623 0.0 0.0 0.0 0.0103344848 0.039615525 0.1937715897 
2.8875 0.0 0.0053602739 1.2568431722 2.5308956448 0.0126953856 0.0035359 0.0930994942 0.3797707046 3.3922070263 0.0 0.0 0.0 0.0138426723 0.0389325158 0.1904307837 
2.9125 0.0 0.0063778365 1.7282550441 2.8478426478 0.0124783758 0.0014049727 0.0948356558 0.5220212963 2.952383707 0.0 0.0 0.0 0.0239584815 0.0415945859 0.1497405092 
2.9375 0.0 0.0076327272 2.8520502931 3.0855299659 0.012266883 7.9961903878e-04 0.1414780504 0.6742605813 2.4402919211 0.0 0.0 0.0 0.0244974196 0.0539742851 0.1840032447 
2.9625 0.0 0.0050923047 2.8222088953 3.405143781 0.0120607218 0.0034306053 0.2396063393 0.8696227093 2.0784643858 0.0 0.0 0.0 0.0300892674 0.0723643306 0.1447286613 
2.9875 0.0 0.0068522795 3.3800186146 3.6053531889 0.0118597144 0.0025300724 0.315468404 1.1055362249 1.7125427647 0.0 0.0 0.0 0.0456115832 0.064042458 0.1067374299 
3.0125 0.0 0.0051838625 3.6507351576 3.632850832 0.0116636906 0.0023500177 0.4463305603 1.3252026066 1.4983954523 0.0 0.0031103175 0.0 0.0682887485 0.0824234136 0.1399642872 
3.0375 0.0 0.0045889947 4.1128865444 3.7553273702 0.0114724869 3.3992553701e-04 0.6034528096 1.5354096581 1.274975708 0.0 0.0137669842 0.0 0.0744436926 0.1078413766 0.1376698425 
3.0625 0.0376198217 0.0042635798 4.5595223924 3.8487585607 0.0112859465 4.681577814e-04 0.8110833563 1.7899343975 1.1519189411 0.0 0.0142955323 0.0 0.0984468935 0.0902875721 0.1015735186 
3.0875 0.0185065318 0.0034545526 4.1806255407 3.8802028406 0.0055519595 0.00131602 0.9638201778 2.0279210827 1.0326644762 0.0 0.0214675769 0.0 0.126008919 0.1088184072 0.1332470292 
3.1125 0.0473471276 0.0041276983 4.4251353866 4.0631119648 0.0109262602 0.0011007195 1.1283184714 2.2813707585 0.9483993866 0.0 0.0203956857 0.0 0.1502805923 0.0976079246 0.1311151226 
3.1375 0.0394270477 0.0047790361 4.5215655122 4.1250249934 0.0053764156 0.0019753349 1.4666861733 2.4514862084 0.7455296286 0.0 0.0215056624 0.0 0.1577081907 0.0917574928 0.6129113774 
3.1625 0.0740844915 0.013640954 4.8419506944 4.0280796378 0.0105834988 0.0015679257 1.8408232221 2.676480607 0.5969093315 0.0 0.0324560629 0.0 0.2005063444 0.1220630193 0.5397584381 
3.1875 0.0694542334 0.0361162014 4.8235965087 3.7991465662 0.010418135 0.0093223015 2.155164862 2.8524699309 0.4813178374 0.0 0.0243089817 0.0 0.217870213 0.1493266018 0.4688160754 
3.2125 0.0717963176 0.0355562716 4.9283043703 3.7263428442 0.0051283084 0.0045584964 2.3685947053 3.0107956716 0.4458209434 0.0 0.0348724971 0.0 0.2336381331 0.1661571921 0.1538492519 
3.2375 0.0538604044 0.0399464666 4.857535223 3.524041377 0.0050494129 0.0059844894 2.7388015644 3.1042144859 0.414725114 0.0 0.0457813438 0.0 0.2741494585 0.1743730593 0.1211859099 
3.2625 0.0662976553 0.0450824056 4.1817246094 3.4242738973 0.0099446483 0.0063645749 2.8507991788 3.190243174 0.3029802848 0.0 0.0596678898 0.0 0.3102730269 0.1935891535 0.1193357796 
3.2875 0.068557823 0.0561521217 3.569903783 3.3776154128 0.0048969874 0.0095763308 3.2868579138 3.239353509 0.3121013275 0.0 0.0541933267 0.0 0.3446318332 0.2422376412 0.0881457724 
3.3125 0.147916062 0.06988498 4.2638412649 3.1579007377 0.1784639443 0.0109186349 3.271517423 3.3100041819 0.2984045772 0.0 0.1009687901 0.0 0.3955289789 0.2964752373 0.0868202972 
3.3375 0.1805517141 0.0832016086 3.8533536878 3.0186979568 0.0665190526 0.0172316022 3.6332072995 3.3298381855 0.2591075476 0.0 0.1241688981 0.0 0.4205411933 0.2971184348 0.0855244962 
3.3625 0.1373085021 0.0927872605 4.1379789497 2.9342410813 0.0468097166 0.0301801314 3.8677308524 3.3028936051 0.3133130366 0.0 0.1323154657 0.0 0.4201362773 0.3164336844 0.0842574899 
3.3875 0.2336815114 0.0990071667 3.6989323452 2.8882214876 0.0368970808 0.0350932235 3.6841735129 3.2874752325 0.2459805383 0.0 0.145743469 0.0 0.4641379447 0.2908719866 0.0830184317 
3.4125 0.2757182221 0.1072574183 3.3086186653 2.769099712 0.0363584469 0.0468081338 3.9176226504 3.2314040971 0.2460254905 0.0 0.1563413215 0.0 0.516936318 0.3405574524 0.0545376703 
3.4375 0.2806802568 0.1560661854 3.2785842767 2.5683238821 0.0313525819 0.0612055482 3.8739847364 3.1649850805 0.2729167604 0.0 0.2299189338 0.0 0.5394369305 0.3565236454 0.0806209248 
3.4625 0.3178437267 0.179130446 3.3152866498 2.5704139902 0.0264869772 0.0679636216 4.0042423575 3.1033058121 0.2425029915 0.0 0.2448573895 0.0 0.5476329692 0.3437421045 0.0529739545 
3.4875 0.3191050906 0.1984253472 2.5673455016 2.4103071176 0.0261085983 0.087879608 4.0851253507 3.0443012437 0.1874017168 0.0 0.2314962384 0.1958144874 0.598550898 0.409034707 0.4438461715 
3.5125 0.3717750089 0.2583359677 2.4365562122 2.2779322084 0.0300279815 0.1092573667 4.1192670986 2.8980656335 0.1590053115 0.0 0.2488032752 0.1029530794 0.5977379528 0.4369786258 0.2831209683 
3.5375 0.4793200063 0.2875920038 2.4572199146 2.1302484829 0.0211464709 0.1273174187 3.8103120971 2.8006824608 0.163532708 0.0 0.2960505921 0.0634394126 0.6052088634 0.4234933232 0.2537576504 
3.5625 0.7256050867 0.3410251238 1.9015857446 2.087481505 0.0208507209 0.1651253534 3.6797352215 2.736232379 0.1623576133 0.0 0.3202670728 0.0625521627 0.6868937928 0.4854047822 0.2001669205 
3.5875 0.6415073254 0.3594999741 2.0478887697 1.9672891313 0.1192545669 0.1921232195 3.4301451521 2.6721064675 0.1145940436 0.0 0.3711969738 0.0493467173 0.6765252182 0.5466519688 0.5428138908 
3.6125 0.7570279707 0.3945557685 1.6465358363 1.8559802415 0.0892211537 0.2192256873 3.4190627562 2.5455606249 0.0978729019 0.0486660838 0.3877064678 0.0608326048 0.715115057 0.575881992 0.4136617126 
3.6375 0.6186593927 0.4643500959 1.6799802475 1.7921567064 0.0799990594 0.2413008666 3.2884946687 2.4323032539 0.1045321043 0.0719991535 0.4495947139 0.1079987302 0.7698872443 0.5722599383 0.3599957673 
3.6625 0.8075190232 0.48591427 1.7675986437 1.6711522891 0.0670740557 0.2744454085 3.0333255296 2.3720191799 0.1015317078 0.0710195884 0.4340085955 0.2722417554 0.7738154062 0.5986688263 1.373045375 
3.6875 0.9315369083 0.5445641945 1.6658682316 1.5987491377 0.0622754479 0.3355032094 2.8402793867 2.2549247739 0.1146906166 0.0700598789 0.4992415074 0.1634730508 0.8156238478 0.6684231409 0.9574850116 
3.7125 0.7551944502 0.5974996091 1.7395072167 1.5293327612 0.0575995767 0.4021332226 2.7647796821 2.15347893 0.1039352362 0.0460796614 0.5447639966 0.3340775449 0.8017178417 0.7485384991 0.7142347512 
3.7375 0.843633437 0.666824034 1.3980572077 1.5759611451 0.0530428209 0.4600861315 2.7309475212 2.0976443048 0.129323449 0.045465275 0.5410367731 0.193227419 0.8507956211 0.7931164647 0.2045937377 
3.7625 0.8474140136 0.7031874717 1.2075649693 1.5203604361 0.0523402773 0.5203232816 2.6294758362 2.0205894822 0.1276105809 0.0448630948 0.5393540957 0.4486309484 0.86487185 0.7935782998 0.2018839268 
3.7875 0.8903751905 0.7495220987 1.2617747866 1.4000043051 0.0516515995 0.5684846091 2.3902392546 1.9358910159 0.1367537585 0.0442727995 0.5740706339 0.7637057919 0.8764046627 0.8623357508 0.2213639976 
3.8125 1.0195284964 0.8369843466 1.1032754801 1.3511180027 0.0436940784 0.6366604829 2.1531470865 1.8662226382 0.1252563581 0.0436940784 0.6180284647 0.6226406175 0.8855764773 0.8636862834 0.1529292745 
3.8375 0.963161423 0.8765887048 1.157231262 1.2166501757 0.0431266309 0.7029321377 2.0542651844 1.7537311342 0.1178794577 0.0431266309 0.71063104 0.6684627787 0.8876631976 0.8194059868 0.1725065235 
3.8625 0.9980338917 0.9155739035 1.0287790116 1.1672108847 0.042570166 0.7853512402 1.985188741 1.7165762491 0.1381165386 0.042570166 0.7591679603 0.6811226559 0.9193894517 0.9024875191 0.9791138179 
3.8875 1.1066425903 0.9805693838 0.900022613 1.0937239777 0.0420244022 0.8311492872 1.9279861836 1.6401138406 0.1195360773 0.0420244022 0.8624341199 0.525305027 0.9439614601 1.0095195275 0.8404880432 
3.9125 1.0556662538 0.9895910735 0.9335040018 1.0811743467 0.0484039112 0.8991551522 1.9260146762 1.550195441 0.1240062106 0.5393578677 0.79843404 0.5186133343 0.9349279475 1.0252409382 0.6638250679 
3.9375 1.0400277974 1.053227275 1.0240973935 1.0778056124 0.0375502378 0.9756487366 1.7637232889 1.4767838424 0.1606695022 0.3686750617 0.763293924 0.4198799314 0.9591013456 0.9917814313 0.5120486968 
3.9625 0.9303185693 1.1099404638 1.284244112 1.0357846358 0.0438193529 1.0415972543 1.6440122351 1.4210953219 0.1285367685 0.4247106512 0.8629041803 0.5258322348 1.008719007 1.022900997 1.5774967045 
3.9875 0.947537485 1.0749113765 1.0884476263 1.0013866099 0.0399430322 1.1092525216 1.6274566546 1.377137124 0.1673169236 0.3195442573 0.8037425693 0.6191169984 1.0164268874 1.0172158856 1.2182624808 
4.0125 1.21408644 1.1622211348 0.8316711263 0.9509613283 0.0394468518 1.1568738949 1.5314144482 1.3282777711 0.193289574 0.3155748147 0.8717754257 0.5917027776 1.0081641334 1.0409585903 0.9072775924 
4.0375 1.3787461529 1.2377691784 0.8116637478 0.8999727636 0.0357132049 1.2315548403 1.5086123526 1.2822699962 0.1623327496 0.2532390893 0.977459596 0.730497373 1.0095702164 1.0930405137 0.8765968476 
4.0625 1.3960353076 1.257215666 0.718327509 0.8594275554 0.0384818308 1.272769927 1.5042120099 1.2545076853 0.1718855111 0.2886137313 1.0526918614 0.7696366168 1.0274363783 1.1356415856 0.8658411939 
4.0875 1.4634830237 1.2608902319 0.6145361615 0.7974187442 0.0380125461 1.3202461186 1.332128559 1.1993192931 0.1562738005 0.9693199248 1.1133452382 0.9503136518 1.0594706668 1.218935644 1.1783889282 
4.1125 1.4165371035 1.3348967225 0.6571563882 0.7995750425 0.0312931613 1.3538302442 1.2041608485 1.1380511476 0.1881762102 0.3004143489 1.0664709386 1.0138984275 1.0826413899 1.3126438078 1.0138984275 
4.1375 1.3644323072 1.3861423077 0.5286659921 0.8530106509 0.0340077539 1.411131709 1.2345845197 1.1022634409 0.1990999409 0.3338943108 1.083713757 1.0480571423 1.091362639 1.4052416119 1.0202326164 
4.1625 1.3806742809 1.3403537046 0.522334739 0.7812960164 0.0641463715 1.4712711315 1.1558565219 1.0719209383 0.1645405338 0.5131709717 1.1130922743 0.833902829 1.1056979059 1.3627540248 0.9713593392 
4.1875 1.4809425928 1.3870422473 0.4738613867 0.8112989856 0.069419184 1.557958762 1.1042680638 1.0365346145 0.1943737153 0.0905467618 1.1046704938 0.7243740943 1.1373925285 1.3722864787 0.9054676179 
4.2125 1.4196734123 1.3874623348 0.7336967635 0.7606056059 0.0626326505 1.5951950638 0.9874087066 0.9992238535 0.1606577195 0.053685129 1.2045352285 0.6979066775 1.1615075917 1.4622238479 1.0200174517 
4.2375 1.4088664044 1.4628369259 0.6926435252 0.7267680903 0.0471587081 1.6354989292 0.9875819454 0.9559943441 0.1949226601 0.1061070932 1.2666043016 1.0610709322 1.1647851576 1.4127962967 1.1494935099 
4.2625 1.5924109783 1.5341520401 0.7049331526 0.726165299 0.0611718851 1.6533455122 0.9570001587 0.9327989642 0.1895357457 0.0699107259 1.2094555577 1.1010939326 1.1624513832 1.3694734413 1.1360492955 
4.2875 1.468328668 1.5389619948 0.5671779365 0.7517586862 0.0575815164 1.6603267702 0.9639145844 0.9108969364 0.166218644 0.0690978197 1.2218797779 0.9760067029 1.1774609696 1.4310926208 1.3646819385 
4.3125 1.3868493398 1.6110977557 0.6260742574 0.7449651265 0.0626074257 1.7012018569 0.8753656435 0.8782072196 0.1976876898 0.4439435643 1.189541089 0.8793497524 1.190257807 1.4365558415 1.007410396 
4.3375 1.4721796781 1.6152092791 0.5991865059 0.676139932 0.0647008903 1.7433274607 0.8514262087 0.8572607496 0.2347985932 0.2531773969 1.2883916418 0.9029993822 1.2004151011 1.3919130663 1.6709708193 
4.3625 1.3496794966 1.6223345304 0.5255963424 0.6656935685 0.0583995936 1.7558357954 0.8594937014 0.8478591016 0.241755778 0.2669695708 1.2484535343 0.8342799086 1.1631303891 1.4542425784 1.9522149861 
4.3875 1.3911619206 1.6862568735 0.5086263939 0.6314909799 0.0494879735 1.7342215135 0.8860180137 0.8273411623 0.3075585906 0.2639358585 1.3321429301 0.8165515621 1.2177870171 1.4857389366 1.6166071331 
4.4125 1.3192652417 1.5925416132 0.6387925792 0.6457392598 0.0489287933 1.7297033169 0.8114930978 0.7894811814 0.3464883437 0.5708359219 1.3334002264 0.8644086817 1.2219392271 1.5341894967 1.3863158103 
4.4375 1.2381449941 1.635211464 0.5187307899 0.6061116932 0.0967580748 1.7450537789 0.7952080295 0.7685856226 0.3522710649 0.6934328694 1.2675307798 0.9353280564 1.2184031614 1.439545135 1.2417286265 
4.4625 1.2827803884 1.6845056279 0.5448273059 0.6041824758 0.0664423544 1.7818756679 0.7962451748 0.7427684307 0.298370466 0.7175774272 1.2944742428 0.8212275001 1.1919384329 1.4936241263 1.6902934953 
4.4875 1.5190791071 1.7129792469 0.5177484154 0.6120703207 0.0604477845 1.7609247553 0.7463987308 0.7507439629 0.2813888173 0.6780664527 1.3333554792 0.8909477808 1.2282834075 1.4784301621 1.4192088544 
4.5125 1.3411481646 1.6696774825 0.4366528908 0.5975675672 0.1195597201 1.7673737536 0.6889412277 0.7433880697 0.3101621724 0.2807054298 1.4541234364 1.083834854 1.2501364563 1.4738767814 1.091632227 
4.5375 1.2595757882 1.6610405791 0.4601307471 0.5707791962 0.1310987045 1.7676941831 0.7235277521 0.7306339302 0.3225199501 0.215927278 1.4573377555 0.9022675544 1.2577249829 1.5166320715 0.8791324889 
4.5625 1.1593661063 1.6211915718 0.4576445156 0.6044297566 0.1296659461 1.7939062354 0.7101964891 0.7138350455 0.3271310797 0.1830578063 1.3932733032 1.052582386 1.2758903099 1.4763273079 0.9152890313 
4.5875 1.2305922344 1.6356482069 0.425006991 0.5578461255 0.1534048903 1.7430223159 0.6665987362 0.6969853855 0.3755485838 0.1659790616 1.33252685 1.1467644255 1.2555542931 1.4887818858 1.3580105039 
4.6125 1.268700039 1.6649545871 0.4378258958 0.5191995977 0.3656841289 1.6948432068 0.6637042557 0.6865316429 0.5078117019 0.1791105937 1.388770474 1.343329453 1.2485556253 1.4285728282 1.343329453 
4.6375 1.3239633932 1.683145201 0.5020232941 0.5054138654 0.1796455905 1.6697068723 0.6493490843 0.6726893394 0.4820079863 0.162419301 1.5057417625 1.0557254567 1.2713840182 1.4640705479 1.0631081522 
4.6625 1.2156664387 1.6275972025 0.4820466386 0.5244624146 0.1119906332 1.6644585317 0.6170846195 0.6637924681 0.4430933748 0.1606822129 1.3987467782 1.0663455944 1.246389022 1.5195018957 0.6427288514 
4.6875 1.2717827505 1.5464792605 0.4913706082 0.5261626447 0.1252513315 1.6687616715 0.6082718509 0.654575591 0.4656780273 0.2601373808 1.3639548842 1.4090774793 1.2563101074 1.4458499856 0.650343452 
4.7125 1.3059886787 1.6143206368 0.3407963158 0.5232428283 0.1072435959 1.6567237837 0.6088258658 0.6324953659 0.4461333588 0.6291624291 1.4133911539 1.3727180272 1.2923038662 1.4823448141 0.8150513287 
4.7375 1.212065986 1.5629520146 0.2994793389 0.5186783022 0.1721416673 1.6210627095 0.6165658621 0.629554654 0.4357778097 0.5093506867 1.4469332471 1.1460390451 1.2941000931 1.441273795 0.8772150716 
4.7625 1.1744845728 1.555712413 0.3430117196 0.5563893804 0.1446716096 1.6344262135 0.5677971776 0.617846295 0.448326429 0.8680296578 1.4688057399 1.0430356372 1.2920816772 1.3776470698 0.6440220042 
4.7875 1.3454396166 1.5809685197 0.4271847753 0.5174451981 0.1200735585 1.5976967163 0.5467965124 0.6050612659 0.4313411677 0.9005516885 1.4301068694 1.0252434607 1.2715892468 1.3931611591 0.4572031649 
4.8125 1.4229045042 1.5959686923 0.4044766016 0.4963407789 0.1668180334 1.555004751 0.5316848736 0.6091236498 0.451246589 0.4935985646 1.4320452183 1.1585855197 1.2565164229 1.3260129341 0.4387542797 
4.8375 1.4594989075 1.6002219427 0.4478008012 0.4940383699 0.1583134146 1.5078540229 0.5488198371 0.5996007495 0.4930332053 0.5699282924 1.4429136927 0.7327649474 1.2519257296 1.3256109912 0.5563585712 
4.8625 1.5683892982 1.529291487 0.4857380748 0.5060828646 0.1857892175 1.4901605139 0.5640829255 0.607020878 0.465592256 0.4297774671 1.4549758 0.6245203818 1.2633335174 1.3537990213 0.3223331003 
4.8875 1.5331837422 1.5406674907 0.6292256977 0.5396176562 0.155090841 1.4857210213 0.5544866829 0.5997896202 0.479452257 0.425392021 1.4684887057 0.6912620341 1.2647009818 1.3532783667 0.6380880314 
4.9125 1.2676062534 1.5129399665 0.4912522504 0.5337494689 0.250012306 1.4678305337 0.5690338568 0.6018359912 0.4587945125 0.3684391878 1.5886746885 0.7829332741 1.2723173365 1.309128765 0.934256512 
4.9375 1.4704487836 1.5158937558 0.3864269933 0.5672420209 0.210581002 1.4493504808 0.608441603 0.596940455 0.6055470188 0.3777432407 1.4701593252 0.8401530698 1.2571500886 1.2765116409 0.7033839654 
4.9625 1.3238578432 1.4730545208 0.4255257353 0.5458764483 0.3116223819 1.4235005923 0.592583987 0.5904826253 0.5418647579 0.3739468583 1.5493721554 1.1734194519 1.2606386962 1.2439105838 0.6576306818 
4.9875 1.3347325027 1.4516102479 0.3489311325 0.5664220823 0.3319101016 1.3973383758 0.6096365884 0.5930127149 0.5120493448 0.3574416479 1.4930280896 0.8936041197 1.2792754625 1.2612583862 1.1744511288 
