# Radial distribution function (200 data points):
"Pair separation distance" g(r)
0.0125 0.0 
0.0375 0.0 
0.0625 0.0 
0.0875 0.0 
0.1125 0.0 
0.1375 0.0 
0.1625 0.0 
0.1875 0.0 
0.2125 0.0 
0.2375 0.0 
0.2625 0.0 
0.2875 0.0 
0.3125 0.0 
0.3375 0.0 
0.3625 0.0 
0.3875 0.0 
0.4125 0.0 
0.4375 0.0 
0.4625 0.0 
0.4875 0.0 
0.5125 0.0 
0.5375 0.0 
0.5625 0.0 
0.5875 0.0 
0.6125 0.0 
0.6375 0.0 
0.6625 0.0 
0.6875 0.0 
0.7125 0.0 
0.7375 0.0 
0.7625 0.0 
0.7875 0.0 
0.8125 0.0 
0.8375 0.0 
0.8625 0.0 
0.8875 0.0 
0.9125 0.0 
0.9375 0.0 
0.9625 0.0 
0.9875 0.0 
1.0125 0.0 
1.0375 0.0 
1.0625 0.0 
1.0875 0.0 
1.1125 0.0 
1.1375 0.0 
1.1625 0.0 
1.1875 0.0 
1.2125 0.0 
1.2375 0.0 
1.2625 0.0 
1.2875 0.0 
1.3125 0.0 
1.3375 0.0 
1.3625 0.0 
1.3875 0.0 
1.4125 0.0 
1.4375 0.0 
1.4625 0.0 
1.4875 0.0 
1.5125 0.0 
1.5375 0.0 
1.5625 0.0 
1.5875 0.0 
1.6125 0.0 
1.6375 0.0 
1.6625 0.0 
1.6875 0.0 
1.7125 0.0 
1.7375 0.0 
1.7625 0.0 
1.7875 0.0 
1.8125 0.0 
1.8375 0.0 
1.8625 0.0 
1.8875 0.0 
1.9125 0.0 
1.9375 0.0 
1.9625 0.0 
1.9875 0.0 
2.0125 0.0 
2.0375 0.0 
2.0625 0.0 
2.0875 0.0 
2.1125 0.0 
2.1375 0.0 
2.1625 0.0 
2.1875 5.308880939e-05 
2.2125 2.5947926605e-04 
2.2375 4.5668394016e-04 
2.2625 0.0012903145 
2.2875 0.0028643713 
2.3125 0.007600744 
2.3375 0.0122511562 
2.3625 0.0209142196 
2.3875 0.0383053106 
2.4125 0.0649265431 
2.4375 0.0965033388 
2.4625 0.1246124976 
2.4875 0.1502845768 
2.5125 0.1763439178 
2.5375 0.1941913275 
2.5625 0.2098999867 
2.5875 0.2204529288 
2.6125 0.224163414 
2.6375 0.2241702148 
2.6625 0.2242626611 
2.6875 0.2255790989 
2.7125 0.2232355641 
2.7375 0.2116850716 
2.7625 0.2170919888 
2.7875 0.2252959697 
2.8125 0.2388597058 
2.8375 0.2715380082 
2.8625 0.3158631929 
2.8875 0.3608434833 
2.9125 0.4305189381 
2.9375 0.4996203303 
2.9625 0.5930256897 
2.9875 0.6983901199 
3.0125 0.7928556977 
3.0375 0.8859742714 
3.0625 1.0013794625 
3.0875 1.1052574577 
3.1125 1.2246152448 
3.1375 1.3013076297 
3.1625 1.4019368165 
3.1875 1.4709823216 
3.2125 1.5371878777 
3.2375 1.5790281692 
3.2625 1.6151859094 
3.2875 1.6480673833 
3.3125 1.6797991112 
3.3375 1.6924727625 
3.3625 1.6862282944 
3.3875 1.6822744306 
3.4125 1.671132386 
3.4375 1.6447528623 
3.4625 1.626194454 
3.4875 1.6089580367 
3.5125 1.5506483958 
3.5375 1.5054832379 
3.5625 1.5028632473 
3.5875 1.4718447995 
3.6125 1.4294591471 
3.6375 1.3978779644 
3.6625 1.3725435032 
3.6875 1.3443369802 
3.7125 1.3133072128 
3.7375 1.3183838597 
3.7625 1.2990647467 
3.7875 1.2711163473 
3.8125 1.2569125986 
3.8375 1.2190000979 
3.8625 1.228140775 
3.8875 1.2132865148 
3.9125 1.1878319809 
3.9375 1.1781707982 
3.9625 1.1802102268 
3.9875 1.1726235722 
4.0125 1.1633823333 
4.0375 1.1639647742 
4.0625 1.1656454416 
4.0875 1.155991936 
4.1125 1.1455324848 
4.1375 1.1523360455 
4.1625 1.1465045919 
4.1875 1.159889531 
4.2125 1.1555902975 
4.2375 1.1501867429 
4.2625 1.1460325471 
4.2875 1.1434998178 
4.3125 1.1429361213 
4.3375 1.1432140963 
4.3625 1.1343136607 
4.3875 1.1379726505 
4.4125 1.1186492155 
4.4375 1.1092474705 
4.4625 1.1042017666 
4.4875 1.112438976 
4.5125 1.1128161301 
4.5375 1.1085459677 
4.5625 1.1081099205 
4.5875 1.0848270753 
4.6125 1.0720067553 
4.6375 1.0677503911 
4.6625 1.0530820081 
4.6875 1.0468101628 
4.7125 1.0473323778 
4.7375 1.0355948379 
4.7625 1.0332633033 
4.7875 1.0153401631 
4.8125 1.0041440133 
4.8375 0.9911161563 
4.8625 0.9904866395 
4.8875 0.9899935808 
4.9125 0.9872959648 
4.9375 0.9814394623 
4.9625 0.9702915185 
4.9875 0.9686923974 
