# Radial distribution function (200 data points):
"Pair separation distance" Cl-Cl Cl-F Cl-K Cl-Th F-F F-K F-Th K-K K-Th Th-Th
0.0125 0.0 0.0 0.0 0.0 0.0 0.0 0.0 0.0 0.0 0.0 
0.0375 0.0 0.0 0.0 0.0 0.0 0.0 0.0 0.0 0.0 0.0 
0.0625 0.0 0.0 0.0 0.0 0.0 0.0 0.0 0.0 0.0 0.0 
0.0875 0.0 0.0 0.0 0.0 0.0 0.0 0.0 0.0 0.0 0.0 
0.1125 0.0 0.0 0.0 0.0 0.0 0.0 0.0 0.0 0.0 0.0 
0.1375 0.0 0.0 0.0 0.0 0.0 0.0 0.0 0.0 0.0 0.0 
0.1625 0.0 0.0 0.0 0.0 0.0 0.0 0.0 0.0 0.0 0.0 
0.1875 0.0 0.0 0.0 0.0 0.0 0.0 0.0 0.0 0.0 0.0 
0.2125 0.0 0.0 0.0 0.0 0.0 0.0 0.0 0.0 0.0 0.0 
0.2375 0.0 0.0 0.0 0.0 0.0 0.0 0.0 0.0 0.0 0.0 
0.2625 0.0 0.0 0.0 0.0 0.0 0.0 0.0 0.0 0.0 0.0 
0.2875 0.0 0.0 0.0 0.0 0.0 0.0 0.0 0.0 0.0 0.0 
0.3125 0.0 0.0 0.0 0.0 0.0 0.0 0.0 0.0 0.0 0.0 
0.3375 0.0 0.0 0.0 0.0 0.0 0.0 0.0 0.0 0.0 0.0 
0.3625 0.0 0.0 0.0 0.0 0.0 0.0 0.0 0.0 0.0 0.0 
0.3875 0.0 0.0 0.0 0.0 0.0 0.0 0.0 0.0 0.0 0.0 
0.4125 0.0 0.0 0.0 0.0 0.0 0.0 0.0 0.0 0.0 0.0 
0.4375 0.0 0.0 0.0 0.0 0.0 0.0 0.0 0.0 0.0 0.0 
0.4625 0.0 0.0 0.0 0.0 0.0 0.0 0.0 0.0 0.0 0.0 
0.4875 0.0 0.0 0.0 0.0 0.0 0.0 0.0 0.0 0.0 0.0 
0.5125 0.0 0.0 0.0 0.0 0.0 0.0 0.0 0.0 0.0 0.0 
0.5375 0.0 0.0 0.0 0.0 0.0 0.0 0.0 0.0 0.0 0.0 
0.5625 0.0 0.0 0.0 0.0 0.0 0.0 0.0 0.0 0.0 0.0 
0.5875 0.0 0.0 0.0 0.0 0.0 0.0 0.0 0.0 0.0 0.0 
0.6125 0.0 0.0 0.0 0.0 0.0 0.0 0.0 0.0 0.0 0.0 
0.6375 0.0 0.0 0.0 0.0 0.0 0.0 0.0 0.0 0.0 0.0 
0.6625 0.0 0.0 0.0 0.0 0.0 0.0 0.0 0.0 0.0 0.0 
0.6875 0.0 0.0 0.0 0.0 0.0 0.0 0.0 0.0 0.0 0.0 
0.7125 0.0 0.0 0.0 0.0 0.0 0.0 0.0 0.0 0.0 0.0 
0.7375 0.0 0.0 0.0 0.0 0.0 0.0 0.0 0.0 0.0 0.0 
0.7625 0.0 0.0 0.0 0.0 0.0 0.0 0.0 0.0 0.0 0.0 
0.7875 0.0 0.0 0.0 0.0 0.0 0.0 0.0 0.0 0.0 0.0 
0.8125 0.0 0.0 0.0 0.0 0.0 0.0 0.0 0.0 0.0 0.0 
0.8375 0.0 0.0 0.0 0.0 0.0 0.0 0.0 0.0 0.0 0.0 
0.8625 0.0 0.0 0.0 0.0 0.0 0.0 0.0 0.0 0.0 0.0 
0.8875 0.0 0.0 0.0 0.0 0.0 0.0 0.0 0.0 0.0 0.0 
0.9125 0.0 0.0 0.0 0.0 0.0 0.0 0.0 0.0 0.0 0.0 
0.9375 0.0 0.0 0.0 0.0 0.0 0.0 0.0 0.0 0.0 0.0 
0.9625 0.0 0.0 0.0 0.0 0.0 0.0 0.0 0.0 0.0 0.0 
0.9875 0.0 0.0 0.0 0.0 0.0 0.0 0.0 0.0 0.0 0.0 
1.0125 0.0 0.0 0.0 0.0 0.0 0.0 0.0 0.0 0.0 0.0 
1.0375 0.0 0.0 0.0 0.0 0.0 0.0 0.0 0.0 0.0 0.0 
1.0625 0.0 0.0 0.0 0.0 0.0 0.0 0.0 0.0 0.0 0.0 
1.0875 0.0 0.0 0.0 0.0 0.0 0.0 0.0 0.0 0.0 0.0 
1.1125 0.0 0.0 0.0 0.0 0.0 0.0 0.0 0.0 0.0 0.0 
1.1375 0.0 0.0 0.0 0.0 0.0 0.0 0.0 0.0 0.0 0.0 
1.1625 0.0 0.0 0.0 0.0 0.0 0.0 0.0 0.0 0.0 0.0 
1.1875 0.0 0.0 0.0 0.0 0.0 0.0 0.0 0.0 0.0 0.0 
1.2125 0.0 0.0 0.0 0.0 0.0 0.0 0.0 0.0 0.0 0.0 
1.2375 0.0 0.0 0.0 0.0 0.0 0.0 0.0 0.0 0.0 0.0 
1.2625 0.0 0.0 0.0 0.0 0.0 0.0 0.0 0.0 0.0 0.0 
1.2875 0.0 0.0 0.0 0.0 0.0 0.0 0.0 0.0 0.0 0.0 
1.3125 0.0 0.0 0.0 0.0 0.0 0.0 0.0 0.0 0.0 0.0 
1.3375 0.0 0.0 0.0 0.0 0.0 0.0 0.0 0.0 0.0 0.0 
1.3625 0.0 0.0 0.0 0.0 0.0 0.0 0.0 0.0 0.0 0.0 
1.3875 0.0 0.0 0.0 0.0 0.0 0.0 0.0 0.0 0.0 0.0 
1.4125 0.0 0.0 0.0 0.0 0.0 0.0 0.0 0.0 0.0 0.0 
1.4375 0.0 0.0 0.0 0.0 0.0 0.0 0.0 0.0 0.0 0.0 
1.4625 0.0 0.0 0.0 0.0 0.0 0.0 0.0 0.0 0.0 0.0 
1.4875 0.0 0.0 0.0 0.0 0.0 0.0 0.0 0.0 0.0 0.0 
1.5125 0.0 0.0 0.0 0.0 0.0 0.0 0.0 0.0 0.0 0.0 
1.5375 0.0 0.0 0.0 0.0 0.0 0.0 0.0 0.0 0.0 0.0 
1.5625 0.0 0.0 0.0 0.0 0.0 0.0 0.0 0.0 0.0 0.0 
1.5875 0.0 0.0 0.0 0.0 0.0 0.0 0.0 0.0 0.0 0.0 
1.6125 0.0 0.0 0.0 0.0 0.0 0.0 0.0 0.0 0.0 0.0 
1.6375 0.0 0.0 0.0 0.0 0.0 0.0 0.0 0.0 0.0 0.0 
1.6625 0.0 0.0 0.0 0.0 0.0 0.0 0.0 0.0 0.0 0.0 
1.6875 0.0 0.0 0.0 0.0 0.0 0.0 0.0 0.0 0.0 0.0 
1.7125 0.0 0.0 0.0 0.0 0.0 0.0 0.0 0.0 0.0 0.0 
1.7375 0.0 0.0 0.0 0.0 0.0 0.0 0.0 0.0 0.0 0.0 
1.7625 0.0 0.0 0.0 0.0 0.0 0.0 0.0 0.0 0.0 0.0 
1.7875 0.0 0.0 0.0 0.0 0.0 0.0 0.0 0.0 0.0 0.0 
1.8125 0.0 0.0 0.0 0.0 0.0 0.0 0.0 0.0 0.0 0.0 
1.8375 0.0 0.0 0.0 0.0 0.0 0.0 0.0 0.0 0.0 0.0 
1.8625 0.0 0.0 0.0 0.0 0.0 0.0 0.0 0.0 0.0 0.0 
1.8875 0.0 0.0 0.0 0.0 0.0 0.0 0.0 0.0 0.0 0.0 
1.9125 0.0 0.0 0.0 0.0 0.0 0.0 0.0154358002 0.0 0.0 0.0 
1.9375 0.0 0.0 0.0 0.0 0.0 0.0 0.1709094597 0.0 0.0 0.0 
1.9625 0.0 0.0 0.0 0.0 0.0 0.0 0.6156902948 0.0 0.0 0.0 
1.9875 0.0 0.0 0.0 0.0 0.0 0.0 1.9048444002 0.0 0.0 0.0 
2.0125 0.0 0.0 0.0 0.0 0.0 0.0 5.1780535262 0.0 0.0 0.0 
2.0375 0.0 0.0 0.0 0.0 0.0 0.0 10.1616406586 0.0 0.0 0.0 
2.0625 0.0 0.0 0.0 0.0 0.0 0.0 16.45278024 0.0 0.0 0.0 
2.0875 0.0 0.0 0.0 0.0 0.0041224502 0.0 22.0056393401 0.0 0.0 0.0 
2.1125 0.0 0.0 0.0 0.0 0.0080509119 0.012881459 25.1050434496 0.0 0.0 0.0 
2.1375 0.0 0.0 0.0 0.0 0.0235910697 0.0104849199 25.965904023 0.0 0.0 0.0 
2.1625 0.0 0.0 0.0 0.0 0.0364938865 0.0338048632 24.6127941004 0.0 0.0 0.0 
2.1875 0.0 0.0 0.0 0.0 0.0750831917 0.0770854101 20.9385569315 0.0 0.0 0.0 
2.2125 0.0 0.0 0.0 0.0 0.0825705009 0.1448347749 16.7175119477 0.0 0.0 0.0 
2.2375 0.0 0.0 0.0 0.0 0.0825298034 0.2373030868 13.5348877522 0.0 0.0 0.0 
2.2625 0.0 0.0 0.0 0.0 0.1035270888 0.3500034461 10.7437555135 0.0 0.0 0.0 
2.2875 0.0 0.0 0.0 0.0 0.2231518075 0.5154234568 8.6739843227 0.0 0.0 0.0 
2.3125 0.0 0.0012215554 0.0 8.3763800035e-04 0.3359277397 0.7677068612 7.3472195645 0.0 0.0 0.0 
2.3375 0.0 4.7822634695e-04 0.0 0.0084714381 0.3386440319 0.9705603711 6.0439270498 0.0 0.0 0.0 
2.3625 0.0 4.6815879965e-04 0.0 0.0296946439 0.4248541107 1.1329442951 5.5414953917 0.0 0.0 0.0 
2.3875 0.0 6.8760877168e-04 0.0 0.0932528468 0.5814591676 1.2984345639 4.7849384691 0.0 0.0 0.0 
2.4125 0.0 0.0044895452 0.0 0.2360218044 0.6589810551 1.671682152 4.1439303822 0.0 0.0 0.0 
2.4375 0.0 0.0046178213 0.001876448 0.5752485943 0.699957256 1.999589915 3.6628432774 0.0 0.0 0.0 
2.4625 0.0 0.0092645244 0.001378906 1.1442457109 0.7776544825 2.1345751483 3.2214998207 0.0 0.0 0.0 
2.4875 0.0 0.0219590925 0.0054053151 2.0873203263 0.8709736188 2.2831121795 2.8642589579 0.0 0.0 0.0 
2.5125 0.0 0.0231799866 0.013907992 3.2967617701 1.0244726228 2.4481101342 2.4465381921 0.0 0.0 0.0 
2.5375 2.3610900552e-04 0.0322620821 0.0320321217 4.923779255 1.0253102737 2.5176598395 2.0892814207 0.0 0.0 0.0 
2.5625 4.6304902018e-04 0.049741594 0.0524210078 6.6022728263 1.1449271391 2.6365697686 1.8767503403 0.0 0.0 0.0 
2.5875 2.2707225421e-04 0.0692747776 0.0813864804 8.2295648016 1.2718263738 2.6116265904 1.6129732915 0.0 0.0 0.0 
2.6125 2.2274720044e-04 0.0991573084 0.1415001591 9.6586765975 1.4318468478 2.6285619829 1.383717542 0.0 0.0 0.0 
2.6375 1.0927227447e-04 0.1335341342 0.2153574409 10.8426389986 1.5055457144 2.6767552622 1.1429014024 0.0 0.0 0.0 
2.6625 5.3614931037e-04 0.1878030506 0.3037285843 11.2950383733 1.5965102316 2.616587351 0.91156752 0.0 0.0 0.0 
2.6875 9.4719763047e-04 0.2389536245 0.4412713109 11.4418654721 1.5134709361 2.578745549 0.6836290835 0.0 0.0 0.0 
2.7125 0.0012397578 0.3150082513 0.5606460271 10.9778523771 1.6541706543 2.5138510785 0.6424844165 0.0 0.0 0.0 
2.7375 0.0035502173 0.3776226716 0.6977360487 10.2470683965 1.6468689574 2.3888789108 0.5568327978 0.0 0.0 0.0 
2.7625 0.0048807517 0.4603563596 0.8946218642 9.3430109478 1.7490203268 2.2610933036 0.4909766732 0.0 0.0 0.0 
2.7875 0.0060653686 0.5708447322 1.068939689 8.3335404168 1.730504456 2.2065376791 0.402281597 0.0 0.0 0.0 
2.8125 0.0087448354 0.6738808633 1.2695386931 7.4900819764 1.7282649224 2.196554314 0.342603296 0.0 0.0 0.0 
2.8375 0.0123678702 0.7876551274 1.4582600079 6.4855789311 1.7648813513 2.0860257961 0.3410552729 0.0 0.0 0.0 
2.8625 0.01938879 0.9396228557 1.6368220579 5.7264353812 1.9336969594 2.037470568 0.2969136245 0.0 0.0 0.0 
2.8875 0.0371973187 1.0810613194 1.8576474664 4.8760917904 1.8885078836 1.9040928317 0.2770201443 0.0 0.0 0.0 
2.9125 0.0526915486 1.1864139526 2.0005314225 4.1069580078 1.9303484837 1.9506084952 0.2093568138 0.0 0.0 0.0 
2.9375 0.0604315752 1.3726765833 2.2016121402 3.512522387 1.8778536648 1.8070698238 0.2391185218 0.0 0.0 0.0 
2.9625 0.0860058761 1.5359854808 2.315619437 3.1183316675 1.7521369557 1.7483160963 0.2087826746 0.0 0.0 0.0 
2.9875 0.106375655 1.6536958966 2.5262301765 2.6365783411 1.8235741021 1.6719450561 0.1483702675 0.0 0.0 0.0 
3.0125 0.1505184178 1.7819879255 2.6870231891 2.2315261855 1.7548326926 1.5397922811 0.1515736562 0.0033783581 0.0 0.0 
3.0375 0.1934466614 1.9193021012 2.7390388512 1.8821209078 1.7873978731 1.4636672779 0.1552082187 0.0088612705 0.0 0.0 
3.0625 0.2362556067 2.046759215 2.7358102075 1.5971133733 1.770785224 1.3719355649 0.1379086383 0.0054482425 0.0 0.0 
3.0875 0.2983112102 2.223167583 2.7441680916 1.3559820526 1.7073614552 1.3553359367 0.1270694744 0.0032162217 0.0 0.0 
3.1125 0.3588998495 2.3331138421 2.746151414 1.1944926359 1.6568648408 1.2312907155 0.107022687 0.0042196844 0.0 0.0 
3.1375 0.4124306971 2.4232282212 2.7791517559 1.0760296701 1.8148828682 1.2375390337 0.0870747508 0.00311453 0.0 0.0 
3.1625 0.4891599326 2.5008073545 2.8012943894 0.9123296366 1.8177358095 1.1414135531 0.082624355 0.0020436555 0.0 0.0 
3.1875 0.5971079709 2.5939238873 2.7468263477 0.8101924813 1.7301023548 1.084445012 0.0884058434 0.0020117241 0.0 0.0 
3.2125 0.6905275066 2.6092847804 2.7045108253 0.7015627938 1.6762986803 1.0314255916 0.0835538283 0.0029708028 0.0 0.0 
3.2375 0.7598972152 2.7005228939 2.6135759871 0.6141283411 1.5776681607 0.9652826813 0.0866756466 0.001950066 0.0 0.0 
3.2625 0.8599190333 2.7384655808 2.5045442388 0.534892451 1.6033709838 0.945145001 0.0795657781 0.0019202946 0.0 0.0 
3.2875 0.9555560476 2.7517359946 2.455379077 0.4642035856 1.4934753055 1.0052908901 0.0935574005 0.0018911998 0.0 0.0 
3.3125 1.0520290476 2.6932114211 2.3646060504 0.4342259741 1.2982936484 0.9696545416 0.0589389298 0.0018627612 0.0 0.0 
3.3375 1.1612108058 2.7330077468 2.2899041604 0.3859223358 1.3006887164 0.8992734387 0.0691181676 9.17479676e-04 0.0029490418 0.0 
3.3625 1.2712768728 2.6992216106 2.219003058 0.3316064393 1.1932376025 0.8779008654 0.0680942136 0.0018077753 0.0038738041 0.0 
3.3875 1.3479713568 2.6696609487 2.1213982691 0.3263396042 1.1208978181 0.8044581361 0.083642415 0.0017811908 0.0019084187 0.0 
3.4125 1.4505545039 2.6523416356 2.0662557728 0.2682361129 1.2626558688 0.795594038 0.096966329 0.0017551885 0.0056416773 0.0 
3.4375 1.5256407662 2.6227478993 1.9914942778 0.2519652538 1.1386967214 0.7374416862 0.0894798873 8.6487571777e-04 0.008339873 0.0 
3.4625 1.614900114 2.5862099073 1.9245969969 0.2311529021 1.1088271451 0.7196388066 0.1117389517 0.0085243168 0.0082198769 0.0 
3.4875 1.7123271396 2.5221951284 1.8898846768 0.2089450527 1.0907715144 0.7455943946 0.0911525862 0.0067220343 0.0067520434 0.0 
3.5125 1.7913005448 2.4481917384 1.8430852359 0.1833500205 1.0490907707 0.6783295217 0.0719709342 0.0372751197 0.0093187799 0.0 
3.5375 1.871644471 2.4215410213 1.7653424516 0.2051086619 1.0443639531 0.6825570414 0.1037698891 0.0261334235 0.0070000241 0.0 
3.5625 1.900990218 2.339393322 1.6727923312 0.1817689861 1.0361273393 0.6782953839 0.1015097432 0.0185206976 0.0116473331 0.0 
3.5875 1.946939694 2.2739102724 1.6181578624 0.1885257241 0.9847478052 0.6856245527 0.1000999085 0.016675342 0.0297773964 0.0 
3.6125 1.9695383008 2.1725670292 1.5901790397 0.185238917 0.9367512152 0.6802057318 0.0963594196 0.0172284524 0.0398547804 0.0 
3.6375 2.0240229286 2.1310559738 1.474130141 0.1681440037 1.0019873271 0.6632848359 0.0958152806 0.0239439067 0.0571012522 0.0 
3.6625 2.0494139475 2.0459607148 1.4303868543 0.1619604108 0.9521957268 0.6453324626 0.1170873588 0.0540931693 0.051018457 0.0087460212 
3.6875 2.0716965641 1.9695030132 1.4061381646 0.1607600692 0.8587390565 0.6461240737 0.1336235719 0.0420884893 0.0736816984 0.0276090673 
3.7125 2.0444956521 1.9133969185 1.3159797682 0.1405103254 0.8126723288 0.5693268215 0.1161891472 0.0474554876 0.0985125078 0.0314944941 
3.7375 2.0578311569 1.8606683654 1.2639151514 0.1397057866 0.8397746097 0.5881422994 0.1473417714 0.0841346419 0.1352163887 0.0503912008 
3.7625 2.0348712122 1.800953783 1.2109477632 0.1416524945 0.7905821638 0.6270513641 0.1493785148 0.0721915584 0.1519890131 0.0803867736 
3.7875 2.0195427511 1.7212456173 1.1821909684 0.144784843 0.8634575496 0.6131237365 0.1313120981 0.0890521041 0.1744149067 0.1079529588 
3.8125 2.0460161612 1.5951080197 1.1327969497 0.1306678302 0.8157108801 0.6149965666 0.1285362599 0.0928097713 0.2011380594 0.1259130709 
3.8375 2.000810857 1.5496402551 1.131334089 0.1409351482 0.7002081476 0.5839134146 0.1338376947 0.1276910747 0.2122814547 0.1370243065 
3.8625 2.0126986473 1.510641741 1.0806795317 0.1249047382 0.6821423195 0.6081683098 0.1434640511 0.1486490934 0.2939464873 0.1344699019 
3.8875 1.9267883509 1.4529771401 1.0583411602 0.1426683773 0.7043031557 0.5575782845 0.1586061838 0.173116593 0.3412580161 0.1894152774 
3.9125 1.8746338408 1.4147524072 1.069439931 0.1441674061 0.6789014949 0.5651840275 0.1693272033 0.14620929 0.3583701285 0.2705403237 
3.9375 1.8295278482 1.3430807119 1.0176110253 0.1462911354 0.7247668181 0.5697713883 0.1946615914 0.1562236518 0.4173968274 0.2648457026 
3.9625 1.786666069 1.3005584323 0.9897224707 0.1549115939 0.7545506356 0.5378914412 0.1994046952 0.1783411668 0.5300024248 0.2973791801 
3.9875 1.7416245087 1.2228392436 0.9753352221 0.1448052768 0.7146136303 0.56912997 0.2114384767 0.1761119314 0.5516123191 0.3054674962 
4.0125 1.703606599 1.1723493832 0.9510147102 0.1663771851 0.7537154852 0.5858636232 0.2091307427 0.2018536729 0.6988027254 0.381827558 
4.0375 1.6528709468 1.1242145997 0.9277328456 0.1496678166 0.7763688815 0.5706963304 0.24086878 0.1924655252 0.7858934313 0.3792727457 
4.0625 1.611495772 1.088967531 0.906216888 0.1494599228 0.8283428324 0.5851735962 0.2543962594 0.2204463495 0.8250151552 0.4876446635 
4.0875 1.5637720759 1.0415934062 0.886157225 0.1609532153 0.860712344 0.5900798681 0.283243252 0.2226514514 0.8831127277 0.6495196977 
4.1125 1.5127264984 0.9963687445 0.8755808573 0.1624454281 0.9033888771 0.5840604709 0.2931632335 0.2664811305 1.0358838892 0.738067271 
4.1375 1.4492979586 0.9712375534 0.8582750296 0.1733971178 0.9255605397 0.5661100444 0.2992255972 0.2925228373 1.1452524929 0.6914826856 
4.1625 1.405793537 0.9440726422 0.9041380678 0.1906242524 1.0316368879 0.5988678054 0.3291166066 0.2990468229 1.2531907223 0.8362278701 
4.1875 1.3571092853 0.9083953579 0.8807381764 0.1882697916 1.0675061098 0.6299856914 0.3629579315 0.3088915099 1.3397440722 0.8985299576 
4.2125 1.3374935542 0.8841717294 0.8651321084 0.1758603823 1.1070092897 0.5990437101 0.3693646516 0.3726183258 1.3846691153 1.0102055043 
4.2375 1.3013117528 0.8650386799 0.8461066364 0.1843519944 1.0434633668 0.6245440055 0.4070378946 0.3534369494 1.5860757511 0.9323323846 
4.2625 1.2510318867 0.8530517607 0.8366709809 0.1908248878 1.0451016629 0.6146028322 0.4466294713 0.3577405074 1.7474201503 0.9491935633 
4.2875 1.2081182096 0.8362386374 0.8368735514 0.2026580608 0.9879961209 0.6069351706 0.4389232449 0.3374583871 1.7720734908 1.0185699728 
4.3125 1.1841377453 0.8132235896 0.8289972423 0.2028843924 1.0229398751 0.632116954 0.4677952484 0.3994992887 1.9293955135 0.9588521232 
4.3375 1.1337196131 0.7982513836 0.8117650608 0.2199171897 0.9930399988 0.6752671992 0.4899724829 0.3710065336 1.9598899317 1.0045760992 
4.3625 1.0898481151 0.7725840264 0.7871103086 0.2140302342 0.9392140759 0.6605019056 0.4552457603 0.431742709 2.0269583741 0.9456289726 
4.3875 1.0708296641 0.7826046435 0.7793242783 0.2348676844 0.9094105537 0.6393092424 0.4826015106 0.4300219427 2.0901000376 0.995827458 
4.4125 1.0545135309 0.7520204586 0.785191582 0.2388090819 0.9125134479 0.6527531317 0.5240724352 0.4325114858 2.0965709333 0.921909544 
4.4375 1.0063012278 0.7906121714 0.8030503577 0.2677457994 0.8849269751 0.6755854873 0.5533725974 0.457753566 2.0833014275 1.0706257265 
4.4625 0.9864309705 0.8120236518 0.7865198414 0.2774258716 0.8290323883 0.7151870266 0.5683247058 0.4972871246 2.2310288677 1.1423197714 
4.4875 0.9482925441 0.8279146061 0.7991647778 0.2827219894 0.7645120868 0.7072405863 0.5770479628 0.55519853 2.2138523258 1.2443962127 
4.5125 0.9321027296 0.8215254218 0.7721295269 0.3163351336 0.7635634156 0.7133061509 0.6110019706 0.6112977251 2.2735457264 1.227765393 
4.5375 0.9099347283 0.8449240621 0.7813109785 0.3271457492 0.6988946593 0.73129452 0.6027919694 0.6264205726 2.2841943281 1.2689757447 
4.5625 0.8914817987 0.8720298178 0.7931241112 0.3275872568 0.6839211113 0.7039712907 0.6711611591 0.6819247233 2.4133528467 1.386986554 
4.5875 0.881177839 0.8983719769 0.8134412357 0.3376488732 0.6700851721 0.7065628448 0.6563054407 0.7352138467 2.3977870915 1.3986688756 
4.6125 0.8724020004 0.9372964345 0.8047783699 0.3668440739 0.6088005325 0.7403554881 0.6817793956 0.7522444083 2.4035176428 1.2539612542 
4.6375 0.8489540729 0.9792195613 0.8092143934 0.3917121243 0.6306546976 0.7297217799 0.6885293482 0.708991385 2.4313876574 1.3539429302 
4.6625 0.845888776 1.0196511533 0.7926746991 0.4007103166 0.6796898068 0.7298505013 0.7177618802 0.7916703666 2.4650713274 1.2126398081 
4.6875 0.8134345673 1.0545288947 0.8124024802 0.4137079648 0.6634657583 0.7578416844 0.6790581672 0.7790624143 2.3112738663 1.2328431337 
4.7125 0.7919909935 1.0533124232 0.8134697016 0.4514196099 0.6511869909 0.8113007942 0.6871265036 0.7698980647 2.3361222551 1.2308911659 
4.7375 0.800114519 1.092287221 0.8186294165 0.4570462106 0.6695454637 0.786112275 0.7249454769 0.8091499395 2.3049454674 1.2147982249 
4.7625 0.7797048817 1.1186944819 0.7920548171 0.4805678518 0.619368849 0.7747126814 0.7347791935 0.8029301335 2.2810515155 1.0324215023 
4.7875 0.7803054168 1.1324075404 0.7747447568 0.4927603881 0.619187401 0.7773022596 0.7654186389 0.8453971981 2.2601571792 1.1153370988 
4.8125 0.7781272561 1.0860925418 0.7957796424 0.5044164128 0.5701097362 0.8106158933 0.8091236722 0.9006199749 2.3239645237 1.1767229584 
4.8375 0.7896276403 1.0960553973 0.7986524821 0.520463609 0.5592425585 0.8133134513 0.7685404157 0.9144812106 2.2677206238 1.1415306761 
4.8625 0.7870587285 1.0581245629 0.7885751264 0.5358392108 0.5421099426 0.8564349366 0.813409132 0.8791678441 2.2516403592 1.0553943947 
4.8875 0.7808414252 1.0452491114 0.7848456587 0.5500612022 0.5828285199 0.8908126573 0.8242323327 0.8864541863 2.1894727769 1.0343115105 
4.9125 0.7698587993 1.0484969482 0.8073684561 0.5821571472 0.5713285154 0.9008256426 0.8233085837 0.8672911608 2.2396148697 1.0904121656 
4.9375 0.7837529593 1.0272950478 0.7974411973 0.6157201503 0.5309240767 0.874827292 0.804254971 0.8878750306 2.1770185518 1.0664047962 
4.9625 0.7767403914 0.9895422254 0.8074223159 0.6236592831 0.5766515937 0.8948251591 0.8109700375 0.9341455922 2.1655880435 1.0566400371 
4.9875 0.7736484967 0.9686697147 0.7953144438 0.6643627177 0.5539138415 0.8982022275 0.8519688029 0.9765702434 2.1327075678 1.0871054718 
