# Radial distribution function (200 data points):
# "Pair separation distance" g(r)
0.0125 0.0 
0.0375 0.0 
0.0625 0.0 
0.0875 0.0 
0.1125 0.0 
0.1375 0.0 
0.1625 0.0 
0.1875 0.0 
0.2125 0.0 
0.2375 0.0 
0.2625 0.0 
0.2875 0.0 
0.3125 0.0 
0.3375 0.0 
0.3625 0.0 
0.3875 0.0 
0.4125 0.0 
0.4375 0.0 
0.4625 0.0 
0.4875 0.0 
0.5125 0.0 
0.5375 0.0 
0.5625 0.0 
0.5875 0.0 
0.6125 0.0 
0.6375 0.0 
0.6625 0.0 
0.6875 0.0 
0.7125 0.0 
0.7375 0.0 
0.7625 0.0 
0.7875 0.0 
0.8125 0.0 
0.8375 0.0 
0.8625 0.0 
0.8875 0.0 
0.9125 0.0 
0.9375 0.0 
0.9625 0.0 
0.9875 0.0 
1.0125 0.0 
1.0375 0.0 
1.0625 0.0 
1.0875 0.0 
1.1125 0.0 
1.1375 0.0 
1.1625 0.0 
1.1875 0.0 
1.2125 0.0 
1.2375 0.0 
1.2625 0.0 
1.2875 0.0 
1.3125 0.0 
1.3375 0.0 
1.3625 0.0 
1.3875 0.0 
1.4125 0.0 
1.4375 0.0 
1.4625 0.0 
1.4875 0.0 
1.5125 0.0 
1.5375 0.0 
1.5625 0.0 
1.5875 0.0 
1.6125 0.0 
1.6375 0.0 
1.6625 0.0 
1.6875 0.0 
1.7125 0.0 
1.7375 0.0 
1.7625 0.0 
1.7875 0.0 
1.8125 0.0 
1.8375 0.0 
1.8625 0.0 
1.8875 0.0 
1.9125 6.9152385057e-04 
1.9375 0.0076567438 
1.9625 0.0275829252 
1.9875 0.0853370291 
2.0125 0.231976798 
2.0375 0.4552415015 
2.0625 0.7370845548 
2.0875 0.9859581772 
2.1125 1.1255303599 
2.1375 1.1643797078 
2.1625 1.1052100526 
2.1875 0.9436695799 
2.2125 0.7580104093 
2.2375 0.6198662824 
2.2625 0.5007707059 
2.2875 0.4190475099 
2.3125 0.374949106 
2.3375 0.3274128862 
2.3625 0.3181719561 
2.3875 0.3060574147 
2.4125 0.3198962573 
2.4375 0.3677052345 
2.4625 0.4447626691 
2.4875 0.5864091181 
2.5125 0.7674165055 
2.5375 1.0099922777 
2.5625 1.2742379733 
2.5875 1.5232208339 
2.6125 1.7531195899 
2.6375 1.9470636517 
2.6625 2.0300717276 
2.6875 2.0703506394 
2.7125 2.0307072619 
2.7375 1.9424826544 
2.7625 1.8442385941 
2.7875 1.7302806579 
2.8125 1.6492216701 
2.8375 1.5423501169 
2.8625 1.4837883796 
2.8875 1.411101709 
2.9125 1.3397325812 
2.9375 1.309590996 
2.9625 1.2967778485 
2.9875 1.2796740048 
3.0125 1.2718758143 
3.0375 1.2612689368 
3.0625 1.2465469879 
3.0875 1.2576552626 
3.1125 1.2626693435 
3.1375 1.2853509625 
3.1625 1.2958947529 
3.1875 1.3155015813 
3.2125 1.3186353777 
3.2375 1.3216255584 
3.2625 1.3277396974 
3.2875 1.3407069934 
3.3125 1.3317369069 
3.3375 1.3492456115 
3.3625 1.3527672733 
3.3875 1.3490850611 
3.4125 1.362978467 
3.4375 1.3594354373 
3.4625 1.3653078542 
3.4875 1.3741245613 
3.5125 1.3689660454 
3.5375 1.3802612599 
3.5625 1.3553225026 
3.5875 1.3494163183 
3.6125 1.3320726171 
3.6375 1.3211764999 
3.6625 1.3051215152 
3.6875 1.2936573602 
3.7125 1.253152983 
3.7375 1.2449220054 
3.7625 1.2207502283 
3.7875 1.2000714975 
3.8125 1.1758576155 
3.8375 1.1527797545 
3.8625 1.1436698185 
3.8875 1.1090146493 
3.9125 1.0904709447 
3.9375 1.0611096046 
3.9625 1.0426953889 
3.9875 1.0134936351 
4.0125 1.0023748712 
4.0375 0.9768111271 
4.0625 0.9615377474 
4.0875 0.9452425754 
4.1125 0.9307125402 
4.1375 0.9101773458 
4.1625 0.9156008591 
4.1875 0.8993769709 
4.2125 0.8900164366 
4.2375 0.8816587148 
4.2625 0.8723215406 
4.2875 0.858000458 
4.3125 0.85566071 
4.3375 0.8413890412 
4.3625 0.8180114728 
4.3875 0.8189887349 
4.4125 0.8117070078 
4.4375 0.8159457315 
4.4625 0.8221056828 
4.4875 0.8172075766 
4.5125 0.8171326605 
4.5375 0.8181601168 
4.5625 0.8297204926 
4.5875 0.8360204547 
4.6125 0.8422651508 
4.6375 0.8496206816 
4.6625 0.8575426064 
4.6875 0.8519675402 
4.7125 0.8546627832 
4.7375 0.865911102 
4.7625 0.8575131617 
4.7875 0.8623252069 
4.8125 0.866206893 
4.8375 0.8696775269 
4.8625 0.8634128451 
4.8875 0.8611579412 
4.9125 0.8699855651 
4.9375 0.8682153897 
4.9625 0.8651200763 
4.9875 0.866369201 
