# Radial distribution function (200 data points):
"Pair separation distance" Al-Al Al-Be Al-Cl Al-F Al-K Be-Be Be-Cl Be-F Be-K Cl-Cl Cl-F Cl-K F-F F-K K-K
0.0125 0.0 0.0 0.0 0.0 0.0 0.0 0.0 0.0 0.0 0.0 0.0 0.0 0.0 0.0 0.0 
0.0375 0.0 0.0 0.0 0.0 0.0 0.0 0.0 0.0 0.0 0.0 0.0 0.0 0.0 0.0 0.0 
0.0625 0.0 0.0 0.0 0.0 0.0 0.0 0.0 0.0 0.0 0.0 0.0 0.0 0.0 0.0 0.0 
0.0875 0.0 0.0 0.0 0.0 0.0 0.0 0.0 0.0 0.0 0.0 0.0 0.0 0.0 0.0 0.0 
0.1125 0.0 0.0 0.0 0.0 0.0 0.0 0.0 0.0 0.0 0.0 0.0 0.0 0.0 0.0 0.0 
0.1375 0.0 0.0 0.0 0.0 0.0 0.0 0.0 0.0 0.0 0.0 0.0 0.0 0.0 0.0 0.0 
0.1625 0.0 0.0 0.0 0.0 0.0 0.0 0.0 0.0 0.0 0.0 0.0 0.0 0.0 0.0 0.0 
0.1875 0.0 0.0 0.0 0.0 0.0 0.0 0.0 0.0 0.0 0.0 0.0 0.0 0.0 0.0 0.0 
0.2125 0.0 0.0 0.0 0.0 0.0 0.0 0.0 0.0 0.0 0.0 0.0 0.0 0.0 0.0 0.0 
0.2375 0.0 0.0 0.0 0.0 0.0 0.0 0.0 0.0 0.0 0.0 0.0 0.0 0.0 0.0 0.0 
0.2625 0.0 0.0 0.0 0.0 0.0 0.0 0.0 0.0 0.0 0.0 0.0 0.0 0.0 0.0 0.0 
0.2875 0.0 0.0 0.0 0.0 0.0 0.0 0.0 0.0 0.0 0.0 0.0 0.0 0.0 0.0 0.0 
0.3125 0.0 0.0 0.0 0.0 0.0 0.0 0.0 0.0 0.0 0.0 0.0 0.0 0.0 0.0 0.0 
0.3375 0.0 0.0 0.0 0.0 0.0 0.0 0.0 0.0 0.0 0.0 0.0 0.0 0.0 0.0 0.0 
0.3625 0.0 0.0 0.0 0.0 0.0 0.0 0.0 0.0 0.0 0.0 0.0 0.0 0.0 0.0 0.0 
0.3875 0.0 0.0 0.0 0.0 0.0 0.0 0.0 0.0 0.0 0.0 0.0 0.0 0.0 0.0 0.0 
0.4125 0.0 0.0 0.0 0.0 0.0 0.0 0.0 0.0 0.0 0.0 0.0 0.0 0.0 0.0 0.0 
0.4375 0.0 0.0 0.0 0.0 0.0 0.0 0.0 0.0 0.0 0.0 0.0 0.0 0.0 0.0 0.0 
0.4625 0.0 0.0 0.0 0.0 0.0 0.0 0.0 0.0 0.0 0.0 0.0 0.0 0.0 0.0 0.0 
0.4875 0.0 0.0 0.0 0.0 0.0 0.0 0.0 0.0 0.0 0.0 0.0 0.0 0.0 0.0 0.0 
0.5125 0.0 0.0 0.0 0.0 0.0 0.0 0.0 0.0 0.0 0.0 0.0 0.0 0.0 0.0 0.0 
0.5375 0.0 0.0 0.0 0.0 0.0 0.0 0.0 0.0 0.0 0.0 0.0 0.0 0.0 0.0 0.0 
0.5625 0.0 0.0 0.0 0.0 0.0 0.0 0.0 0.0 0.0 0.0 0.0 0.0 0.0 0.0 0.0 
0.5875 0.0 0.0 0.0 0.0 0.0 0.0 0.0 0.0 0.0 0.0 0.0 0.0 0.0 0.0 0.0 
0.6125 0.0 0.0 0.0 0.0 0.0 0.0 0.0 0.0 0.0 0.0 0.0 0.0 0.0 0.0 0.0 
0.6375 0.0 0.0 0.0 0.0 0.0 0.0 0.0 0.0 0.0 0.0 0.0 0.0 0.0 0.0 0.0 
0.6625 0.0 0.0 0.0 0.0 0.0 0.0 0.0 0.0 0.0 0.0 0.0 0.0 0.0 0.0 0.0 
0.6875 0.0 0.0 0.0 0.0 0.0 0.0 0.0 0.0 0.0 0.0 0.0 0.0 0.0 0.0 0.0 
0.7125 0.0 0.0 0.0 0.0 0.0 0.0 0.0 0.0 0.0 0.0 0.0 0.0 0.0 0.0 0.0 
0.7375 0.0 0.0 0.0 0.0 0.0 0.0 0.0 0.0 0.0 0.0 0.0 0.0 0.0 0.0 0.0 
0.7625 0.0 0.0 0.0 0.0 0.0 0.0 0.0 0.0 0.0 0.0 0.0 0.0 0.0 0.0 0.0 
0.7875 0.0 0.0 0.0 0.0 0.0 0.0 0.0 0.0 0.0 0.0 0.0 0.0 0.0 0.0 0.0 
0.8125 0.0 0.0 0.0 0.0 0.0 0.0 0.0 0.0 0.0 0.0 0.0 0.0 0.0 0.0 0.0 
0.8375 0.0 0.0 0.0 0.0 0.0 0.0 0.0 0.0 0.0 0.0 0.0 0.0 0.0 0.0 0.0 
0.8625 0.0 0.0 0.0 0.0 0.0 0.0 0.0 0.0 0.0 0.0 0.0 0.0 0.0 0.0 0.0 
0.8875 0.0 0.0 0.0 0.0 0.0 0.0 0.0 0.0 0.0 0.0 0.0 0.0 0.0 0.0 0.0 
0.9125 0.0 0.0 0.0 0.0 0.0 0.0 0.0 0.0 0.0 0.0 0.0 0.0 0.0 0.0 0.0 
0.9375 0.0 0.0 0.0 0.0 0.0 0.0 0.0 0.0 0.0 0.0 0.0 0.0 0.0 0.0 0.0 
0.9625 0.0 0.0 0.0 0.0 0.0 0.0 0.0 0.0 0.0 0.0 0.0 0.0 0.0 0.0 0.0 
0.9875 0.0 0.0 0.0 0.0 0.0 0.0 0.0 0.0 0.0 0.0 0.0 0.0 0.0 0.0 0.0 
1.0125 0.0 0.0 0.0 0.0 0.0 0.0 0.0 0.0 0.0 0.0 0.0 0.0 0.0 0.0 0.0 
1.0375 0.0 0.0 0.0 0.0 0.0 0.0 0.0 0.0 0.0 0.0 0.0 0.0 0.0 0.0 0.0 
1.0625 0.0 0.0 0.0 0.0 0.0 0.0 0.0 0.0 0.0 0.0 0.0 0.0 0.0 0.0 0.0 
1.0875 0.0 0.0 0.0 0.0 0.0 0.0 0.0 0.0 0.0 0.0 0.0 0.0 0.0 0.0 0.0 
1.1125 0.0 0.0 0.0 0.0 0.0 0.0 0.0 0.0 0.0 0.0 0.0 0.0 0.0 0.0 0.0 
1.1375 0.0 0.0 0.0 0.0 0.0 0.0 0.0 0.0 0.0 0.0 0.0 0.0 0.0 0.0 0.0 
1.1625 0.0 0.0 0.0 0.0 0.0 0.0 0.0 0.0 0.0 0.0 0.0 0.0 0.0 0.0 0.0 
1.1875 0.0 0.0 0.0 0.0 0.0 0.0 0.0 0.0 0.0 0.0 0.0 0.0 0.0 0.0 0.0 
1.2125 0.0 0.0 0.0 0.0 0.0 0.0 0.0 0.0 0.0 0.0 0.0 0.0 0.0 0.0 0.0 
1.2375 0.0 0.0 0.0 0.0 0.0 0.0 0.0 0.0 0.0 0.0 0.0 0.0 0.0 0.0 0.0 
1.2625 0.0 0.0 0.0 0.0 0.0 0.0 0.0 9.6487598454e-04 0.0 0.0 0.0 0.0 0.0 0.0 0.0 
1.2875 0.0 0.0 0.0 0.0 0.0 0.0 0.0 0.0046388502 0.0 0.0 0.0 0.0 0.0 0.0 0.0 
1.3125 0.0 0.0 0.0 0.0 0.0 0.0 0.0 0.0142842252 0.0 0.0 0.0 0.0 0.0 0.0 0.0 
1.3375 0.0 0.0 0.0 0.0 0.0 0.0 0.0 0.126376281 0.0 0.0 0.0 0.0 0.0 0.0 0.0 
1.3625 0.0 0.0 0.0 0.0 0.0 0.0 0.0 0.6495002433 0.0 0.0 0.0 0.0 0.0 0.0 0.0 
1.3875 0.0 0.0 0.0 0.0 0.0 0.0 0.0 1.866936047 0.0 0.0 0.0 0.0 0.0 0.0 0.0 
1.4125 0.0 0.0 0.0 0.0 0.0 0.0 0.0 4.2997056101 0.0 0.0 0.0 0.0 0.0 0.0 0.0 
1.4375 0.0 0.0 0.0 0.0 0.0 0.0 0.0 8.1979697275 0.0 0.0 0.0 0.0 0.0 0.0 0.0 
1.4625 0.0 0.0 0.0 0.0 0.0 0.0 0.0 13.4228250348 0.0 0.0 0.0 0.0 0.0 0.0 0.0 
1.4875 0.0 0.0 0.0 4.6337546105e-04 0.0 0.0 0.0 18.8250914807 0.0 0.0 0.0 0.0 0.0 0.0 0.0 
1.5125 0.0 0.0 0.0 0.0076191315 0.0 0.0 0.0 23.3958878568 0.0 0.0 0.0 0.0 0.0 0.0 0.0 
1.5375 0.0 0.0 0.0 0.0316621386 0.0 0.0 0.0 25.9930977175 0.0 0.0 0.0 0.0 0.0 0.0 0.0 
1.5625 0.0 0.0 0.0 0.199480981 0.0 0.0 0.0 25.8779327383 0.0 0.0 0.0 0.0 0.0 0.0 0.0 
1.5875 0.0 0.0 0.0 0.7904848665 0.0 0.0 0.0 24.3486019201 0.0 0.0 0.0 0.0 0.0 0.0 0.0 
1.6125 0.0 0.0 0.0 2.3174199829 0.0 0.0 0.0 21.0093817741 0.0 0.0 0.0 0.0 0.0 0.0 0.0 
1.6375 0.0 0.0 0.0 5.4705970486 0.0 0.0 0.0 17.3415288073 0.0 0.0 0.0 0.0 0.0 0.0 0.0 
1.6625 0.0 0.0 0.0 10.1023217645 0.0 0.0 0.0 13.7668385474 0.0 0.0 0.0 0.0 0.0 0.0 0.0 
1.6875 0.0 0.0 0.0 15.8360383552 0.0 0.0 0.0 10.4201802068 0.0 0.0 0.0 0.0 0.0 0.0 0.0 
1.7125 0.0 0.0 0.0 21.0411454352 0.0 0.0 0.0 7.7047847119 0.0 0.0 0.0 0.0 0.0 0.0 0.0 
1.7375 0.0 0.0 0.0 24.5572893091 0.0 0.0 0.0 5.6761582727 0.0 0.0 0.0 0.0 0.0 0.0 0.0 
1.7625 0.0 0.0 0.0 26.1862263842 0.0 0.0 0.0 4.0508149489 0.0 0.0 0.0 0.0 0.0 0.0 0.0 
1.7875 0.0 0.0 0.0 24.9416017638 0.0 0.0 0.0 3.0122071862 0.0 0.0 0.0 0.0 0.0 0.0 0.0 
1.8125 0.0 0.0 0.0 22.2515081481 0.0 0.0 0.0089884907 2.1099545674 0.0 0.0 0.0 0.0 0.0 0.0 0.0 
1.8375 0.0 0.0 0.0 18.6101553434 0.0 0.0 0.0043727868 1.5049674452 0.0 0.0 0.0 0.0 0.0 0.0 0.0 
1.8625 0.0 0.0 0.0 14.8653211674 0.0 0.0 0.0170247445 1.1190222679 0.0 0.0 0.0 0.0 0.0 0.0 0.0 
1.8875 0.0 0.0 0.0 11.4005454485 0.0 0.0 0.0331535022 0.8309959858 0.0 0.0 0.0 0.0 0.0 0.0 0.0 
1.9125 0.0 0.0 0.0026910351 8.5140426424 0.0 0.0 0.0706396716 0.615153807 0.0 0.0 0.0 0.0 0.0 0.0 0.0 
1.9375 0.0 0.0 0.0183542663 6.188282899 0.0 0.0 0.1140586547 0.4346847435 0.0 0.0 0.0 0.0 0.0 0.0 0.0 
1.9625 0.0 0.0 0.0383349138 4.3552721495 0.0 0.0 0.1380056896 0.3346318516 0.0 0.0 0.0 0.0 0.0 0.0 0.0 
1.9875 0.0 0.0 0.1445228204 3.0381458565 0.0 0.0 0.1943582757 0.2756523622 0.0 0.0 0.0 0.0 0.0 4.8667436829e-05 0.0 
2.0125 0.0 0.0 0.2746183265 2.092040791 0.0 0.0 0.1895595528 0.2137861142 0.0 0.0 0.0 0.0 0.0 3.3226083473e-04 0.0 
2.0375 0.0 0.0 0.5322848404 1.431972673 0.0 0.0 0.2916304471 0.1933829946 0.0 0.0 0.0 0.0 4.3220975815e-04 0.0012503211 0.0 
2.0625 0.0 0.0 0.8919891799 1.0303863338 0.0 0.0 0.3019574267 0.1413617742 0.0 0.0 0.0 0.0 0.00259103 0.003299044 0.0 
2.0875 0.0 0.0 1.2852349974 0.7364501944 0.0 0.0 0.3777777738 0.1062323523 0.0 0.0 0.0 0.0 0.0061174777 0.0070145116 0.0 
2.1125 0.0 0.0 1.6034829363 0.5401462035 0.0 0.0 0.3358050578 0.084433743 0.0 0.0 0.0 0.0 0.0140722905 0.0186529647 0.0 
2.1375 0.0 0.0 1.9108863492 0.3736407567 0.0 0.0 0.3700053331 0.0693423386 0.0 0.0 0.0 0.0 0.0237873395 0.0398886754 0.0 
2.1625 0.0 0.0 1.9858812299 0.2576190652 0.0 0.0 0.4356941331 0.0687349591 0.0 0.0 0.0 0.0 0.0448914924 0.074819154 0.0 
2.1875 0.0 0.0 2.0271421964 0.1924122371 0.0 0.0 0.3640833777 0.0662086651 0.0 0.0 0.0 0.0 0.0897245259 0.1337029353 0.0 
2.2125 0.0 0.0 1.992649482 0.1478736266 0.0 0.0 0.4101922243 0.0719470124 0.0 0.0 0.0 0.0 0.1652582031 0.2121101604 0.0 
2.2375 0.0 0.0 1.7861698784 0.1193974774 0.0 0.0 0.367162603 0.0620539205 0.0 0.0 0.0 0.0 0.2625003717 0.3347302136 0.0 
2.2625 0.0 0.0 1.4969436695 0.09594252 0.0 0.0 0.377841273 0.0486723014 0.0 0.0 0.0 0.0 0.4122624047 0.4928821632 0.0 
2.2875 0.0 0.0 1.1935305336 0.0842556687 0.0 0.0 0.3061419927 0.0370333056 0.0 0.0 0.0 0.0 0.6242267365 0.6761517417 0.0 
2.3125 0.0 0.0 0.9212230689 0.0676805993 0.0 0.0 0.240199022 0.0316354076 0.0 0.0 3.4511353731e-04 0.0 0.8667622354 0.8741078812 0.0 
2.3375 0.0 0.0 0.8196575686 0.0566704638 0.0 0.0 0.2431951028 0.0306808637 0.0 0.0 2.2518065071e-04 0.0 1.1881094083 1.1084517531 0.0 
2.3625 0.0 0.0 0.7274526019 0.0503338416 0.0 0.0 0.2499791668 0.0322393767 0.0 0.0 7.7154063834e-04 0.0 1.5341718193 1.3806444173 0.0 
2.3875 0.0 0.0 0.577608837 0.0453280478 0.0 0.0 0.1787220168 0.02806022 0.0 0.0 3.2377176965e-04 1.6188588482e-04 1.9411016956 1.6353509727 0.0 
2.4125 0.0 0.0169118028 0.4904422804 0.0428080008 0.0 0.0 0.2029416333 0.0272174326 0.0 0.0 4.2279506935e-04 6.3419260402e-04 2.3754476724 1.8875157377 0.0 
2.4375 0.0 0.0144958415 0.4058835631 0.038828147 0.0 0.0 0.1416450802 0.0248500141 0.0 0.0 0.0013460424 4.6593776373e-04 2.7291441663 2.1292061531 0.0 
2.4625 0.0 0.0101450045 0.373336166 0.0353384324 0.0 0.0 0.1180878525 0.0197827588 0.0 0.0 0.0015217507 0.0016739257 3.0958749392 2.3748187435 0.0 
2.4875 0.0 0.0099421113 0.3332595692 0.0362887061 0.0 0.0 0.1181122817 0.0208784336 0.0029826334 0.0 0.0027837912 0.0073074518 3.364783277 2.5471689029 0.0 
2.5125 0.0 0.0155923908 0.3173051531 0.038980977 0.0 0.0 0.1262983656 0.0258248973 0.0029235733 0.0 0.0082834576 0.0268968742 3.5375236662 2.6922150884 0.0 
2.5375 0.0 0.0210191679 0.2598733484 0.0299363906 0.0 0.0 0.120382507 0.0241242722 0.0060907816 0.0 0.0074522504 0.0527390031 3.6482587535 2.7849501747 0.0 
2.5625 0.0 0.0149898485 0.2675687953 0.0265445233 0.0 0.0056211932 0.1112996249 0.0217821236 0.0094857635 0.0 0.0081507301 0.097246642 3.6792270794 2.8781094614 0.0 
2.5875 0.0 0.01653929 0.2344903785 0.0240432272 0.0 0.0110261933 0.1003383595 0.0156204406 0.024808935 0.0 0.0131395471 0.1546423617 3.6446163257 2.9100823361 0.0010337056 
2.6125 0.0 0.0252377464 0.1932490295 0.0202803319 0.0 0.0432647081 0.0930191224 0.020956343 0.0273784481 0.0 0.0215422192 0.2340350304 3.5187502575 2.9290996068 0.0010140166 
2.6375 0.0 0.031836313 0.1598890385 0.0246141864 0.0 0.0583665738 0.0838356242 0.0225507217 0.0500758673 0.0 0.0358158521 0.343301575 3.2740184227 2.9047595668 7.4616358547e-04 
2.6625 0.0 0.0416550123 0.1756453017 0.021406048 0.0 0.078103148 0.0791445233 0.0171393019 0.0621570886 0.0 0.050072796 0.5329238131 3.0455888654 2.8738161781 7.3221701244e-04 
2.6875 0.0 0.0613254681 0.1655787639 0.0282494633 6.3880695934e-04 0.0715463794 0.0838114731 0.015331367 0.1012509031 0.0 0.0673728406 0.7465098127 2.7912315195 2.814503612 4.791052195e-04 
2.7125 0.0 0.076922557 0.1478250878 0.0257802048 0.0027173729 0.120400524 0.0632102751 0.0123326926 0.1269849277 0.004816021 0.0857853734 0.977878006 2.5344379983 2.7384064497 0.0019596439 
2.7375 0.0 0.0591057422 0.137256668 0.0201123706 0.0026679675 0.26597584 0.0384187324 0.0129293811 0.1560761006 0.0031523063 0.1030245923 1.2736056079 2.2900738734 2.6428783746 0.0022318575 
2.7625 0.0 0.0532040694 0.1360734381 0.0193469343 0.0018137751 0.3675917521 0.0425632555 0.0185408121 0.2376045371 0.0015477547 0.1234979308 1.5527123977 2.0228294663 2.5517800248 0.0023427928 
2.7875 0.0 0.0380029252 0.1190758324 0.0230920553 0.0013855233 0.3800292523 0.0389529984 0.0199911221 0.2725522294 0.0068405265 0.1355437667 1.8581055254 1.818862227 2.4538360165 0.0042307944 
2.8125 0.0124434416 0.054440057 0.093325812 0.0251461216 0.0056384345 0.4806279318 0.0382635829 0.0246924544 0.348221936 0.0052262455 0.1582650228 2.183940658 1.6425342911 2.3165945505 0.0063432388 
2.8375 0.0040750471 0.111554414 0.1063587289 0.0283979844 0.0070676598 0.7289240473 0.0210883687 0.0299897996 0.4168964186 0.0095356102 0.1827658618 2.4823531355 1.4882517663 2.2116760919 0.0102433312 
2.8625 0.0020020893 0.0795830477 0.0973015376 0.0291554247 0.0075078347 0.8423790526 0.0153159828 0.0407300032 0.5428164483 0.0086490256 0.215099464 2.7562011941 1.3333288762 2.146161471 0.0134437165 
2.8875 0.0078702853 0.073783925 0.0832282674 0.0322189806 0.023610856 0.8986882067 0.0150519207 0.0429791363 0.6778898111 0.0290413529 0.2280661122 3.0630658631 1.2353273646 2.0262449258 0.0187457284 
2.9125 0.0116036308 0.1029822231 0.1032723139 0.0355361192 0.0360800394 1.0617322155 0.0191459908 0.0465958298 0.8175120491 0.027152496 0.2652154858 3.3134530279 1.130658991 1.9261347179 0.02821586 
2.9375 0.020912767 0.0969591924 0.0923964069 0.0388549705 0.0388549705 1.2233968687 0.0290877577 0.0495489991 0.8942881394 0.0212169527 0.3032113568 3.5045401036 1.0388060533 1.8373232257 0.0300769554 
2.9625 0.0186920911 0.0995353853 0.0829928847 0.0450946699 0.0566019885 1.560322308 0.0319634759 0.0611581857 1.024881516 0.026243696 0.3273452461 3.6171299218 0.9795824014 1.7419349576 0.0444229229 
2.9875 0.0312469581 0.1406113112 0.0700299472 0.0471001941 0.0780599559 1.3399430836 0.0289493876 0.0603112242 1.2179420929 0.0337467147 0.3535271644 3.7329201413 0.9469436589 1.6662268064 0.0603543036 
3.0125 0.0234997874 0.1748926488 0.0949029877 0.0388650331 0.1104941929 1.460150254 0.0244036254 0.0745666332 1.4072757323 0.0468549608 0.3947964289 3.7462615466 0.9066342271 1.5811515634 0.0715585474 
3.0375 0.0444510648 0.2013633237 0.1221515262 0.0474515117 0.1486888119 1.6762496553 0.0400059584 0.0846792785 1.5657331953 0.0563283894 0.4263301629 3.7902645099 0.888993515 1.512704464 0.0937639649 
3.0625 0.0507248273 0.271552739 0.0813346368 0.0518180347 0.1984171583 1.8497070628 0.0275488286 0.0900256363 1.7412335502 0.1038984393 0.4361897861 3.7782234531 0.8580038937 1.4330310303 0.1086579914 
3.0875 0.0533485443 0.3317074813 0.0717623967 0.0518427386 0.2741104138 1.9631403852 0.0325254028 0.1061593009 1.9045752998 0.1189500446 0.4581306244 3.7394533078 0.8320114207 1.3672446741 0.1387290712 
3.1125 0.0338677329 0.3441808355 0.075694383 0.0571517992 0.3110010409 1.9431611744 0.0495315593 0.1243051634 2.1760547563 0.1316777455 0.4865523176 3.7037223502 0.809280061 1.2885944736 0.1640137572 
3.1375 0.056661274 0.3712146704 0.0939910546 0.0648896576 0.3710584353 2.1297973008 0.0487453608 0.129206453 2.3568850632 0.1931816143 0.5187631278 3.6531835656 0.7996895162 1.2303321244 0.179807106 
3.1625 0.0541287247 0.3961238491 0.0807010078 0.0672508398 0.4674753498 1.860059813 0.0302628779 0.148085119 2.4595508168 0.1930919234 0.5587560629 3.4537509415 0.7898129307 1.1796448281 0.213708509 
3.1875 0.0209902651 0.410521147 0.0775025174 0.0702366564 0.5559897393 1.907288515 0.0414154078 0.1501611275 2.5886900428 0.2266948635 0.5931970026 3.3943377938 0.7844859309 1.1358016636 0.2507289694 
3.2125 0.0492776983 0.4947639874 0.0767778332 0.0805730108 0.6741904455 1.6917351762 0.0407733214 0.1600531694 2.6726196837 0.2809782567 0.6011680497 3.2108096428 0.7914981921 1.0885552849 0.2742810599 
3.2375 0.0579104843 0.577539695 0.0788834705 0.0865722612 0.7941170807 1.6481010809 0.0387374186 0.1719706612 2.7188825658 0.2986302813 0.6127555301 3.0230153214 0.7853864882 1.0438377027 0.3105596455 
3.2625 0.0354488259 0.556007128 0.0818405502 0.0925715263 0.9509051219 1.5154373072 0.0402267111 0.1865398135 2.8245393289 0.3473368437 0.6411999041 2.8818450531 0.7893625104 0.9922119145 0.3672638039 
3.2875 0.0303580285 0.6921630509 0.0714931572 0.1021737398 1.0833547094 1.3285432243 0.0607919522 0.2033513569 2.8485554834 0.3502709334 0.6514643189 2.7732912898 0.8010487611 0.9581456295 0.41778458 
3.3125 0.0284064492 0.749033214 0.0722121841 0.0969930734 1.2068068811 1.1740086453 0.0484404713 0.2180942517 2.94931828 0.4397318341 0.6660004153 2.6061982748 0.8000760524 0.9246229144 0.4615405585 
3.3375 0.0206186697 0.7025075319 0.0715762391 0.1146913502 1.3572423426 1.139917882 0.0463920068 0.2477001793 2.9593543998 0.4623294852 0.6908543017 2.4751792499 0.8193389896 0.9020207756 0.5042541903 
3.3625 0.0362735956 0.6714242552 0.0892330453 0.1128108824 1.5236270427 0.9826517058 0.0581103002 0.2558648752 2.9759084569 0.4742845177 0.7035263873 2.3210657691 0.8449707393 0.8655843436 0.5410603531 
3.3875 0.0500362381 0.6840668555 0.0849186441 0.1306303217 1.6778669601 0.7752042893 0.0572557525 0.2659068655 2.9693380063 0.4909841606 0.7388565363 2.2319289469 0.855217595 0.8547317521 0.5880877456 
3.4125 0.0605756912 0.6783068677 0.0950897478 0.1259939159 1.7999696847 0.6973248173 0.087482568 0.2869861417 2.9182647397 0.5695241962 0.7664233674 2.0828616844 0.8538266939 0.8303844297 0.6380918286 
3.4375 0.0638627608 0.7590644446 0.0991261113 0.1405674897 1.9450375617 0.6372392868 0.0887137046 0.3046930495 2.9556267043 0.6147484884 0.7941021929 1.9741142072 0.8696311877 0.8177481177 0.6923436951 
3.4625 0.0738906512 0.6855410421 0.0907212996 0.1512876875 2.1808004706 0.4279500218 0.0782009392 0.3242978582 2.9265700904 0.6847200348 0.8157220019 1.8698952929 0.9022099829 0.8000330668 0.756561375 
3.4875 0.1092526329 0.5958314886 0.1234150112 0.1484520729 2.3466555104 0.4977064387 0.0892229835 0.3463460202 2.8785033969 0.7516581142 0.8411441133 1.7587397797 0.9238001369 0.7887464747 0.7869603712 
3.5125 0.1050436436 0.5823938719 0.1260523723 0.1656265677 2.4182060619 0.3919191638 0.1041128771 0.3772097295 2.8548768097 0.7357309982 0.8668593719 1.6841304984 0.930205509 0.7713727054 0.8447484744 
3.5375 0.0983204243 0.5732080736 0.1341090587 0.1822205197 2.5845981537 0.315608562 0.1085457484 0.4028679386 2.8087687211 0.7886084592 0.9136425428 1.6000911651 0.9531140964 0.7586035237 0.9007379871 
3.5625 0.0891897092 0.5390160684 0.1357234705 0.1891241931 2.6335200535 0.250118967 0.1140077152 0.4167437633 2.6795084973 0.800846032 0.9344076214 1.539322282 0.9720991602 0.745464191 0.96416681 
3.5875 0.0637325966 0.4349749715 0.1411039688 0.1974117178 2.7340088936 0.315476353 0.1250433544 0.4313900129 2.6725866037 0.8149614587 0.9873931853 1.4392891612 0.9823383937 0.733273398 1.0219372485 
3.6125 0.0603393987 0.388434879 0.1436831931 0.2162161786 2.8153279201 0.1555625122 0.1419861475 0.4565524033 2.6314813147 0.802363154 1.0017282984 1.361171982 0.9829311615 0.7207435107 1.0742652123 
3.6375 0.1016677762 0.3617265085 0.1651481437 0.226660248 2.8198859566 0.1869075275 0.1690536742 0.4622706698 2.5424305659 0.8708216985 1.016135327 1.2845010605 0.9839766935 0.7114225885 1.1391421 
3.6625 0.0746019307 0.2953502667 0.1893176865 0.2427620205 2.8678556759 0.1568475019 0.1838142654 0.4817786571 2.5272741669 0.9021207898 1.0340928282 1.2296706562 0.9704748088 0.7026034295 1.1976390255 
3.6875 0.091690651 0.2651186915 0.1968936084 0.2646662705 2.9218477631 0.1411553443 0.1970745768 0.4921209158 2.4654681044 0.924676086 1.0430113162 1.1925590696 0.9540427315 0.6881747178 1.2609820868 
3.7125 0.1130749032 0.2588820153 0.1996069608 0.2662467623 2.9051695122 0.1419387601 0.2169252749 0.5111803931 2.3729549553 0.9696827596 1.0655673019 1.1305556147 0.940790634 0.6849493665 1.3024303975 
3.7375 0.1338807124 0.2519071299 0.2099813279 0.2866984993 2.9328243562 0.1136224467 0.2378144234 0.5485145635 2.3882183168 1.0501884936 1.0716622552 1.0704952029 0.9290359908 0.6838953785 1.3495968526 
3.7625 0.1332663216 0.2111981488 0.2398793789 0.2948517366 2.8525873424 0.0912584594 0.250830394 0.5602617559 2.3362165598 1.0767455252 1.1103981685 1.0421064214 0.9036398161 0.6809619325 1.375721275 
3.7875 0.1601025913 0.1792577228 0.2624538907 0.3111279375 2.8523634652 0.1080692491 0.2784069704 0.5877337537 2.3114275561 1.1198032671 1.1291949995 0.9800208395 0.8873007116 0.6838087099 1.4028498176 
3.8125 0.1501092881 0.1769145181 0.2698581262 0.318770617 2.8597300727 0.1091960423 0.2945753699 0.6180369022 2.2394711581 1.1441713678 1.1275972708 0.929499567 0.8669552059 0.6827001108 1.4302221455 
3.8375 0.155957731 0.1829718379 0.2623431832 0.3406005446 2.8473425739 0.0777003695 0.3283467229 0.6414457926 2.186262817 1.1814466511 1.1492970788 0.8966873291 0.8653739409 0.6846170161 1.4667902924 
3.8625 0.1517461812 0.1649415013 0.248401901 0.3668573892 2.8003974274 0.066801308 0.3171825071 0.6624463048 2.132848245 1.2263730508 1.1800739713 0.8611801962 0.8537269021 0.6761055228 1.504459783 
3.8875 0.1237484409 0.1424735339 0.24391469 0.3871209449 2.7642918576 0.07815691 0.3399825585 0.6853994647 2.1058097141 1.3298398238 1.1715802224 0.8208917955 0.8315874872 0.6813287924 1.541690845 
3.9125 0.1028817255 0.1422661361 0.2761731319 0.4117278429 2.777605648 0.1374435552 0.4002742133 0.7088189194 2.0773267155 1.335276195 1.2096640383 0.7874068937 0.8236398816 0.6744077954 1.5803748261 
3.9375 0.1502529256 0.1253871246 0.2983896129 0.435614446 2.7517712307 0.088088423 0.4523459557 0.7349629794 2.0444846815 1.3637040181 1.2376026631 0.754822554 0.8165208229 0.6781717382 1.6185131733 
3.9625 0.1358252605 0.0963836944 0.3335032549 0.4502476783 2.6448704445 0.0705246545 0.5200017856 0.7616662683 2.0197967188 1.4390790827 1.2500495005 0.734808129 0.8290401685 0.6729594763 1.6354740835 
3.9875 0.1330957172 0.1292266557 0.3989776267 0.4937567377 2.6033947883 0.0882146033 0.553894851 0.773038497 1.9513128278 1.4764338862 1.2213466585 0.7187168729 0.825996277 0.6914133892 1.6480025842 
4.0125 0.1232909105 0.1299139759 0.3989123261 0.5042445399 2.5410600544 0.075655786 0.6121240866 0.7896095038 1.8789286395 1.5879461699 1.2307056621 0.6811313338 0.8161017655 0.6989921174 1.6767500145 
4.0375 0.1891945302 0.1071766886 0.3900627654 0.5261343899 2.4841216652 0.0701931834 0.6426072725 0.8318458307 1.821343287 1.6045708866 1.2327583489 0.6670050645 0.8173794936 0.7030403957 1.698505216 
4.0625 0.1550649577 0.1259902782 0.4150969638 0.5576374441 2.4310905152 0.0693319282 0.6047533351 0.827603299 1.7221156363 1.5609077207 1.2206146889 0.6531738592 0.8053158176 0.7149039702 1.7024413039 
4.0875 0.1620109036 0.1472826397 0.4403750926 0.6007904343 2.4319125356 0.0861603442 0.6742599243 0.8632603717 1.6621766402 1.5857038116 1.2307673783 0.654321537 0.8077378849 0.7145164121 1.7140937706 
4.1125 0.1813867805 0.1338576241 0.4408571751 0.6143628455 2.3240484374 0.0720212217 0.7311245231 0.8987193609 1.5566404958 1.5745148535 1.2403654844 0.6059058081 0.7992051897 0.7272483809 1.7264973638 
4.1375 0.1648269784 0.1286512898 0.4464702863 0.6672138589 2.2449290717 0.0927151754 0.7723389724 0.8931022852 1.5004226199 1.5986683633 1.2491034033 0.5988214437 0.8020940752 0.7252918606 1.7170163199 
4.1625 0.1931512638 0.1335016088 0.4953761825 0.6856159751 2.1713539595 0.083083448 0.8304084115 0.9148943365 1.4579547373 1.5692972095 1.2527492724 0.5747670329 0.8032139681 0.7396069017 1.7183228185 
4.1875 0.173076452 0.1417355809 0.512774072 0.6894406909 2.1598888712 0.0757794195 0.8213647081 0.9380334394 1.4025770683 1.6250475516 1.2405371637 0.5876588733 0.7988559986 0.7615985149 1.7115492327 
4.2125 0.2024604499 0.1629390607 0.5857485894 0.7202253164 2.0662926314 0.1123239483 0.9514254432 0.9402797181 1.3247465656 1.6464194726 1.2319233028 0.5814844395 0.7950646137 0.7660410935 1.728930773 
4.2375 0.1607937526 0.1911709815 0.6095544986 0.7454412076 1.9841697835 0.0596124566 0.9759998065 0.9443777965 1.2558443171 1.6490861094 1.2244878224 0.5492054513 0.8012850606 0.7693518553 1.7008821396 
4.2625 0.1697481327 0.1970613296 0.6251787611 0.7552324668 1.9214326119 0.1056411251 1.0210621057 0.9604200368 1.1786857749 1.6102957968 1.2028528752 0.5494862178 0.8030446694 0.7914302121 1.6913372686 
4.2875 0.1856226736 0.2215424458 0.6473590741 0.7884501544 1.8592665302 0.1124445042 0.9987481497 0.9699175127 1.1032362012 1.5893227492 1.2273518426 0.5295935353 0.8105095797 0.8074105232 1.6838439006 
4.3125 0.2152323657 0.1978108935 0.6830099211 0.804750728 1.7531734706 0.1270223798 1.0824688425 0.9666436178 1.0293278391 1.6830465317 1.195002732 0.5164253627 0.8100846756 0.8123105994 1.677216403 
4.3375 0.227581793 0.2112325263 0.7248610902 0.8414967591 1.6955007073 0.1432195766 1.1551737908 0.9934631935 0.9690619129 1.6866165158 1.184111993 0.5174542923 0.815324308 0.829265464 1.630195605 
4.3625 0.2163609294 0.2223948995 0.7243350158 0.8598407452 1.6068677987 0.1221878954 1.213345196 0.9941504556 0.925864231 1.6297925753 1.1570999743 0.512898237 0.8142627208 0.84871898 1.6096861207 
4.3875 0.1849274943 0.2940091499 0.7907567832 0.8671139421 1.5067968933 0.1342215684 1.2850756452 1.0104167714 0.8943710404 1.6210897545 1.1753974493 0.5078848277 0.8162215974 0.8602364183 1.5973864652 
4.4125 0.2291793539 0.286895478 0.8073516799 0.8981808503 1.4580167215 0.1611417332 1.313779072 1.0418918927 0.8058271527 1.7416956841 1.1640436458 0.4894443173 0.8202298533 0.8724560997 1.5752196855 
4.4375 0.2374346864 0.2924195611 0.8667615708 0.9381794252 1.4163291455 0.1462097805 1.3526279185 1.0606457371 0.7972416319 1.7635148915 1.1682098983 0.4814613094 0.8156219925 0.8906046214 1.5545333157 
4.4625 0.2273676501 0.3194268345 0.9163904853 0.9570448097 1.3251270856 0.2094500907 1.4138807893 1.0447018351 0.7441965612 1.8464230297 1.1629422809 0.5082408396 0.828378198 0.9099919086 1.5220464694 
4.4875 0.2753492128 0.3048800085 0.9213608273 0.9757891388 1.2557970891 0.1887934321 1.5191455975 1.0590608913 0.7324910224 1.7866090695 1.1398785328 0.5018605992 0.8396929025 0.9273369948 1.5093450646 
4.5125 0.2795574816 0.3389735169 0.96072708 0.9735166334 1.1754556247 0.2465261941 1.5795803349 1.0500777196 0.6899561223 1.6549158395 1.1213014332 0.5071007559 0.8368723402 0.9593014728 1.5037134848 
4.5375 0.2956083655 0.3334557978 0.9594921665 0.9955866651 1.1472253903 0.252781008 1.7275161653 1.0606493891 0.653017604 1.6989752175 1.1082923344 0.4944468227 0.84260336 0.9798438762 1.4879736662 
4.5625 0.2592783425 0.3528628506 1.0400292662 1.0167217982 1.0648685649 0.3262651483 1.7742440619 1.0630953847 0.6425561582 1.7090619594 1.1139708786 0.4948059219 0.8469151709 1.0044419099 1.4433963511 
4.5875 0.2782865214 0.3770899292 1.0733908681 1.0378742585 1.0428436607 0.3946289956 1.864402766 1.0749255364 0.6070709383 1.6848728816 1.1187001232 0.5003895665 0.864164421 1.0238064656 1.4297353702 
4.6125 0.3292541357 0.4065556043 1.1094399308 1.059666267 1.002075709 0.4007724521 1.9049703566 1.0793530812 0.5506283852 1.6266850696 1.1127652434 0.4825751409 0.8648583732 1.0453589892 1.4294054806 
4.6375 0.358514022 0.4325052138 1.1922498221 1.0797374428 0.937881263 0.4393703759 1.9912402738 1.1056486624 0.5294756288 1.6207274741 1.0947931248 0.4734387429 0.868049692 1.0520056443 1.3907853048 
4.6625 0.3675085238 0.472025835 1.2646217335 1.097573262 0.8897885082 0.4448588805 2.0134109178 1.0863244449 0.5215843028 1.6243122115 1.0884893116 0.4945234692 0.8779619217 1.0715736376 1.3841881697 
4.6875 0.4390064696 0.5179604392 1.2668472408 1.1191211905 0.8746531958 0.478763433 2.103199362 1.0733680184 0.5145656985 1.6255782417 1.0785336238 0.4912784772 0.884732426 1.0797550305 1.3473095953 
4.7125 0.4365770693 0.5169116823 1.3159363643 1.1195136185 0.8480841991 0.541843114 2.0473691649 1.0588933042 0.4949927987 1.5764642844 1.074406195 0.5101801958 0.8951076493 1.0962644814 1.317807953 
4.7375 0.4297887641 0.5443625545 1.3689649255 1.1570673699 0.7969456834 0.5492963541 2.0981805046 1.0512419371 0.4747754228 1.5948671626 1.0700040805 0.5060433777 0.9110397988 1.1006056298 1.3009555818 
4.7625 0.3999736138 0.5918235253 1.4073574281 1.161813048 0.7631729809 0.6037576386 2.1621358453 1.0513546929 0.4609551243 1.4589127974 1.0638719504 0.5000122222 0.9134795209 1.1257394784 1.2801116408 
4.7875 0.4394677352 0.5953213172 1.4901821249 1.1767303312 0.7517340753 0.5700912884 2.1908253919 1.0604664221 0.4564555072 1.4563416778 1.0483345359 0.5162627536 0.9203480575 1.1447957802 1.2554287854 
4.8125 0.5135381712 0.6024333994 1.5401895165 1.1859632817 0.6947374587 0.6279332259 2.2054162385 1.0541920432 0.4459481365 1.4234003114 1.0621740202 0.5048965633 0.9296922396 1.1430679031 1.2361937341 
4.8375 0.5313778757 0.6466966891 1.5979191686 1.1710204884 0.6796887356 0.6325009081 2.1788946494 1.0637634765 0.4285351383 1.4385058059 1.0664711903 0.516253235 0.9290130926 1.1589360012 1.2190873371 
4.8625 0.622371136 0.673368102 1.5671679876 1.2009004926 0.6407144325 0.6244526448 2.1821497674 1.0680742113 0.4311650371 1.397025457 1.0688547771 0.5119340839 0.948365772 1.1620348202 1.1837280449 
4.8875 0.5054526897 0.7236695268 1.6035074526 1.210193494 0.6166642996 0.7895981385 2.25475852 1.0626481797 0.4295661106 1.3783200382 1.0432945267 0.5262184855 0.9535504917 1.1671102622 1.1435942218 
4.9125 0.5676198789 0.6821635311 1.6380082158 1.2159641418 0.5991873617 0.8228788783 2.2483865263 1.0580417548 0.4166971458 1.3467070535 1.043715301 0.5489428056 0.9590269249 1.1629409674 1.1372658336 
4.9375 0.6042802175 0.7358356546 1.6590116349 1.2333322228 0.5875834437 0.8448483442 2.2274926235 1.0737245234 0.4176927185 1.3641121221 1.0342831267 0.5542992452 0.9677084211 1.170135775 1.1214491181 
4.9625 0.6521656478 0.7454273339 1.6847057439 1.2402555211 0.5680635916 0.8693321454 2.2281882197 1.0480073802 0.4077804773 1.3571174099 1.0371532188 0.5458431622 0.9748448365 1.1629503266 1.1036911643 
4.9875 0.7577579252 0.8329401737 1.6306633994 1.2559639763 0.559786248 0.9036708416 2.2608093503 1.0508821357 0.3874729861 1.340697338 1.0322225941 0.5519217891 0.981161317 1.1554092646 1.068518432 
