# Radial distribution function (200 data points):
"Pair separation distance" g(r)
0.0125 0.0 
0.0375 0.0 
0.0625 0.0 
0.0875 0.0 
0.1125 0.0 
0.1375 0.0 
0.1625 0.0 
0.1875 0.0 
0.2125 0.0 
0.2375 0.0 
0.2625 0.0 
0.2875 0.0 
0.3125 0.0 
0.3375 0.0 
0.3625 0.0 
0.3875 0.0 
0.4125 0.0 
0.4375 0.0 
0.4625 0.0 
0.4875 0.0 
0.5125 0.0 
0.5375 0.0 
0.5625 0.0 
0.5875 0.0 
0.6125 0.0 
0.6375 0.0 
0.6625 0.0 
0.6875 0.0 
0.7125 0.0 
0.7375 0.0 
0.7625 0.0 
0.7875 0.0 
0.8125 0.0 
0.8375 0.0 
0.8625 0.0 
0.8875 0.0 
0.9125 0.0 
0.9375 0.0 
0.9625 0.0 
0.9875 0.0 
1.0125 0.0 
1.0375 0.0 
1.0625 0.0 
1.0875 0.0 
1.1125 0.0 
1.1375 0.0 
1.1625 0.0 
1.1875 0.0 
1.2125 0.0 
1.2375 0.0 
1.2625 3.7051237806e-05 
1.2875 1.7813184646e-04 
1.3125 5.4851424928e-04 
1.3375 0.0048528492 
1.3625 0.0249408093 
1.3875 0.0716903442 
1.4125 0.1651086954 
1.4375 0.3148020375 
1.4625 0.5154364813 
1.4875 0.7229102033 
1.5125 0.8988409557 
1.5375 0.9999586915 
1.5625 1.0052027217 
1.5875 0.980518242 
1.6125 0.9402436511 
1.6375 0.9810210962 
1.6625 1.1105403339 
1.6875 1.3122907292 
1.7125 1.50783371 
1.7375 1.6324643419 
1.7625 1.6638779338 
1.7875 1.5523050175 
1.8125 1.3627810326 
1.8375 1.12977068 
1.8625 0.8993491523 
1.8875 0.6888468917 
1.9125 0.5146281722 
1.9375 0.3742697096 
1.9625 0.2652776034 
1.9875 0.1888863427 
2.0125 0.1336249032 
2.0375 0.0991116744 
2.0625 0.0795085141 
2.0875 0.0685082205 
2.1125 0.0652553592 
2.1375 0.0678095363 
2.1625 0.0781218524 
2.1875 0.1026098035 
2.2125 0.141709349 
2.2375 0.1969407119 
2.2625 0.2747800183 
2.2875 0.3745823629 
2.3125 0.4863505622 
2.3375 0.6305022191 
2.3625 0.792547706 
2.3875 0.9617005825 
2.4125 1.1383300624 
2.4375 1.2923100715 
2.4625 1.4513557078 
2.4875 1.5664313268 
2.5125 1.6528152558 
2.5375 1.7071752871 
2.5625 1.7456458022 
2.5875 1.7512946997 
2.6125 1.7336168538 
2.6375 1.6785632346 
2.6625 1.6300772639 
2.6875 1.5699074531 
2.7125 1.5043965209 
2.7375 1.4396030998 
2.7625 1.3722470964 
2.7875 1.3169761727 
2.8125 1.259793937 
2.8375 1.2167731992 
2.8625 1.1854642742 
2.8875 1.1519288039 
2.9125 1.1226721636 
2.9375 1.0928236354 
2.9625 1.0662006171 
2.9875 1.0526129674 
3.0125 1.0300412368 
3.0375 1.0205680001 
3.0625 0.9980358139 
3.0875 0.9828061579 
3.1125 0.9660757259 
3.1375 0.9563509812 
3.1625 0.9396136433 
3.1875 0.935581327 
3.2125 0.9224670678 
3.2375 0.9072669674 
3.2625 0.9015943409 
3.2875 0.9003383744 
3.3125 0.8934091417 
3.3375 0.8973645645 
3.3625 0.8942979325 
3.3875 0.9028807574 
3.4125 0.8982659367 
3.4375 0.908138454 
3.4625 0.9217267617 
3.4875 0.9284531526 
3.5125 0.9322626026 
3.5375 0.9460847433 
3.5625 0.9504055408 
3.5875 0.9581487186 
3.6125 0.9598399336 
3.6375 0.9602828943 
3.6625 0.9620552471 
3.6875 0.9612678944 
3.7125 0.9581691159 
3.7375 0.9618652737 
3.7625 0.9566931967 
3.7875 0.9566536948 
3.8125 0.9515028235 
3.8375 0.9563261224 
3.8625 0.9547896114 
3.8875 0.9526545761 
3.9125 0.9572128602 
3.9375 0.9627559906 
3.9625 0.9643183928 
3.9875 0.9679871988 
4.0125 0.9679942313 
4.0375 0.9706983632 
4.0625 0.9665174959 
4.0875 0.972811261 
4.1125 0.9694807204 
4.1375 0.9678981327 
4.1625 0.9703499107 
4.1875 0.9749611715 
4.2125 0.9746789965 
4.2375 0.9685799057 
4.2625 0.9698212843 
4.2875 0.9747846195 
4.3125 0.9684630811 
4.3375 0.9697275896 
4.3625 0.9669182002 
4.3875 0.9690122298 
4.4125 0.9698108573 
4.4375 0.974572914 
4.4625 0.9790727808 
4.4875 0.9821276288 
4.5125 0.9845328094 
4.5375 0.9897914663 
4.5625 0.9937468999 
4.5875 1.0041746962 
4.6125 1.0081366839 
4.6375 1.0057242825 
4.6625 1.0136371073 
4.6875 1.0140431255 
4.7125 1.016981684 
4.7375 1.0203071233 
4.7625 1.0239286903 
4.7875 1.0303437002 
4.8125 1.0292112445 
4.8375 1.0327159365 
4.8625 1.0346006354 
4.8875 1.0319822071 
4.9125 1.0320895621 
4.9375 1.0359839265 
4.9625 1.0322461886 
4.9875 1.0281797676 
