# Radial distribution function (200 data points):
"Pair separation distance" g(r)
0.0125 0.0 
0.0375 0.0 
0.0625 0.0 
0.0875 0.0 
0.1125 0.0 
0.1375 0.0 
0.1625 0.0 
0.1875 0.0 
0.2125 0.0 
0.2375 0.0 
0.2625 0.0 
0.2875 0.0 
0.3125 0.0 
0.3375 0.0 
0.3625 0.0 
0.3875 0.0 
0.4125 0.0 
0.4375 0.0 
0.4625 0.0 
0.4875 0.0 
0.5125 0.0 
0.5375 0.0 
0.5625 0.0 
0.5875 0.0 
0.6125 0.0 
0.6375 0.0 
0.6625 0.0 
0.6875 0.0 
0.7125 0.0 
0.7375 0.0 
0.7625 0.0 
0.7875 0.0 
0.8125 0.0 
0.8375 0.0 
0.8625 0.0 
0.8875 0.0 
0.9125 0.0 
0.9375 0.0 
0.9625 0.0 
0.9875 0.0 
1.0125 0.0 
1.0375 0.0 
1.0625 0.0 
1.0875 0.0 
1.1125 0.0 
1.1375 0.0 
1.1625 0.0 
1.1875 0.0 
1.2125 0.0 
1.2375 0.0 
1.2625 4.132638776e-05 
1.2875 6.7553088812e-04 
1.3125 0.0040532046 
1.3375 0.0184476866 
1.3625 0.0494631737 
1.3875 0.1130489978 
1.4125 0.2281031872 
1.4375 0.4108948286 
1.4625 0.6319144372 
1.4875 0.841838783 
1.5125 0.9896537824 
1.5375 1.0411890211 
1.5625 1.0530073203 
1.5875 1.0231878146 
1.6125 1.0014610566 
1.6375 1.0444945676 
1.6625 1.1602702929 
1.6875 1.3597318272 
1.7125 1.5552676595 
1.7375 1.7091967223 
1.7625 1.7266619255 
1.7875 1.6677138726 
1.8125 1.4872214119 
1.8375 1.2680693622 
1.8625 1.0098425374 
1.8875 0.7894628065 
1.9125 0.59421481 
1.9375 0.4312295264 
1.9625 0.3133490496 
1.9875 0.222187199 
2.0125 0.1645752956 
2.0375 0.1314131888 
2.0625 0.1085188724 
2.0875 0.0992084481 
2.1125 0.0978336838 
2.1375 0.1005758439 
2.1625 0.1120822136 
2.1875 0.1338730539 
2.2125 0.1704539234 
2.2375 0.2205199164 
2.2625 0.290541574 
2.2875 0.3944390112 
2.3125 0.5251983316 
2.3375 0.659489942 
2.3625 0.822117626 
2.3875 0.9987298845 
2.4125 1.1755224416 
2.4375 1.3499558378 
2.4625 1.4992732263 
2.4875 1.6128035698 
2.5125 1.7045737715 
2.5375 1.7739153023 
2.5625 1.8254428459 
2.5875 1.8376145043 
2.6125 1.8124288244 
2.6375 1.7690100152 
2.6625 1.7108748251 
2.6875 1.6350693472 
2.7125 1.5530528017 
2.7375 1.4782903364 
2.7625 1.4197782942 
2.7875 1.3540131802 
2.8125 1.2822072853 
2.8375 1.2304561657 
2.8625 1.1763863269 
2.8875 1.145952095 
2.9125 1.1089378513 
2.9375 1.0734932287 
2.9625 1.0429099051 
2.9875 1.0165906881 
3.0125 0.9900034431 
3.0375 0.9694833898 
3.0625 0.9522589071 
3.0875 0.9380956858 
3.1125 0.9333062762 
3.1375 0.9210551147 
3.1625 0.9004648767 
3.1875 0.8904929007 
3.2125 0.8862613918 
3.2375 0.8712379594 
3.2625 0.8714716203 
3.2875 0.8653379119 
3.3125 0.8674238766 
3.3375 0.8558317327 
3.3625 0.8598097934 
3.3875 0.8640483429 
3.4125 0.8720644241 
3.4375 0.8719634048 
3.4625 0.8745270803 
3.4875 0.8857721303 
3.5125 0.8967323739 
3.5375 0.9079902431 
3.5625 0.9087237968 
3.5875 0.9110275628 
3.6125 0.9221554113 
3.6375 0.9247674477 
3.6625 0.9258720217 
3.6875 0.9272105273 
3.7125 0.9283765569 
3.7375 0.9300604177 
3.7625 0.9251172073 
3.7875 0.9291497957 
3.8125 0.9329112936 
3.8375 0.9299386975 
3.8625 0.9414867596 
3.8875 0.9461890587 
3.9125 0.945048842 
3.9375 0.9382061105 
3.9625 0.9373169428 
3.9875 0.9413559796 
4.0125 0.941412795 
4.0375 0.9454732908 
4.0625 0.9484767693 
4.0875 0.9521050723 
4.1125 0.9539862159 
4.1375 0.9509118151 
4.1625 0.9547159664 
4.1875 0.9523775143 
4.2125 0.9586281657 
4.2375 0.9571267627 
4.2625 0.9605651621 
4.2875 0.9614683905 
4.3125 0.9627289195 
4.3375 0.9607664657 
4.3625 0.9639359673 
4.3875 0.9615610042 
4.4125 0.9662048325 
4.4375 0.9698804107 
4.4625 0.9714781085 
4.4875 0.9745731269 
4.5125 0.9848155363 
4.5375 0.9873190439 
4.5625 0.9895789516 
4.5875 0.9938282216 
4.6125 0.9922830816 
4.6375 0.9949647384 
4.6625 1.0046680061 
4.6875 1.0131608766 
4.7125 1.0180478509 
4.7375 1.0274157166 
4.7625 1.0279811918 
4.7875 1.0322207942 
4.8125 1.0367834988 
4.8375 1.0420076796 
4.8625 1.0367281803 
4.8875 1.0419614429 
4.9125 1.0458555626 
4.9375 1.0507119085 
4.9625 1.0469489203 
4.9875 1.042699953 
