# Radial distribution function (200 data points):
"Pair separation distance" Al-Al Al-Be Al-Cl Al-F Al-K Be-Be Be-Cl Be-F Be-K Cl-Cl Cl-F Cl-K F-F F-K K-K
0.0125 0.0 0.0 0.0 0.0 0.0 0.0 0.0 0.0 0.0 0.0 0.0 0.0 0.0 0.0 0.0 
0.0375 0.0 0.0 0.0 0.0 0.0 0.0 0.0 0.0 0.0 0.0 0.0 0.0 0.0 0.0 0.0 
0.0625 0.0 0.0 0.0 0.0 0.0 0.0 0.0 0.0 0.0 0.0 0.0 0.0 0.0 0.0 0.0 
0.0875 0.0 0.0 0.0 0.0 0.0 0.0 0.0 0.0 0.0 0.0 0.0 0.0 0.0 0.0 0.0 
0.1125 0.0 0.0 0.0 0.0 0.0 0.0 0.0 0.0 0.0 0.0 0.0 0.0 0.0 0.0 0.0 
0.1375 0.0 0.0 0.0 0.0 0.0 0.0 0.0 0.0 0.0 0.0 0.0 0.0 0.0 0.0 0.0 
0.1625 0.0 0.0 0.0 0.0 0.0 0.0 0.0 0.0 0.0 0.0 0.0 0.0 0.0 0.0 0.0 
0.1875 0.0 0.0 0.0 0.0 0.0 0.0 0.0 0.0 0.0 0.0 0.0 0.0 0.0 0.0 0.0 
0.2125 0.0 0.0 0.0 0.0 0.0 0.0 0.0 0.0 0.0 0.0 0.0 0.0 0.0 0.0 0.0 
0.2375 0.0 0.0 0.0 0.0 0.0 0.0 0.0 0.0 0.0 0.0 0.0 0.0 0.0 0.0 0.0 
0.2625 0.0 0.0 0.0 0.0 0.0 0.0 0.0 0.0 0.0 0.0 0.0 0.0 0.0 0.0 0.0 
0.2875 0.0 0.0 0.0 0.0 0.0 0.0 0.0 0.0 0.0 0.0 0.0 0.0 0.0 0.0 0.0 
0.3125 0.0 0.0 0.0 0.0 0.0 0.0 0.0 0.0 0.0 0.0 0.0 0.0 0.0 0.0 0.0 
0.3375 0.0 0.0 0.0 0.0 0.0 0.0 0.0 0.0 0.0 0.0 0.0 0.0 0.0 0.0 0.0 
0.3625 0.0 0.0 0.0 0.0 0.0 0.0 0.0 0.0 0.0 0.0 0.0 0.0 0.0 0.0 0.0 
0.3875 0.0 0.0 0.0 0.0 0.0 0.0 0.0 0.0 0.0 0.0 0.0 0.0 0.0 0.0 0.0 
0.4125 0.0 0.0 0.0 0.0 0.0 0.0 0.0 0.0 0.0 0.0 0.0 0.0 0.0 0.0 0.0 
0.4375 0.0 0.0 0.0 0.0 0.0 0.0 0.0 0.0 0.0 0.0 0.0 0.0 0.0 0.0 0.0 
0.4625 0.0 0.0 0.0 0.0 0.0 0.0 0.0 0.0 0.0 0.0 0.0 0.0 0.0 0.0 0.0 
0.4875 0.0 0.0 0.0 0.0 0.0 0.0 0.0 0.0 0.0 0.0 0.0 0.0 0.0 0.0 0.0 
0.5125 0.0 0.0 0.0 0.0 0.0 0.0 0.0 0.0 0.0 0.0 0.0 0.0 0.0 0.0 0.0 
0.5375 0.0 0.0 0.0 0.0 0.0 0.0 0.0 0.0 0.0 0.0 0.0 0.0 0.0 0.0 0.0 
0.5625 0.0 0.0 0.0 0.0 0.0 0.0 0.0 0.0 0.0 0.0 0.0 0.0 0.0 0.0 0.0 
0.5875 0.0 0.0 0.0 0.0 0.0 0.0 0.0 0.0 0.0 0.0 0.0 0.0 0.0 0.0 0.0 
0.6125 0.0 0.0 0.0 0.0 0.0 0.0 0.0 0.0 0.0 0.0 0.0 0.0 0.0 0.0 0.0 
0.6375 0.0 0.0 0.0 0.0 0.0 0.0 0.0 0.0 0.0 0.0 0.0 0.0 0.0 0.0 0.0 
0.6625 0.0 0.0 0.0 0.0 0.0 0.0 0.0 0.0 0.0 0.0 0.0 0.0 0.0 0.0 0.0 
0.6875 0.0 0.0 0.0 0.0 0.0 0.0 0.0 0.0 0.0 0.0 0.0 0.0 0.0 0.0 0.0 
0.7125 0.0 0.0 0.0 0.0 0.0 0.0 0.0 0.0 0.0 0.0 0.0 0.0 0.0 0.0 0.0 
0.7375 0.0 0.0 0.0 0.0 0.0 0.0 0.0 0.0 0.0 0.0 0.0 0.0 0.0 0.0 0.0 
0.7625 0.0 0.0 0.0 0.0 0.0 0.0 0.0 0.0 0.0 0.0 0.0 0.0 0.0 0.0 0.0 
0.7875 0.0 0.0 0.0 0.0 0.0 0.0 0.0 0.0 0.0 0.0 0.0 0.0 0.0 0.0 0.0 
0.8125 0.0 0.0 0.0 0.0 0.0 0.0 0.0 0.0 0.0 0.0 0.0 0.0 0.0 0.0 0.0 
0.8375 0.0 0.0 0.0 0.0 0.0 0.0 0.0 0.0 0.0 0.0 0.0 0.0 0.0 0.0 0.0 
0.8625 0.0 0.0 0.0 0.0 0.0 0.0 0.0 0.0 0.0 0.0 0.0 0.0 0.0 0.0 0.0 
0.8875 0.0 0.0 0.0 0.0 0.0 0.0 0.0 0.0 0.0 0.0 0.0 0.0 0.0 0.0 0.0 
0.9125 0.0 0.0 0.0 0.0 0.0 0.0 0.0 0.0 0.0 0.0 0.0 0.0 0.0 0.0 0.0 
0.9375 0.0 0.0 0.0 0.0 0.0 0.0 0.0 0.0 0.0 0.0 0.0 0.0 0.0 0.0 0.0 
0.9625 0.0 0.0 0.0 0.0 0.0 0.0 0.0 0.0 0.0 0.0 0.0 0.0 0.0 0.0 0.0 
0.9875 0.0 0.0 0.0 0.0 0.0 0.0 0.0 0.0 0.0 0.0 0.0 0.0 0.0 0.0 0.0 
1.0125 0.0 0.0 0.0 0.0 0.0 0.0 0.0 0.0 0.0 0.0 0.0 0.0 0.0 0.0 0.0 
1.0375 0.0 0.0 0.0 0.0 0.0 0.0 0.0 0.0 0.0 0.0 0.0 0.0 0.0 0.0 0.0 
1.0625 0.0 0.0 0.0 0.0 0.0 0.0 0.0 0.0 0.0 0.0 0.0 0.0 0.0 0.0 0.0 
1.0875 0.0 0.0 0.0 0.0 0.0 0.0 0.0 0.0 0.0 0.0 0.0 0.0 0.0 0.0 0.0 
1.1125 0.0 0.0 0.0 0.0 0.0 0.0 0.0 0.0 0.0 0.0 0.0 0.0 0.0 0.0 0.0 
1.1375 0.0 0.0 0.0 0.0 0.0 0.0 0.0 0.0 0.0 0.0 0.0 0.0 0.0 0.0 0.0 
1.1625 0.0 0.0 0.0 0.0 0.0 0.0 0.0 0.0 0.0 0.0 0.0 0.0 0.0 0.0 0.0 
1.1875 0.0 0.0 0.0 0.0 0.0 0.0 0.0 0.0 0.0 0.0 0.0 0.0 0.0 0.0 0.0 
1.2125 0.0 0.0 0.0 0.0 0.0 0.0 0.0 0.0 0.0 0.0 0.0 0.0 0.0 0.0 0.0 
1.2375 0.0 0.0 0.0 0.0 0.0 0.0 0.0 0.0 0.0 0.0 0.0 0.0 0.0 0.0 0.0 
1.2625 0.0 0.0 0.0 0.0 0.0 0.0 0.0 0.001076208 0.0 0.0 0.0 0.0 0.0 0.0 0.0 
1.2875 0.0 0.0 0.0 0.0 0.0 0.0 0.0 0.0175919502 0.0 0.0 0.0 0.0 0.0 0.0 0.0 
1.3125 0.0 0.0 0.0 0.0 0.0 0.0 0.0 0.1055522018 0.0 0.0 0.0 0.0 0.0 0.0 0.0 
1.3375 0.0 0.0 0.0 0.0 0.0 0.0 0.0 0.4804085044 0.0 0.0 0.0 0.0 0.0 0.0 0.0 
1.3625 0.0 0.0 0.0 0.0 0.0 0.0 0.0 1.2881034813 0.0 0.0 0.0 0.0 0.0 0.0 0.0 
1.3875 0.0 0.0 0.0 0.0 0.0 0.0 0.0 2.9439843182 0.0 0.0 0.0 0.0 0.0 0.0 0.0 
1.4125 0.0 0.0 0.0 0.0 0.0 0.0 0.0 5.9401871664 0.0 0.0 0.0 0.0 0.0 0.0 0.0 
1.4375 0.0 0.0 0.0 0.0 0.0 0.0 0.0 10.7003861606 0.0 0.0 0.0 0.0 0.0 0.0 0.0 
1.4625 0.0 0.0 0.0 0.0 0.0 0.0 0.0 16.4561051362 0.0 0.0 0.0 0.0 0.0 0.0 0.0 
1.4875 0.0 0.0 0.0 0.0 0.0 0.0 0.0 21.9228849749 0.0 0.0 0.0 0.0 0.0 0.0 0.0 
1.5125 0.0 0.0 0.0 0.010497855 0.0 0.0 0.0 25.756487135 0.0 0.0 0.0 0.0 0.0 0.0 0.0 
1.5375 0.0 0.0 0.0 0.0696633896 0.0 0.0 0.0 27.0098023394 0.0 0.0 0.0 0.0 0.0 0.0 0.0 
1.5625 0.0 0.0 0.0 0.3550600552 0.0 0.0 0.0 26.8894755503 0.0 0.0 0.0 0.0 0.0 0.0 0.0 
1.5875 0.0 0.0 0.0 1.2351895395 0.0 0.0 0.0 24.7927316965 0.0 0.0 0.0 0.0 0.0 0.0 0.0 
1.6125 0.0 0.0 0.0 3.0079207204 0.0 0.0 0.0 21.5678339355 0.0 0.0 0.0 0.0 0.0 0.0 0.0 
1.6375 0.0 0.0 0.0 6.2775355357 0.0 0.0 0.0 17.7840760606 0.0 0.0 0.0 0.0 0.0 0.0 0.0 
1.6625 0.0 0.0 0.0 10.530238857 0.0 0.0 0.0 14.4200139255 0.0 0.0 0.0 0.0 0.0 0.0 0.0 
1.6875 0.0 0.0 0.0 16.2332029788 0.0 0.0 0.0 11.0598785324 0.0 0.0 0.0 0.0 0.0 0.0 0.0 
1.7125 0.0 0.0 0.0 21.568339585 0.0 0.0 0.0 8.1492525881 0.0 0.0 0.0 0.0 0.0 0.0 0.0 
1.7375 0.0 0.0 0.0 25.6361658678 0.0 0.0 0.0 6.056082508 0.0 0.0 0.0 0.0 0.0 0.0 0.0 
1.7625 0.0 0.0 0.0 26.9716192857 0.0 0.0 0.0 4.5077253814 0.0 0.0 0.0 0.0 0.0 0.0 0.0 
1.7875 0.0 0.0 0.0 26.7414366415 0.0 0.0 0.0 3.3178938039 0.0 0.0 0.0 0.0 0.0 0.0 0.0 
1.8125 0.0 0.0 0.0 24.2045764349 0.0 0.0 0.0 2.4228596164 0.0 0.0 0.0 0.0 0.0 0.0 0.0 
1.8375 0.0 0.0 0.0 20.818112586 0.0 0.0 0.0097546799 1.7934385355 0.0 0.0 0.0 0.0 0.0 0.0 0.0 
1.8625 0.0 0.0 0.0 16.632641663 0.0 0.0 0.0118682133 1.3465477062 0.0 0.0 0.0 0.0 0.0 0.0 0.0 
1.8875 0.0 0.0 0.0 13.0350667148 0.0 0.0 0.0392900947 0.9981417442 0.0 0.0 0.0 0.0 0.0 0.0 0.0 
1.9125 0.0 0.0 0.0 9.8203499733 0.0 0.0 0.065283488 0.7302183248 0.0 0.0 0.0 0.0 0.0 0.0 0.0 
1.9375 0.0 0.0 0.0190097791 7.114348883 0.0 0.0 0.0877374418 0.5341930701 0.0 0.0 0.0 0.0 0.0 0.0 0.0 
1.9625 0.0 0.0 0.0427581804 5.1303877897 0.0 0.0 0.0705509977 0.4364897587 0.0 0.0 0.0 0.0 0.0 0.0 0.0 
1.9875 0.0 0.0 0.1987189123 3.5638546197 0.0 0.0 0.089631957 0.3573987431 0.0 0.0 0.0 0.0 1.4475445246e-04 1.6284875902e-04 0.0 
2.0125 0.0 0.0 0.5556862603 2.5310831489 0.0 0.0 0.1016499257 0.2897022881 0.0 0.0 0.0 0.0 4.235413569e-04 2.6471334806e-04 0.0 
2.0375 0.0 0.0 1.0816226797 1.86055409 0.0 0.0 0.1844576575 0.2404891502 0.0 0.0 0.0 0.0 9.6416039606e-04 0.0010846804 0.0 
2.0625 0.0 0.0 1.9756277776 1.2936426173 0.0 0.0 0.2729231058 0.1806583206 0.0 0.0 0.0 0.0 0.0022179035 0.0021674966 0.0 
2.0875 0.0 0.0 2.8368305289 0.9222008658 0.0 0.0 0.2191867283 0.1653348166 0.0 0.0 0.0 0.0 0.0055111606 0.0087096019 0.0 
2.1125 0.0 0.0 3.6409638927 0.66935513 0.0 0.0 0.2324804648 0.1287714215 0.0 0.0 0.0 0.0 0.0117239652 0.0197962036 0.0 
2.1375 0.0 0.0 4.0296657642 0.49134329 0.0 0.0 0.2198654844 0.0953651521 0.0 0.0 0.0 0.0 0.0228400791 0.0430832724 0.0 
2.1625 0.0 0.0 4.013333003 0.3582634329 0.0 0.0 0.3081310071 0.0796005102 0.0 0.0 0.0 0.0 0.0487874095 0.0863408759 0.0 
2.1875 0.0 0.0 3.7890548154 0.266474677 0.0 0.0 0.2890832012 0.0656029586 0.0 0.0 0.0 0.0 0.0854391902 0.1580027541 0.0 
2.2125 0.0 0.0 3.5323403242 0.1988109534 0.0 0.0 0.3061361614 0.0690348258 0.0 0.0 0.0 0.0 0.1540726484 0.2474477988 0.0 
2.2375 0.0 0.0 3.0865332369 0.1557886077 0.0 0.0 0.2861759058 0.0681860695 0.0 0.0 0.0 0.0 0.2459038654 0.3676565456 0.0 
2.2625 0.0 0.0 2.4599993019 0.1224280385 0.0 0.0 0.2605840586 0.0529478926 0.0 0.0 0.0 0.0 0.3824759159 0.5264629064 0.0 
2.2875 0.0 0.0 1.9470388109 0.1000969575 0.0 0.0 0.2738023328 0.045240328 0.0 0.0 0.0 0.0 0.6016198687 0.7251565614 0.0 
2.3125 0.0 0.0 1.3826843522 0.0769868793 0.0 0.0 0.2325003755 0.0375311037 0.0 0.0 0.0 0.0 0.8791473911 0.9710772098 0.0 
2.3375 0.0 0.0 0.9473871257 0.0709535692 0.0 0.0 0.2185118768 0.0320232923 0.0 0.0 0.0 0.0 1.1658676072 1.2123720206 0.0 
2.3625 0.0 0.0 0.6727157249 0.0559367059 0.0 0.0 0.2316148439 0.027968353 0.0 0.0 0.0 0.0 1.566227766 1.4551995516 0.0 
2.3875 0.0 0.0 0.5277314719 0.0583827016 0.0 0.0 0.2513465587 0.0231725156 0.0 0.0 0.0 0.0 1.9745792071 1.7291361226 0.0 
2.4125 0.0 0.0 0.473465514 0.0487298504 0.0 0.0 0.200892738 0.0224000119 0.0 0.0 1.1789479929e-04 0.0 2.3938538996 1.9954800044 0.0 
2.4375 0.0 0.0 0.3991295255 0.0413835108 0.0 0.0 0.2245103581 0.0259849952 8.6616650509e-04 0.0 4.6195546938e-04 0.0 2.8408336553 2.231100556 0.0 
2.4625 0.0 0.0 0.3919718265 0.0416790674 0.0 0.020368051 0.2145434709 0.0237627262 0.0025460064 0.0 0.0016973376 0.0020368051 3.1803391536 2.462235697 0.0 
2.4875 0.0 0.0 0.3344526802 0.0439874767 0.0 0.0066535679 0.1849691879 0.0293865916 0.002910936 0.0 0.0023287488 0.0076516031 3.4745948139 2.6116640203 0.0 
2.5125 0.0 0.0 0.2443507975 0.0378627793 0.0 0.0065218184 0.1734803704 0.0201089402 0.0036685229 0.0 0.0052174547 0.0246198646 3.7048004861 2.7393675505 0.0 
2.5375 0.0 0.0 0.2190991403 0.0309040616 0.0 0.0703333816 0.141945552 0.0239772892 0.0063939438 0.0 0.0096974814 0.0418803318 3.8507526427 2.8526979805 0.0 
2.5625 0.0 0.0 0.1747182448 0.0207251506 0.0 0.0689677282 0.1291577455 0.0289977948 0.0137151732 0.0 0.010867642 0.0731998388 3.9389977493 2.9501011048 0.0 
2.5875 0.0 0.0040994828 0.1820170385 0.0275006974 0.0 0.0860891398 0.143891848 0.0238282441 0.0157573872 0.0 0.0155780348 0.1297486322 3.9082590551 2.9979069693 0.0 
2.6125 0.0 0.0080427997 0.1705073534 0.024631074 0.0 0.1146098956 0.1206419953 0.0211123492 0.025636424 0.0 0.0229219791 0.19528923 3.7864830705 2.9922042392 0.0 
2.6375 0.0 0.0276186865 0.134147906 0.0200564271 0.0 0.0769377696 0.1159984835 0.0224401828 0.0314409155 0.0 0.0354111017 0.2897002942 3.5927719064 2.974218131 0.0 
2.6625 0.0 0.0193589033 0.0967945163 0.0187136065 0.0 0.0871150647 0.1080226802 0.0290383549 0.0635214014 0.0 0.0395889572 0.432090721 3.3774833238 2.9139686664 0.0 
2.6875 0.0 0.0266005816 0.1018422266 0.0221671513 0.0 0.1539033648 0.1083023678 0.0277881075 0.0847893537 0.0 0.0466460198 0.6245911553 3.0954447583 2.8334369468 1.7812889439e-04 
2.7125 0.0 0.0317080495 0.0947511125 0.0259570797 0.0 0.2126304493 0.1298164848 0.0240141845 0.1129599262 0.0 0.0548362738 0.8163890145 2.8154494159 2.7303603212 0.0011365937 
2.7375 0.0 0.0256377516 0.0644606326 0.0225856383 6.8672548883e-04 0.4010476855 0.1285550115 0.0347940914 0.1497061566 0.0 0.0727929018 1.0818673351 2.5322620886 2.6347940193 0.0015451323 
2.7625 0.0 0.0377637341 0.0632992114 0.0292219371 0.0038213302 0.5880352879 0.1014226001 0.0348415404 0.1803892655 0.0017263421 0.0896439116 1.3798598694 2.27751282 2.5632134511 0.0020230572 
2.7875 0.0 0.049452533 0.0642882929 0.0289944911 0.0044154047 0.7311910241 0.1070294108 0.0366478593 0.2298218164 0.0127163656 0.0992582984 1.6467693499 2.0083468436 2.4862592136 0.0028976094 
2.8125 0.0 0.0589867093 0.0444135223 0.0267464246 0.0084576532 0.8431629623 0.1061760767 0.044240032 0.3187884657 0.0116585496 0.1191011057 1.911299499 1.7809865813 2.3534775342 0.0026023548 
2.8375 0.0 0.0426116776 0.0613608157 0.0255670066 0.0085223355 1.1198348871 0.1002226657 0.0402680353 0.3688040696 0.0139084516 0.1427491199 2.2495130718 1.5835919783 2.2481654775 0.0080695864 
2.8625 0.0 0.0787167727 0.0368461489 0.0272159055 0.012351834 1.4118774339 0.1145580267 0.0515008673 0.4603675085 0.033764471 0.1714183338 2.4819649658 1.4143198869 2.1284931599 0.0118546204 
2.8875 0.0 0.0971110134 0.0520120004 0.0309987133 0.0193399052 1.3875353278 0.1056699502 0.0559622789 0.5891470064 0.0268618939 0.2085417865 2.741987073 1.2836347731 2.0478696448 0.0137333901 
2.9125 0.0 0.1261895064 0.0647125674 0.0281769304 0.0236605325 1.6841445662 0.0844499004 0.0705771438 0.6709884331 0.0256261767 0.2421058927 2.8976265408 1.1744993936 1.9528028343 0.0225988419 
2.9375 0.0 0.1176891758 0.0617072976 0.0312777539 0.0351874732 2.1756593576 0.0896982367 0.070176147 0.828396614 0.0419864087 0.2523955702 3.1798740579 1.0623833705 1.8396140189 0.028030699 
2.9625 0.0 0.1204022501 0.0575428936 0.0368764467 0.0416325962 2.0968755513 0.1003873306 0.087760731 0.9232467996 0.0465346878 0.2959237122 3.3358850703 0.9919503563 1.733103412 0.0334966487 
2.9875 0.0 0.1291588285 0.0492033633 0.0299832995 0.05727579 2.5232099717 0.1116301304 0.0918719048 1.0569113067 0.0671625908 0.3378887211 3.4022972484 0.9154836708 1.6600128827 0.0410108111 
3.0125 0.0 0.1527312632 0.0508096083 0.0341503072 0.0969692302 2.5359438452 0.0934533868 0.0905424196 1.1831947301 0.0863763342 0.3755525665 3.4375875648 0.8611296097 1.5746867319 0.0520288121 
3.0375 0.0 0.1680763438 0.0398623541 0.0298719756 0.1316350126 2.7308687364 0.0999533655 0.0972388582 1.3503744303 0.0863882659 0.3987722812 3.4671323663 0.8211694525 1.5029260233 0.058705869 
3.0625 0.0 0.2077767321 0.0362877673 0.0308494796 0.1673553784 3.5292780128 0.1246660393 0.1097412317 1.5635381992 0.1088633019 0.4173824847 3.5231325038 0.7916610523 1.4154561246 0.0768874505 
3.0875 0.0 0.2533725346 0.0454918869 0.0375500016 0.2155825969 3.7228487192 0.1019248605 0.1292055965 1.6732844555 0.1271469447 0.4447695715 3.5487990633 0.7717545054 1.3450293598 0.0900885122 
3.1125 0.0 0.3031488268 0.0526968989 0.0439140824 0.272161067 3.5187929238 0.1266425473 0.1535222154 1.8252675855 0.1604705565 0.4879421186 3.5045562616 0.7643647404 1.2974132323 0.1128839819 
3.1375 0.0 0.3791947456 0.0557639332 0.0415906002 0.3373717957 3.2998307454 0.1196136367 0.1707770453 2.0200484791 0.1913818186 0.5266206439 3.4237312344 0.7340218141 1.2493517137 0.1386692182 
3.1625 0.0 0.3883168885 0.0428109078 0.0443660049 0.4370280176 3.6183449995 0.1045574095 0.1943299623 2.1245942126 0.1962715467 0.5347933119 3.33163541 0.7156019338 1.1824669473 0.1525009953 
3.1875 0.0090047011 0.4187186009 0.041061437 0.0445732704 0.5539579555 3.4240375914 0.0956299256 0.1961899251 2.2519631851 0.199039913 0.5434562228 3.2655998757 0.71469187 1.1300126033 0.1731013087 
3.2125 0.0070920769 0.4428115524 0.0457438961 0.0405578149 0.618008015 3.31111341 0.0973387557 0.2204084529 2.3743774852 0.246378752 0.5763199004 3.1578248163 0.7120611444 1.0968478722 0.2076925806 
3.2375 0.0192031681 0.4988459343 0.0576095042 0.0471350489 0.7315752383 3.1541203561 0.0942700978 0.2320746505 2.4524955135 0.315490594 0.5760950422 3.0048593679 0.7067802386 1.051639405 0.2256099476 
3.2625 0.0223481767 0.5544066913 0.0546670784 0.0483494208 0.8888235182 2.8622857088 0.1036611581 0.2372344912 2.6173958927 0.3416176673 0.5845767299 2.8977741836 0.7044779212 1.0292181488 0.2554058151 
3.2875 0.0321678396 0.6844131146 0.0680603765 0.0532250768 1.0556659613 2.8074905312 0.1516121074 0.263956171 2.5982143968 0.3919058695 0.5881635523 2.7146376388 0.708433179 1.0018192198 0.2935579906 
3.3125 0.0216786097 0.8242040662 0.0730402389 0.0552387652 1.2051952099 2.6639676192 0.1313223474 0.2773402909 2.7317393306 0.4094255586 0.5930142003 2.6571200968 0.7245397847 0.9626397074 0.326371209 
3.3375 0.0427101089 0.7404454455 0.0561802202 0.0690959214 1.3693928663 2.1843756653 0.129362349 0.3096996237 2.7646582025 0.5298681817 0.6112062987 2.4714676785 0.7141109673 0.9250947985 0.3595580291 
3.3625 0.0356039354 0.8933351063 0.0388406568 0.0734331168 1.4912688111 2.0172866124 0.1026849864 0.3397040257 2.790610158 0.5773663633 0.6273979843 2.3671256219 0.7344070282 0.8989298298 0.41055788 
3.3875 0.0398640427 0.8275775274 0.0521421679 0.0768379424 1.6481290173 1.668310189 0.099739835 0.3496574849 2.8466663775 0.6371868593 0.6495646445 2.2898005814 0.7470521611 0.8646884597 0.476499886 
3.4125 0.0502810833 0.7966409136 0.0692936179 0.0832780442 1.8073201495 1.6086018447 0.1187890593 0.3706265789 2.8859819634 0.670875354 0.6707810769 2.1950344403 0.7680631885 0.8428035146 0.5267176713 
3.4375 0.0743285772 0.7885797487 0.0608565226 0.0921364655 1.9567868985 1.2264215237 0.1107960354 0.3909508953 2.8419792803 0.7525768441 0.6757512913 2.0847423828 0.7716187029 0.8292826292 0.564051554 
3.4625 0.0351033283 0.7955482546 0.0782956843 0.0960572053 2.1618594567 1.0439424579 0.1359872412 0.4086485279 2.772542901 0.7620779942 0.6977358829 1.9397068991 0.7960490494 0.8050812407 0.6073388508 
3.4875 0.0240708596 0.6657097119 0.0690532786 0.1099173239 2.2930314611 0.7480771848 0.1706022177 0.4297494687 2.7731322788 0.8026428147 0.7243824323 1.8842405652 0.8312908988 0.7859993667 0.6452588839 
3.5125 0.0296617935 0.7919698855 0.076972354 0.1163298462 2.3999635173 0.7141076777 0.2289148911 0.4691198023 2.7363004472 0.848920529 0.7444739388 1.7609928701 0.8578283363 0.780829333 0.701437689 
3.5375 0.0380172373 0.6601839475 0.0829068213 0.1261148737 2.495977848 0.5560020953 0.2197688755 0.4660767071 2.6611609163 0.8490711288 0.7831185331 1.6729412158 0.8874648829 0.7708086247 0.780335781 
3.5625 0.0403690392 0.6314871132 0.0878026603 0.1375971492 2.5362209317 0.5384941479 0.224480693 0.5002426811 2.6056953273 0.8802757348 0.7901698767 1.6377845358 0.9005539683 0.7535910668 0.8021150123 
3.5875 0.0696646426 0.5662029367 0.0929809719 0.1376409838 2.60309401 0.4478441308 0.1912934216 0.5279495839 2.6118909483 0.8874991117 0.8157160953 1.5426630861 0.9124824164 0.7323784338 0.8645990819 
3.6125 0.074312237 0.5657544836 0.0946429433 0.162207489 2.6335713471 0.3880360677 0.2094763813 0.5569474319 2.5642322463 0.8898960486 0.8616188403 1.4491412009 0.9294287566 0.7280276968 0.9383453487 
3.6375 0.076060099 0.5082197521 0.1057926831 0.1661221707 2.7468499715 0.3671628413 0.2333662127 0.5716175732 2.6033945746 0.8806929713 0.8832133264 1.3896957967 0.9293377261 0.707747864 0.9825203735 
3.6625 0.080481668 0.3836520192 0.1415931719 0.1753716008 2.7566676418 0.300783183 0.1927467744 0.5750943767 2.5052476852 0.8903182218 0.8952391983 1.3370272868 0.9358125308 0.710347699 1.0116903746 
3.6875 0.0619004805 0.3552549317 0.1162652504 0.1851127142 2.7499456678 0.2391915307 0.2167862481 0.5680798854 2.483504469 0.8346876099 0.9336039049 1.2618867115 0.935130391 0.7038078327 1.0714891176 
3.7125 0.1075356249 0.3793617879 0.12944103 0.1915063444 2.8231835414 0.2061099477 0.2365783748 0.6009050892 2.3743716624 0.9711661769 0.9489521048 1.2346433935 0.9193424692 0.6964456379 1.1084010505 
3.7375 0.1296800242 0.3212527871 0.1615105756 0.2068003416 2.8482940157 0.17094185 0.2357818621 0.6028401881 2.4071854487 0.8917270026 0.9794771523 1.1626256258 0.9130816348 0.6842893131 1.171402974 
3.7625 0.1887122753 0.2850072377 0.137656557 0.2245805331 2.8580700286 0.1657695158 0.2396387386 0.6280580411 2.3396767622 0.8943410788 1.0152171076 1.0713945546 0.9003821336 0.6822391046 1.1770635327 
3.7875 0.1466874269 0.3243067678 0.1343146614 0.2425923045 2.8334988436 0.1836781694 0.2393556145 0.6474177143 2.4184890214 0.918390847 1.0209923244 1.0335484493 0.875620301 0.6845928125 1.2528770446 
3.8125 0.1523231876 0.2539768852 0.1472877104 0.2526393365 2.8441398494 0.1614499902 0.2883440176 0.6603162977 2.3528857674 0.9702861166 1.0814316888 0.9621852925 0.872081721 0.6853510778 1.2781900129 
3.8375 0.1354347452 0.2544060925 0.1625216943 0.2683844493 2.7590946464 0.1621489381 0.2952228942 0.6831921853 2.3901242718 0.9456078762 1.1142148151 0.9595442979 0.8481562091 0.6757953049 1.3083741902 
3.8625 0.1447256192 0.2226076262 0.1858129772 0.2797926431 2.7938636884 0.1159031442 0.3223211248 0.735433046 2.2882247235 1.0111169533 1.0990561643 0.9528894213 0.8505504711 0.6849122682 1.3838524963 
3.8875 0.1416594238 0.2324667468 0.2179375751 0.3037504953 2.7592940176 0.1716258404 0.3492449641 0.7449605758 2.2861311104 1.041305734 1.1181105677 0.9020572446 0.8412920109 0.6904478048 1.4343016663 
3.9125 0.1972312266 0.2115753158 0.1975898288 0.3030935933 2.7216788634 0.1559919701 0.3759944383 0.7874680847 2.1811980647 1.0534299112 1.1352898353 0.8742274118 0.833189869 0.6897629849 1.4678878006 
3.9375 0.2006357127 0.1805721414 0.2404087922 0.3472768145 2.6527065505 0.1540174147 0.3754838352 0.7981908261 2.1326764864 1.0511423008 1.1490230234 0.8203418939 0.8166869308 0.6796626971 1.495031112 
3.9625 0.143339878 0.1940332495 0.240181698 0.353324059 2.6514599842 0.170434611 0.4100918949 0.8419032774 2.0327604956 1.1088213587 1.1614463225 0.7868179371 0.8026086309 0.6876107905 1.5019550098 
3.9875 0.0932146373 0.1907447672 0.2444294935 0.3681115077 2.5909137915 0.1708935018 0.4184301499 0.844433989 1.9780599172 1.1761615797 1.1642767134 0.7628711813 0.8045516461 0.6927848864 1.5551146833 
4.0125 0.1045582346 0.1534278442 0.2604863844 0.383995799 2.54519746 0.2199132434 0.4577264019 0.8652691131 1.8975508274 1.1914183529 1.2059428555 0.7396500656 0.8040222803 0.6906117564 1.5534968778 
4.0375 0.121226958 0.1868915602 0.2892609914 0.4035987786 2.5289290405 0.1995193684 0.4283352516 0.8879453746 1.8338734349 1.278540317 1.1904655646 0.7574790704 0.7981827052 0.7012774318 1.5687289262 
4.0625 0.111978634 0.1563266079 0.2943596765 0.428858766 2.4417717236 0.1995658824 0.4555091266 0.9132217931 1.7042614535 1.2832086238 1.2108244152 0.7219919439 0.8045865805 0.7149551677 1.5856912554 
4.0875 0.1358021701 0.1609912824 0.2914270764 0.4546360958 2.4340690884 0.1971321825 0.4800168643 0.9490066472 1.6398933429 1.3456242775 1.2039437352 0.7074581198 0.802543596 0.7186982478 1.612402644 
4.1125 0.1200913507 0.143622764 0.3323609274 0.4698168383 2.3736298899 0.177702742 0.5301870849 0.9266508279 1.5761989783 1.2806281984 1.2020495065 0.7289463846 0.8045985261 0.728598992 1.6225264482 
4.1375 0.0972671 0.1026114461 0.3508028815 0.5081137105 2.2657689536 0.2404955769 0.600757951 0.945949269 1.512416559 1.3256116197 1.2074481263 0.703629934 0.8025537813 0.728162988 1.6264640709 
4.1625 0.0823733473 0.1219759181 0.3798678594 0.5222919049 2.2290306989 0.2328631165 0.6524919569 0.9682828567 1.4409890427 1.3869137124 1.2316003501 0.6705507292 0.8001039392 0.7397017682 1.6341258303 
4.1875 0.0678272699 0.1001756602 0.3769109214 0.5501835085 2.1011453407 0.2371345705 0.6728986922 0.9516687715 1.4097474128 1.3692760548 1.2289127372 0.6543505427 0.8145794241 0.7435034562 1.6282091034 
4.2125 0.0948655732 0.1206442615 0.3922485221 0.5772492791 2.0489223743 0.2528889328 0.7424262248 0.9353797072 1.3559428961 1.506011597 1.2401611397 0.63924058 0.8145582172 0.7567696481 1.6495782682 
4.2375 0.0764262396 0.142917068 0.44021514 0.5901379466 2.0024630098 0.2957695472 0.7657909206 0.9408070092 1.2356689948 1.4585794971 1.2417353276 0.6054104568 0.809688242 0.7649311254 1.6753825876 
4.2625 0.0997027359 0.1571073414 0.5121095071 0.6060843712 1.93816076 0.2628526674 0.797168693 0.967664148 1.2125778761 1.4291933997 1.2493054938 0.6130018779 0.8232556872 0.7730148554 1.6442099973 
4.2875 0.1134742353 0.168718271 0.469723611 0.6270944585 1.9106784281 0.3113076062 0.8008892084 0.9649042709 1.1308696719 1.3960914344 1.2483285699 0.6072178038 0.8146628902 0.7871925136 1.6604355446 
4.3125 0.0954364359 0.1800501831 0.4887919726 0.6527434064 1.8331543748 0.221373176 0.8894774211 0.9680464508 1.0823764723 1.5290688012 1.2414976664 0.6041827406 0.8109483616 0.8011057104 1.6526199378 
4.3375 0.0992023372 0.203510677 0.5225628995 0.6714393482 1.7704152394 0.2450881271 0.9492788351 0.9494429566 1.0138606507 1.5423045712 1.255566051 0.5965817022 0.8072195078 0.8115808851 1.6275725359 
4.3625 0.0922998669 0.2357973162 0.5229364333 0.707872677 1.6476968425 0.2920425476 0.9566015892 0.9360684742 0.970635856 1.5080644501 1.2611190406 0.5950637317 0.8146845347 0.8310368142 1.6211741512 
4.3875 0.0903004847 0.2373952216 0.5580569954 0.7301863536 1.6137350106 0.2972787009 0.9966321916 0.9297979513 0.9485115386 1.4368613125 1.2407643047 0.5854679452 0.8242592598 0.839337807 1.5843056668 
4.4125 0.1061963903 0.250219371 0.5917864335 0.7568842288 1.490214944 0.3996461503 1.0390799908 0.9486309745 0.9138733893 1.5116351319 1.2414405018 0.5715045676 0.8244170274 0.8544242624 1.6077035114 
4.4375 0.1338093686 0.2697095086 0.6328068056 0.7794511875 1.4078731809 0.4056096485 1.0336773724 0.9454642431 0.8772092689 1.435774525 1.2039010093 0.5647696202 0.8456444287 0.8833617993 1.5780097023 
4.4625 0.1093430736 0.2467110525 0.722215595 0.7954364032 1.3498471344 0.4052125667 1.1176424161 0.9493723847 0.8422115783 1.448841667 1.197857965 0.576394202 0.8408763754 0.9006805472 1.5544669899 
4.4875 0.1081281631 0.2282958065 0.7474472853 0.8298722936 1.2839935416 0.4150213318 1.1694197133 0.9571386873 0.8030816104 1.4651275233 1.19238559 0.5733121033 0.8506432367 0.9116285997 1.5412841933 
4.5125 0.1293983867 0.2601446732 0.7914867984 0.8544561869 1.2297901357 0.4488506537 1.3000494159 0.9753740369 0.7665338022 1.396208592 1.1843659104 0.5699594562 0.8562533867 0.9449304549 1.535784465 
4.5375 0.1235328143 0.2952789753 0.786788493 0.8724505012 1.1515380128 0.3779304266 1.3893442349 0.9638225694 0.7306155006 1.4829270072 1.1905808254 0.5667956583 0.8572449671 0.9583444112 1.5312181173 
4.5625 0.1810765823 0.254474129 0.816426843 0.8886816735 1.1052483869 0.3678667461 1.3915647451 0.9482622419 0.7084154308 1.4379238662 1.1737784017 0.5660401223 0.8678875332 0.9734583121 1.5206333146 
4.5875 0.1825862107 0.2647500055 0.8860647967 0.9141265583 1.0836980674 0.4362506248 1.4014795857 0.9503449242 0.6853096278 1.4354406208 1.1730837989 0.5488834935 0.8687652966 0.9956756191 1.4933453107 
4.6125 0.214154614 0.2831743239 0.9784027664 0.9131135611 1.0320704287 0.4257290518 1.4165166634 0.9427318322 0.6437942452 1.4016548492 1.1581120298 0.5489969637 0.8733896003 1.000130671 1.4911099568 
4.6375 0.2569448729 0.324158929 1.0237806805 0.9147280014 0.9503025296 0.518781908 1.4223430172 0.9402523265 0.6350771143 1.4453914828 1.1677378741 0.5500332536 0.8781564293 1.0131661506 1.4757347207 
4.6625 0.2701893412 0.3377366765 1.0449004616 0.9327213823 0.9265663681 0.5492166515 1.511671487 0.9380083817 0.6300603957 1.4947783404 1.1896537699 0.56190545 0.8835338757 1.0364984727 1.4454518199 
4.6875 0.2473288445 0.3016662422 1.0655126483 0.9618864426 0.8861055509 0.5920902641 1.5832793456 0.965737944 0.6217181986 1.4659855148 1.1624455692 0.5571456963 0.8909589631 1.0676498412 1.4337929488 
4.7125 0.2323524593 0.3262821768 1.0752480827 1.0064486843 0.8508518413 0.5153775293 1.6269615817 0.9712765368 0.612010816 1.3985640579 1.1508244278 0.5406365899 0.9038932937 1.0844691847 1.4142756571 
4.7375 0.2869756973 0.3521974467 1.1487995883 0.995854586 0.8068134217 0.5851613828 1.7008201697 1.0030901238 0.6104985038 1.4836317442 1.1351030209 0.5525097445 0.9243144796 1.104954522 1.3896722984 
4.7625 0.3202738218 0.3787621142 1.1967914727 1.0146206103 0.7673563121 0.6498250969 1.6877300981 1.0128558773 0.6035386724 1.3870680058 1.1437889788 0.5538942132 0.9271528816 1.107527498 1.3758015724 
4.7875 0.329710973 0.4047541484 1.2396493918 1.0383800028 0.7568184077 0.6628148555 1.7218816272 1.0088916273 0.5689609904 1.4413079675 1.1298987477 0.5513128713 0.9329877506 1.1251985701 1.3516752811 
4.8125 0.3831785477 0.4260392409 1.24600183 1.0580369512 0.7566788743 0.600839764 1.7961198151 1.0144355778 0.5663981355 1.4036185728 1.1165309341 0.5430222689 0.9391207479 1.1449989769 1.3235306764 
4.8375 0.3471698147 0.4222335584 1.3199490183 1.0776729664 0.715231394 0.6773329999 1.8613462699 1.0248693368 0.5727642202 1.3486139855 1.1208248451 0.5609108927 0.9458593709 1.1542058532 1.307412127 
4.8625 0.355991441 0.4521478248 1.3572560635 1.0883857887 0.6901203641 0.6999875182 1.8321563847 1.03612373 0.5542656142 1.3723934387 1.1429646939 0.5707423104 0.9392297281 1.1444175598 1.2705502609 
4.8875 0.3829988119 0.4716630369 1.3730507407 1.0902061181 0.6521272895 0.741102701 1.8417263868 1.0331632325 0.5557193074 1.3498410127 1.1303539685 0.5741391565 0.9458514721 1.1590770841 1.2835457136 
4.9125 0.4041318278 0.4987199057 1.4202996995 1.0731197515 0.6458621812 0.8239967427 1.8516895746 1.0327681742 0.528219444 1.367800473 1.1417103246 0.5849865074 0.9457386125 1.1714515459 1.2748865235 
4.9375 0.400049723 0.5730543406 1.4322980984 1.1066572486 0.6380718026 0.8038522577 1.857641772 1.0538598795 0.5282668789 1.3085904148 1.139635081 0.5792042607 0.9496138081 1.18013906 1.2701097877 
4.9625 0.4027163283 0.5812266565 1.5469656744 1.1370049103 0.6244146391 0.7656811371 1.8734110966 1.0368598732 0.5286000099 1.2713650462 1.1339213812 0.5741772632 0.9456310647 1.178770708 1.238354451 
4.9875 0.4722480915 0.60189564 1.5414265977 1.1615868653 0.6182395065 0.7861606664 1.9218731911 1.0186987161 0.4972466215 1.2875160117 1.1322368671 0.5863931033 0.9425422749 1.1782151978 1.1941108148 
