# Radial distribution function (200 data points):
# "Pair separation distance" g(r)
0.0125 0.0 
0.0375 0.0 
0.0625 0.0 
0.0875 0.0 
0.1125 0.0 
0.1375 0.0 
0.1625 0.0 
0.1875 0.0 
0.2125 0.0 
0.2375 0.0 
0.2625 0.0 
0.2875 0.0 
0.3125 0.0 
0.3375 0.0 
0.3625 0.0 
0.3875 0.0 
0.4125 0.0 
0.4375 0.0 
0.4625 0.0 
0.4875 0.0 
0.5125 0.0 
0.5375 0.0 
0.5625 0.0 
0.5875 0.0 
0.6125 0.0 
0.6375 0.0 
0.6625 0.0 
0.6875 0.0 
0.7125 0.0 
0.7375 0.0 
0.7625 0.0 
0.7875 0.0 
0.8125 0.0 
0.8375 4.5271964611 
0.8625 0.0 
0.8875 0.0 
0.9125 0.0 
0.9375 0.0 
0.9625 0.0 
0.9875 0.0 
1.0125 3.0975554734 
1.0375 0.0 
1.0625 0.0 
1.0875 0.0 
1.1125 0.0 
1.1375 0.0 
1.1625 0.0 
1.1875 0.0 
1.2125 0.0 
1.2375 0.0 
1.2625 0.0 
1.2875 0.0 
1.3125 0.0 
1.3375 0.0 
1.3625 0.0 
1.3875 0.0 
1.4125 0.0 
1.4375 0.0 
1.4625 0.0 
1.4875 1.4351822318 
1.5125 0.0 
1.5375 0.0 
1.5625 0.0 
1.5875 0.0 
1.6125 0.0 
1.6375 0.0 
1.6625 0.0 
1.6875 0.0 
1.7125 1.0828351555 
1.7375 0.0 
1.7625 0.0 
1.7875 2.9816268797 
1.8125 0.0 
1.8375 0.9405238776 
1.8625 0.0 
1.8875 0.8913555046 
1.9125 0.0 
1.9375 0.8459443079 
1.9625 0.0 
1.9875 0.0 
2.0125 0.0 
2.0375 0.0 
2.0625 0.7465140548 
2.0875 0.0 
2.1125 0.7115947194 
2.1375 0.6950467596 
2.1625 0.0 
2.1875 0.0 
2.2125 3.8923446783 
2.2375 1.9029258646 
2.2625 1.8611050203 
2.2875 0.6068826088 
2.3125 1.1876637566 
2.3375 1.1623952785 
2.3625 0.0 
2.3875 1.114218814 
2.4125 0.5456230263 
2.4375 1.6034647587 
2.4625 0.5236908814 
2.4875 0.5132174164 
2.5125 2.0122201227 
2.5375 1.4795745771 
2.5625 0.9672305901 
2.5875 0.4743152903 
2.6125 0.9305619782 
2.6375 0.4565023654 
2.6625 0.4479698617 
2.6875 0.4396743628 
2.7125 2.5896430305 
2.7375 1.2712799603 
2.7625 2.0806244007 
2.7875 0.8173885559 
2.8125 0.8029218828 
2.8375 1.577671797 
2.8625 0.3875586811 
2.8875 0.7617536036 
2.9125 0.7487324943 
2.9375 0.7360424194 
2.9625 0.3618361261 
2.9875 0.3558056648 
3.0125 1.0497741432 
3.0375 1.3767534928 
3.0625 1.3543677545 
3.0875 1.6656544883 
3.1125 1.3112036717 
3.1375 0.9677935166 
3.1625 1.2700706551 
3.1875 1.250226208 
3.2125 0.9231324354 
3.2375 1.2119075736 
3.2625 0.8950541476 
3.2875 0.5876619883 
3.3125 0.5788251337 
3.3375 0.5701861142 
3.3625 1.1234781363 
3.3875 1.9371742233 
3.4125 1.9088948135 
3.4375 0.5374943312 
3.4625 2.3839233037 
3.4875 0.5221928533 
3.5125 0.2573929938 
3.5375 1.2688390035 
3.5625 1.0008746358 
3.5875 0.7402303682 
3.6125 2.1900613713 
3.6375 0.9600271124 
3.6625 0.7102242914 
3.6875 0.9341690839 
3.7125 1.1520376139 
3.7375 1.3640128098 
3.7625 0.8972977872 
3.7875 1.106864261 
3.8125 1.3108747855 
3.8375 1.2938506784 
3.8625 0.8514373761 
3.8875 2.1013041569 
3.9125 0.6223608946 
3.9375 1.8434490434 
3.9625 1.2135075418 
3.9875 1.1983388963 
4.0125 0.9862107429 
4.0375 1.753263823 
4.0625 1.9241685056 
4.0875 0.7602813314 
4.1125 1.3143653489 
4.1375 0.3710085184 
4.1625 1.4662614243 
4.1875 0.3622015346 
4.2125 0.7158303525 
4.2375 1.2379656042 
4.2625 1.2234866403 
4.2875 1.0365087538 
4.3125 0.6830174186 
4.3375 1.3503334611 
4.3625 1.0011759357 
4.3875 0.4948995298 
4.4125 0.8155125076 
4.4375 0.9676194512 
4.4625 1.4352122607 
4.4875 1.2615694424 
4.5125 0.6238147956 
4.5375 0.7711996967 
4.5625 1.0678799166 
4.5875 0.4526882748 
4.6125 0.2985295969 
4.6375 0.4429794486 
4.6625 1.6068864014 
4.6875 1.0116858356 
4.7125 0.4289915425 
4.7375 1.1319356905 
4.7625 1.1200830696 
4.7875 1.1084156437 
4.8125 0.6855809841 
4.8375 0.4071079211 
4.8625 0.9401758147 
4.8875 1.3294032395 
4.9125 1.0527255011 
4.9375 0.7815690008 
4.9625 1.6763805553 
4.9875 0.7659770262 
