# Radial distribution function (200 data points):
"Pair separation distance" Al-Al Al-Be Al-Cl Al-F Al-K Be-Be Be-Cl Be-F Be-K Cl-Cl Cl-F Cl-K F-F F-K K-K
0.0125 0.0 0.0 0.0 0.0 0.0 0.0 0.0 0.0 0.0 0.0 0.0 0.0 0.0 0.0 0.0 
0.0375 0.0 0.0 0.0 0.0 0.0 0.0 0.0 0.0 0.0 0.0 0.0 0.0 0.0 0.0 0.0 
0.0625 0.0 0.0 0.0 0.0 0.0 0.0 0.0 0.0 0.0 0.0 0.0 0.0 0.0 0.0 0.0 
0.0875 0.0 0.0 0.0 0.0 0.0 0.0 0.0 0.0 0.0 0.0 0.0 0.0 0.0 0.0 0.0 
0.1125 0.0 0.0 0.0 0.0 0.0 0.0 0.0 0.0 0.0 0.0 0.0 0.0 0.0 0.0 0.0 
0.1375 0.0 0.0 0.0 0.0 0.0 0.0 0.0 0.0 0.0 0.0 0.0 0.0 0.0 0.0 0.0 
0.1625 0.0 0.0 0.0 0.0 0.0 0.0 0.0 0.0 0.0 0.0 0.0 0.0 0.0 0.0 0.0 
0.1875 0.0 0.0 0.0 0.0 0.0 0.0 0.0 0.0 0.0 0.0 0.0 0.0 0.0 0.0 0.0 
0.2125 0.0 0.0 0.0 0.0 0.0 0.0 0.0 0.0 0.0 0.0 0.0 0.0 0.0 0.0 0.0 
0.2375 0.0 0.0 0.0 0.0 0.0 0.0 0.0 0.0 0.0 0.0 0.0 0.0 0.0 0.0 0.0 
0.2625 0.0 0.0 0.0 0.0 0.0 0.0 0.0 0.0 0.0 0.0 0.0 0.0 0.0 0.0 0.0 
0.2875 0.0 0.0 0.0 0.0 0.0 0.0 0.0 0.0 0.0 0.0 0.0 0.0 0.0 0.0 0.0 
0.3125 0.0 0.0 0.0 0.0 0.0 0.0 0.0 0.0 0.0 0.0 0.0 0.0 0.0 0.0 0.0 
0.3375 0.0 0.0 0.0 0.0 0.0 0.0 0.0 0.0 0.0 0.0 0.0 0.0 0.0 0.0 0.0 
0.3625 0.0 0.0 0.0 0.0 0.0 0.0 0.0 0.0 0.0 0.0 0.0 0.0 0.0 0.0 0.0 
0.3875 0.0 0.0 0.0 0.0 0.0 0.0 0.0 0.0 0.0 0.0 0.0 0.0 0.0 0.0 0.0 
0.4125 0.0 0.0 0.0 0.0 0.0 0.0 0.0 0.0 0.0 0.0 0.0 0.0 0.0 0.0 0.0 
0.4375 0.0 0.0 0.0 0.0 0.0 0.0 0.0 0.0 0.0 0.0 0.0 0.0 0.0 0.0 0.0 
0.4625 0.0 0.0 0.0 0.0 0.0 0.0 0.0 0.0 0.0 0.0 0.0 0.0 0.0 0.0 0.0 
0.4875 0.0 0.0 0.0 0.0 0.0 0.0 0.0 0.0 0.0 0.0 0.0 0.0 0.0 0.0 0.0 
0.5125 0.0 0.0 0.0 0.0 0.0 0.0 0.0 0.0 0.0 0.0 0.0 0.0 0.0 0.0 0.0 
0.5375 0.0 0.0 0.0 0.0 0.0 0.0 0.0 0.0 0.0 0.0 0.0 0.0 0.0 0.0 0.0 
0.5625 0.0 0.0 0.0 0.0 0.0 0.0 0.0 0.0 0.0 0.0 0.0 0.0 0.0 0.0 0.0 
0.5875 0.0 0.0 0.0 0.0 0.0 0.0 0.0 0.0 0.0 0.0 0.0 0.0 0.0 0.0 0.0 
0.6125 0.0 0.0 0.0 0.0 0.0 0.0 0.0 0.0 0.0 0.0 0.0 0.0 0.0 0.0 0.0 
0.6375 0.0 0.0 0.0 0.0 0.0 0.0 0.0 0.0 0.0 0.0 0.0 0.0 0.0 0.0 0.0 
0.6625 0.0 0.0 0.0 0.0 0.0 0.0 0.0 0.0 0.0 0.0 0.0 0.0 0.0 0.0 0.0 
0.6875 0.0 0.0 0.0 0.0 0.0 0.0 0.0 0.0 0.0 0.0 0.0 0.0 0.0 0.0 0.0 
0.7125 0.0 0.0 0.0 0.0 0.0 0.0 0.0 0.0 0.0 0.0 0.0 0.0 0.0 0.0 0.0 
0.7375 0.0 0.0 0.0 0.0 0.0 0.0 0.0 0.0 0.0 0.0 0.0 0.0 0.0 0.0 0.0 
0.7625 0.0 0.0 0.0 0.0 0.0 0.0 0.0 0.0 0.0 0.0 0.0 0.0 0.0 0.0 0.0 
0.7875 0.0 0.0 0.0 0.0 0.0 0.0 0.0 0.0 0.0 0.0 0.0 0.0 0.0 0.0 0.0 
0.8125 0.0 0.0 0.0 0.0 0.0 0.0 0.0 0.0 0.0 0.0 0.0 0.0 0.0 0.0 0.0 
0.8375 0.0 0.0 0.0 0.0 0.0 0.0 0.0 0.0 0.0 0.0 0.0 0.0 0.0 0.0 0.0 
0.8625 0.0 0.0 0.0 0.0 0.0 0.0 0.0 0.0 0.0 0.0 0.0 0.0 0.0 0.0 0.0 
0.8875 0.0 0.0 0.0 0.0 0.0 0.0 0.0 0.0 0.0 0.0 0.0 0.0 0.0 0.0 0.0 
0.9125 0.0 0.0 0.0 0.0 0.0 0.0 0.0 0.0 0.0 0.0 0.0 0.0 0.0 0.0 0.0 
0.9375 0.0 0.0 0.0 0.0 0.0 0.0 0.0 0.0 0.0 0.0 0.0 0.0 0.0 0.0 0.0 
0.9625 0.0 0.0 0.0 0.0 0.0 0.0 0.0 0.0 0.0 0.0 0.0 0.0 0.0 0.0 0.0 
0.9875 0.0 0.0 0.0 0.0 0.0 0.0 0.0 0.0 0.0 0.0 0.0 0.0 0.0 0.0 0.0 
1.0125 0.0 0.0 0.0 0.0 0.0 0.0 0.0 0.0 0.0 0.0 0.0 0.0 0.0 0.0 0.0 
1.0375 0.0 0.0 0.0 0.0 0.0 0.0 0.0 0.0 0.0 0.0 0.0 0.0 0.0 0.0 0.0 
1.0625 0.0 0.0 0.0 0.0 0.0 0.0 0.0 0.0 0.0 0.0 0.0 0.0 0.0 0.0 0.0 
1.0875 0.0 0.0 0.0 0.0 0.0 0.0 0.0 0.0 0.0 0.0 0.0 0.0 0.0 0.0 8.1545692258 
1.1125 0.0 0.0 0.0 0.0 0.0 0.0 0.0 0.0 0.0 0.0 0.0 0.0 0.0 0.0 0.0 
1.1375 0.0 0.0 0.0 0.0 0.0 0.0 0.0 0.0 0.0 0.0 0.0 0.0 0.0 0.0 0.0 
1.1625 0.0 0.0 0.0 0.0 0.0 0.0 0.0 0.0 0.0 0.0 0.0 0.0 0.0 0.0 0.0 
1.1875 0.0 0.0 0.0 0.0 0.0 0.0 0.0 0.0 0.0 0.0 0.0 0.0 0.0 0.0 0.0 
1.2125 0.0 0.0 0.0 0.0 0.0 0.0 0.0 0.0 0.0 0.0 0.0 0.0 0.0 0.0 0.0 
1.2375 0.0 0.0 0.0 0.0 0.0 0.0 0.0 0.0 0.0 0.0 0.0 0.0 0.0 0.0 0.0 
1.2625 0.0 0.0 0.0 0.0 0.0 0.0 0.0 0.0 0.0 0.0 0.0 0.0 0.0 0.0 0.0 
1.2875 0.0 0.0 0.0 0.0 0.0 0.0 0.0 0.0086881502 0.0 0.0 0.0 0.0 0.0 0.0 0.0 
1.3125 0.0 0.0 0.0 0.0 0.0 0.0 0.0 0.0441903427 0.0 0.0 0.0 0.0 0.0 0.0 0.0 
1.3375 0.0 0.0 0.0 0.0 0.0 0.0 0.0 0.2173696863 0.0 0.0 0.0 0.0 0.0 0.0 0.0 
1.3625 0.0 0.0 0.0 0.0 0.0 0.0 0.0 0.8267820157 0.0 0.0 0.0 0.0 0.0 0.0 0.0 
1.3875 0.0 0.0 0.0 0.0 0.0 0.0 0.0 2.1358159219 0.0 0.0 0.0 0.0 0.0 0.0 0.0 
1.4125 0.0 0.0 0.0 0.0 0.0 0.0 0.0 4.4584573169 0.0 0.0 0.0 0.0 0.0 0.0 0.0 
1.4375 0.0 0.0 0.0 0.0 0.0 0.0 0.0 7.6869874925 0.0 0.0 0.0 0.0 0.0 0.0 0.0 
1.4625 0.0 0.0 0.0 0.0 0.0 0.0 0.0 11.496765148 0.0 0.0 0.0 0.0 0.0 0.0 0.0 
1.4875 0.0 0.0 0.0 0.0 0.0 0.0 0.0 14.521478589 0.0 0.0 0.0 0.0 0.0 0.0 0.0 
1.5125 0.0 0.0 0.0 0.0032976775 0.0 0.0 0.0 16.0172691237 0.0 0.0 0.0 0.0 0.0 0.0 0.0 
1.5375 0.0 0.0 0.0 0.0226292901 0.0 0.0 0.0 16.2413026309 0.0 0.0 0.0 0.0 0.0 0.0 0.0 
1.5625 0.0 0.0 0.0 0.1092738966 0.0 0.0 0.0 14.9571806159 0.0 0.0 0.0 0.0 0.0 0.0 0.0 
1.5875 0.0 0.0 0.0 0.5154181131 0.0 0.0 0.0 13.1162208102 0.0 0.0 0.0 0.0 0.0 0.0 0.0 
1.6125 0.0 0.0 0.0 1.4501493591 0.0 0.0 0.0 10.8235001863 0.0 0.0 0.0 0.0 0.0 0.0 0.0 
1.6375 0.0 0.0 0.0 3.1479844609 0.0 0.0 0.0 8.5511974711 0.0 0.0 0.0 0.0 0.0 0.0 0.0 
1.6625 0.0 0.0 0.0 5.9844734468 0.0 0.0 0.0 6.6024488643 0.0 0.0 0.0 0.0 0.0 0.0 0.0 
1.6875 0.0 0.0 0.0 9.2162957855 0.0 0.0 0.0017340161 4.9553123742 0.0 0.0 0.0 0.0 0.0 0.0 0.0 
1.7125 0.0 0.0 0.0 12.3599557369 0.0 0.0 0.0101025502 3.6516509722 0.0 0.0 0.0 0.0 0.0 0.0 0.0 
1.7375 0.0 0.0 0.0 14.5648201172 0.0 0.0 0.0278061233 2.6562344489 0.0 0.0 0.0 0.0 0.0 0.0 0.0 
1.7625 0.0 0.0 0.0 15.6966869374 0.0 0.0 0.0890166274 1.8002023304 0.0 0.0 0.0 0.0 0.0 0.0 0.0 
1.7875 0.0 0.0 0.0 15.2677795079 0.0 0.0 0.1808153612 1.302669073 0.0 0.0 0.0 0.0 0.0 0.0 0.0 
1.8125 0.0 0.0 0.0 13.938469602 0.0 0.0 0.4854988978 0.9269070803 0.0 0.0 0.0 0.0 0.0 0.0 0.0 
1.8375 0.0 0.0 0.0 11.8740453555 0.0 0.0 1.029579546 0.6961971066 0.0 0.0 0.0 0.0 0.0 0.0 0.0 
1.8625 0.0 0.0 0.0 9.8073408839 0.0 0.0 1.7295209864 0.4842777385 0.0 0.0 0.0 0.0 0.0 3.7069637055e-05 0.0 
1.8875 0.0 0.0 0.0018480219 7.7341640681 0.0 0.0 2.4684952256 0.3291788973 0.0 0.0 0.0 0.0 0.0 3.9703595068e-04 0.0 
1.9125 0.0 0.0 0.001800024 6.0229554563 0.0 0.0 3.3817951749 0.2362531559 0.0 0.0 0.0 0.0 0.0 0.0010195449 0.0 
1.9375 0.0 0.0 0.0105232329 4.5405192077 0.0 0.0 4.2434936523 0.1740170018 0.0 0.0 0.0 0.0 0.0 0.0027061699 0.0 
1.9625 0.0 0.0 0.0316252453 3.4575866449 0.0 0.0 4.627115283 0.1252722977 0.0 0.0 0.0 0.0 0.0 0.0077126601 0.0 
1.9875 0.0 0.0 0.0825035387 2.6785871103 0.0 0.0 5.1477207925 0.0921914542 0.0 0.0 0.0 0.0 0.0 0.0197599621 0.0 
2.0125 0.0 0.0 0.1788144868 2.010816317 0.0 0.0 5.3851608285 0.0726433853 0.0 0.0 0.0 0.0 4.2332975094e-05 0.039115669 0.0 
2.0375 0.0 0.0 0.4289967127 1.4812016815 0.0 0.0 5.1729391046 0.0624463792 0.0 0.0 0.0 0.0 0.0010325129 0.0698185211 0.0 
2.0625 0.0 0.0 0.7460040493 1.150637729 0.0 0.0 4.5932645585 0.0437716328 0.0 0.0 0.0 0.0 0.0019346578 0.1201906161 0.0 
2.0875 0.0 0.0 1.3046426178 0.8627739373 0.0 0.0 4.1926847301 0.0309257714 0.0 0.0 0.0 0.0 0.0068855089 0.1821315467 0.0 
2.1125 0.0 0.0 2.049969623 0.6711210075 0.0 0.0 3.6746756664 0.0251266968 0.0 0.0 0.0 0.0 0.013485429 0.2606030338 0.0 
2.1375 0.0 0.0 2.9317563535 0.5042070938 0.0 0.0 3.0747776452 0.0220656275 0.0 0.0 0.0 0.0 0.0252553866 0.3697118405 0.0 
2.1625 0.0 0.0 3.8759353148 0.3990502782 0.0 0.0 2.4761355739 0.0169387384 0.0 0.0 0.0 0.0 0.0528693955 0.5165490267 0.0 
2.1875 0.0 0.0 4.6285239476 0.3047042804 0.0 0.0 1.9885179058 0.0199935311 0.0 0.0 0.0 0.0 0.0906158426 0.6853159006 0.0 
2.2125 0.0 0.0 5.3187279712 0.2329899644 0.0 0.0 1.7905061605 0.0260590098 0.0 0.0 0.0 0.0 0.162133275 0.8912864366 0.0 
2.2375 0.0 0.0 5.5582444828 0.1995929012 0.0 0.0 1.2338868771 0.0334937985 0.0 0.0 1.6438674089e-04 0.0 0.2567515409 1.0944560983 0.0 
2.2625 0.0 0.0 6.0168058961 0.1676068872 0.0 0.0 1.0119115089 0.0265277088 0.0 0.0 4.8232197756e-04 0.0 0.3791251711 1.3595701952 0.0 
2.2875 0.0 0.0 6.2439780817 0.1317212001 0.0 0.0 0.7917427119 0.0251646472 0.0 0.0 7.0775570196e-04 0.0 0.5476587409 1.6830332293 0.0 
2.3125 0.0 0.0 6.0598416409 0.1170898394 0.0 0.0 0.6352861208 0.0213531854 0.0 0.0 0.0012311747 0.0 0.7456301491 2.0060451998 0.0 
2.3375 0.0 0.0 5.4543439896 0.1031764507 0.0 0.0 0.5286851708 0.0274886164 0.0 0.0 0.0021840271 0.0 0.989841229 2.3304839594 0.0 
2.3625 0.0 0.0 5.0923909773 0.0933860595 0.0 0.0 0.4750892903 0.0234079531 0.0 0.0 0.0058243411 3.3176626416e-04 1.2599745454 2.6539457987 0.0 
2.3875 0.0 0.0 4.7656909265 0.0845825437 0.0 0.0 0.3144593686 0.0288759751 0.0 0.0 0.0105397309 0.0014077038 1.5373749605 2.9403863995 4.060683995e-04 
2.4125 0.0 0.0 4.1810061893 0.0727047489 0.0 0.0 0.2664033976 0.0250990462 0.0021210462 0.0 0.0190187139 0.00413604 1.8156744303 3.1876893409 3.9769615488e-04 
2.4375 0.0 0.0 3.6801303201 0.0559841164 0.0 0.0166220882 0.2285537123 0.0379191386 0.0023374811 0.0 0.0342830568 0.0097654768 2.0766644247 3.3769676725 3.2465015951e-04 
2.4625 0.0 0.0 3.209486842 0.0542876665 0.0 0.00814315 0.2011358043 0.0368138238 0.004071575 0.0 0.0534733515 0.0198489281 2.3093181623 3.5074497889 6.9980195066e-04 
2.4875 0.0 0.0 2.8915259663 0.0395689501 0.0 0.0079802925 0.1619999368 0.0500430839 0.0074815242 0.0 0.082463022 0.0491785523 2.4941461951 3.5714718219 0.0015586509 
2.5125 0.0 0.0 2.371191409 0.0449780644 0.0 0.0195556802 0.143147579 0.0539410845 0.0183334502 0.0 0.1407357118 0.0881961177 2.6210043592 3.5796876299 0.0026277945 
2.5375 0.0 0.0 2.2546563519 0.041007308 0.0 0.0230066975 0.1763846806 0.0608718871 0.0266014939 0.0 0.2023950302 0.1578834614 2.7245361939 3.5565118969 0.0049128885 
2.5625 0.0 0.0 1.9607128982 0.0388532983 0.0 0.0300799729 0.1669438494 0.0695599373 0.0413599627 0.0 0.3065650568 0.2636697622 2.7613258427 3.4865939385 0.012161239 
2.5875 0.0 0.0 1.7873010169 0.0403597318 0.0 0.0221261474 0.1416073433 0.075751324 0.0626907509 0.0 0.4173851859 0.4191061085 2.7093774785 3.3802299751 0.0208585035 
2.6125 0.0 0.0072349033 1.5381404364 0.0362750011 0.0 0.0723490328 0.1418041042 0.0825984791 0.0965407406 0.0017363768 0.5643827464 0.6150572147 2.6381019705 3.2382598063 0.0314831338 
2.6375 0.0 0.0106475996 1.3969650718 0.0408157986 2.9576665645e-04 0.1668123942 0.1476467149 0.0933143801 0.1417461701 0.0022714879 0.7189495885 0.8330859412 2.5143862882 3.0853823039 0.043810436 
2.6625 0.0 0.0081266772 1.1563100653 0.0416008474 0.0017414308 0.1915573903 0.1943436796 0.0998420337 0.1750137975 0.0100306415 0.8671745013 1.0775973922 2.3893156463 2.9273452105 0.0613854364 
2.6875 0.0 0.0068367321 1.0647070837 0.0368423898 8.5459151625e-04 0.1435713747 0.2468060299 0.1061117799 0.2497543706 0.0147673414 1.079349085 1.4378502261 2.2215106465 2.7461408175 0.0888241057 
2.7125 0.0 0.0055927425 1.0102730136 0.0378442246 6.990928183e-04 0.1946274406 0.2013387317 0.1242987031 0.3210933314 0.0198654215 1.2492509026 1.7628044869 2.0564281312 2.5553065921 0.1193351441 
2.7375 0.0 0.0087856946 0.8491373862 0.0390780376 0.0021964237 0.3591152681 0.229965557 0.1320599724 0.4009159558 0.0390084842 1.4344293805 2.1113671519 1.9042993116 2.3905325989 0.1464568431 
2.7625 0.0 0.0129410972 0.7898383006 0.0460127901 0.0031004712 0.6276432154 0.2801747549 0.1582588348 0.5241144376 0.0626349106 1.6278282671 2.4161837337 1.7538332145 2.2299970674 0.2056421231 
2.7875 0.0 0.0360117018 0.6770199938 0.0469564347 0.0045014627 0.8642808431 0.3190213112 0.172909127 0.6299399895 0.0874448853 1.8305595357 2.7082653294 1.6531180536 2.0637055157 0.2578742359 
2.8125 0.0 0.0780316397 0.6146812364 0.0478594057 0.0075430585 1.0081687849 0.3889096923 0.1898769899 0.7619789616 0.1258494285 2.0038004863 2.9946202367 1.5183873312 1.9271376517 0.320319881 
2.8375 0.0 0.1441258741 0.5380699299 0.0443791846 0.0126493453 1.3891281056 0.4109120666 0.1966398229 0.8923538162 0.1820279125 2.123352328 3.1866384087 1.4160026406 1.7805071553 0.3855654617 
2.8625 0.0 0.1918390466 0.5206772866 0.0465368717 0.0247331755 1.5879451971 0.4628242548 0.2156933783 1.0267406564 0.288300942 2.167982105 3.356078483 1.3247314791 1.6442539748 0.4675605951 
2.8875 0.0039483049 0.2368982946 0.5014347236 0.0556052942 0.0378790502 1.9307211011 0.5715171357 0.2583672026 1.1669091777 0.4169409985 2.2281765222 3.5185319207 1.2507284007 1.5316646899 0.5436168093 
2.9125 0.0116424425 0.3657667361 0.4272776408 0.0608802724 0.0679142481 2.5671585775 0.6077355 0.2568613883 1.2861260731 0.5322924724 2.2579061978 3.6325148341 1.2010311372 1.4149054341 0.6333306822 
2.9375 0.0089017583 0.4682960683 0.4093537118 0.0748701453 0.1016946401 2.8898922339 0.5968628911 0.270510127 1.4249171609 0.6363485474 2.2994195336 3.645270006 1.1552415737 1.3153987098 0.7272567601 
2.9625 0.0212552273 0.6723528524 0.3912212134 0.077050199 0.1433555681 3.0129284724 0.6824803431 0.2970261729 1.5804863468 0.7921948252 2.3066766582 3.6508197246 1.1017748668 1.2206029184 0.8083530959 
2.9875 0.033195677 0.8640097035 0.387282898 0.0857554989 0.1952551278 3.1812523768 0.7518820835 0.307060012 1.701278445 0.907791113 2.2463330189 3.5336106563 1.0673908563 1.141850604 0.8968451843 
3.0125 0.0568299642 1.071002995 0.3917640083 0.0863785227 0.2636698737 3.4333762398 0.7214987154 0.3503884693 1.8617292219 1.0512334224 2.1562437098 3.4534405423 1.0408687554 1.0619768928 1.0166905151 
3.0375 0.0773062238 1.2148970405 0.3667882989 0.0975247747 0.3420800404 3.5670875659 0.7829931146 0.3698433813 1.987253116 1.2198208522 2.1105491097 3.3346782973 1.0174502549 1.0002050203 1.1067705349 
3.0625 0.1123188775 1.603176478 0.3660893413 0.1055914447 0.4282157204 3.8592064314 0.875034255 0.3920192072 2.0727439727 1.3701499068 2.032138066 3.162522269 0.9931921054 0.93400715 1.1788957573 
3.0875 0.1507964502 1.768980495 0.3408460222 0.1210112735 0.5354856769 3.685591866 0.9106494027 0.4217408354 2.1132906628 1.5598108541 1.9350868139 3.0355627595 0.9735579982 0.8781501057 1.2761086647 
3.1125 0.1608434638 2.0448074865 0.3330139322 0.1450564513 0.7083979405 3.8330583212 0.9699880299 0.4554517714 2.1885896498 1.6527005719 1.8623294441 2.8441471143 0.9666359446 0.811694912 1.3494311765 
3.1375 0.2006498624 2.2706876096 0.3210397798 0.1640730646 0.8390717423 3.6493193725 1.0599328982 0.4765434232 2.231289173 1.7605018928 1.7813945597 2.6734086042 0.9436988017 0.764115433 1.4208126487 
3.1625 0.2150447624 2.6644704356 0.2896521289 0.1789753921 1.0496803889 3.2832727109 1.0797770554 0.5123427748 2.2867192128 1.9361928215 1.6799412037 2.522503863 0.9426037319 0.726380372 1.4722654617 
3.1875 0.276486213 2.7508218146 0.2951706329 0.2053396143 1.2582620248 3.2028119714 1.2125972487 0.5494960979 2.3314855166 1.9693162531 1.5918882718 2.3860706182 0.9196069148 0.6953753135 1.5312001894 
3.2125 0.3647050555 2.8118440797 0.3237687738 0.2155135742 1.4331353635 2.7560218774 1.2842296387 0.5831426498 2.3696524909 2.0666336272 1.5369048504 2.17258018 0.9060641223 0.6508519908 1.5994930028 
3.2375 0.436566564 2.8965720408 0.2826689983 0.2356883638 1.5962946487 2.3956197605 1.3455044318 0.5999845787 2.3922336214 2.1867273707 1.4643039303 2.0082454541 0.8901946885 0.6159828588 1.6334440292 
3.2625 0.5103147968 2.8832786019 0.2502088913 0.2563172048 1.7855218856 2.2013124644 1.248415562 0.641179614 2.3388944934 2.3162724704 1.3974506788 1.8704777012 0.8941623755 0.5912596154 1.6683814436 
3.2875 0.5259352404 2.6598819422 0.2607339184 0.2810529898 1.9553140157 1.8686946138 1.27336232 0.6950493108 2.3160219538 2.3122468708 1.3283037692 1.733168565 0.8932110232 0.5630618073 1.711351898 
3.3125 0.6710344437 2.6761373643 0.3015154766 0.3116409963 2.1940501191 1.5593300394 1.2735653713 0.6999734292 2.3409639101 2.3051983243 1.2605522033 1.5800311019 0.8979679671 0.5497079036 1.7460544675 
3.3375 0.8186392671 2.5268468353 0.2724857055 0.3491038391 2.396625562 1.0462032511 1.2634234176 0.714924026 2.2942494758 2.3828608963 1.244952315 1.4697271625 0.8939090102 0.5257222132 1.7737107158 
3.3625 0.9365626942 2.4020649411 0.2754367799 0.3586113114 2.4991483991 0.8865803328 1.3141478923 0.7491894972 2.3201763635 2.4471364142 1.2182836642 1.3375680255 0.8914481538 0.5103933063 1.7694415594 
3.3875 1.1140417693 2.0891869147 0.2665093915 0.3899743855 2.6181176904 0.6842033356 1.3357026124 0.7810245623 2.3117412622 2.4321492156 1.1635759871 1.2412481267 0.9053531777 0.4982146897 1.8087079235 
3.4125 1.172220321 1.8184020614 0.2849513063 0.4033040976 2.6844045589 0.5554854335 1.3178997917 0.7948000071 2.2844868494 2.3606858818 1.1365542927 1.1570846386 0.9126904828 0.4881478425 1.8092698562 
3.4375 1.2453102934 1.5789252993 0.2693993409 0.4404089535 2.7648604794 0.4346049346 1.3493647441 0.8390870112 2.1841248592 2.3799634842 1.0931637422 1.094034345 0.9270614275 0.4731073449 1.7876849763 
3.4625 1.4287543977 1.3626253104 0.3146737745 0.4686241202 2.7897779655 0.3480357846 1.2706395212 0.850696935 2.1588772983 2.2936587895 1.0568068843 1.0130621499 0.9422107822 0.4660641923 1.7871907832 
3.4875 1.588785222 1.212565212 0.3391393327 0.4892213439 2.7805433022 0.2618653667 1.2772534008 0.8714466643 2.0996172252 2.1530611046 1.0409655816 0.9401778649 0.9563386345 0.4655384296 1.7970574223 
3.5125 1.5191109531 1.0966415721 0.3409994961 0.514856764 2.7110026942 0.226132295 1.2635392128 0.8924387733 2.0678347527 2.1779141529 0.9990177923 0.8831666821 0.964939522 0.4557770615 1.7923610914 
3.5375 1.4556250184 1.0542320352 0.3890727835 0.5472295109 2.7280637935 0.1775687146 1.2556081108 0.9213021224 2.0263796437 2.11219959 0.9763648655 0.83161348 0.964365276 0.4514232426 1.7809895451 
3.5625 1.5174057326 0.8527301446 0.3872626938 0.5603809632 2.6703747038 0.0914334223 1.1804638443 0.9670219225 1.9176701294 2.0468636097 0.9473734637 0.7765032028 0.9600509347 0.4428299782 1.7722216832 
3.5875 1.5142358094 0.7398525471 0.3867440108 0.5822795147 2.6226557825 0.0652246844 1.1644524531 0.9786899942 1.9341996472 1.9877414396 0.9201796156 0.7296052376 0.967619383 0.4371692462 1.7351384667 
3.6125 1.3647000359 0.6457730299 0.4053739293 0.6055173218 2.522866217 0.0624331347 1.2066622221 1.0137501422 1.870747395 1.8804103415 0.9000461604 0.6940956456 0.9446558965 0.432824407 1.7295929355 
3.6375 1.3468351412 0.6425249542 0.4279353035 0.6211696556 2.5055674219 0.0391859362 1.1796832799 1.0549880329 1.837657134 1.8325582973 0.8746238764 0.6612160238 0.9163859251 0.4292959263 1.6820796372 
3.6625 1.356324795 0.5632265509 0.4581890939 0.6234042606 2.4138061631 0.0147248771 1.1113601027 1.0879536834 1.7873470018 1.7345905279 0.8625096789 0.6042721459 0.8964535884 0.4306643105 1.6837264308 
3.6875 1.2758578099 0.5677204107 0.5016275868 0.6557836514 2.3846678231 0.0145258954 1.1075995219 1.1014714098 1.7380006842 1.6841323091 0.8333021977 0.5901598928 0.8849069541 0.4275587601 1.6808900839 
3.7125 1.1194040731 0.5750281592 0.5383648892 0.6809177337 2.2888419654 0.0107481899 1.1167369297 1.1285599386 1.7003412487 1.6145214309 0.817310273 0.5693405754 0.8639230826 0.4285094317 1.6575444197 
3.7375 1.0282808611 0.5797335947 0.5424986728 0.7010023937 2.2206182776 0.0106048828 1.0809910565 1.1649169209 1.6377915921 1.5505752682 0.8161046498 0.5682449716 0.8344594435 0.4337691658 1.6028010021 
3.7625 0.9363720615 0.5383364211 0.6120524667 0.7220936246 2.1538543718 0.0 1.0412100759 1.1914181459 1.6374641708 1.4382302797 0.7948310529 0.5560096687 0.8274282146 0.4386973113 1.5339099861 
3.7875 0.9217567254 0.5542014503 0.6269475619 0.7508396977 2.063123903 0.0172112252 1.0626210416 1.220921285 1.5734286904 1.3804779479 0.8003219701 0.5409057788 0.8043140182 0.4435027942 1.5220370478 
3.8125 0.8191144836 0.5763999154 0.6645019065 0.7512166874 1.9696258899 0.0152876205 1.0300459 1.2598839507 1.5071045923 1.2787245276 0.7896622221 0.5298009832 0.7779700234 0.4473575351 1.4788384189 
3.8375 0.6654099243 0.5800914066 0.7025924049 0.7926891322 1.9061842739 0.0083828238 0.9757606896 1.2915835761 1.4613357579 1.1891538521 0.7906399975 0.5104301408 0.765130599 0.4531090903 1.4564108489 
3.8625 0.6487333312 0.6112215399 0.7294940112 0.8143184686 1.8389741931 0.0099295918 0.8804238066 1.2880887145 1.4513753353 1.1470664451 0.7773767094 0.5090570731 0.7542697218 0.4628551652 1.4396615199 
3.8875 0.5743416489 0.6017517592 0.7253695414 0.8467636557 1.8114497809 0.0163371518 0.8864538584 1.3094907908 1.4368525037 1.0382586732 0.7837476306 0.5159680977 0.7426823842 0.4674127211 1.4170692339 
3.9125 0.5519715254 0.596774409 0.7372045672 0.8528676914 1.7579979465 0.0112903267 0.7941938351 1.3108203657 1.395363407 0.998710038 0.7761830759 0.5201211555 0.726232341 0.4774195272 1.376890618 
3.9375 0.5966520128 0.6306250811 0.8077096998 0.8818399966 1.6741689206 0.0079624379 0.791784824 1.3547424538 1.3829759315 0.9748571961 0.7761784458 0.5082025985 0.7313830973 0.4898724029 1.3253229046 
3.9625 0.4892087057 0.6279343172 0.7960823381 0.9148202797 1.6162232614 0.0 0.7491183023 1.3886101752 1.3469073171 0.9452350838 0.7896090586 0.5062130762 0.726201932 0.4970191192 1.2870802591 
3.9875 0.4796430079 0.6221556426 0.8190508227 0.95587848 1.6247475558 0.0 0.6810585645 1.4138254058 1.2654358502 0.8735437894 0.7874772002 0.5197613497 0.725319866 0.5123596645 1.2572593819 
4.0125 0.4205230409 0.6164717836 0.8193042909 0.9782527992 1.5792616712 0.0 0.6210723193 1.4228434574 1.2453075069 0.8837935779 0.8139625577 0.512844717 0.7276620457 0.523374832 1.234644807 
4.0375 0.4045611188 0.6265312169 0.8552327812 1.0057231225 1.5436093438 0.0 0.596138647 1.4315304315 1.2142197702 0.7950938621 0.8193119946 0.5039007313 0.7399143508 0.5425666939 1.1995709428 
4.0625 0.4015919032 0.6248277997 0.8760554497 1.0371825653 1.5168779434 0.0 0.5502274494 1.433102149 1.164352642 0.7946732494 0.824867442 0.4845158107 0.7442477843 0.5551704706 1.1903923281 
4.0875 0.4111436395 0.5846974841 0.9104926955 1.0875438882 1.4946852808 0.0 0.4903183451 1.4285558476 1.1375001391 0.6684171003 0.8332308587 0.489948907 0.7502570971 0.5677649011 1.1744439566 
4.1125 0.4035648691 0.6004811678 0.9455875246 1.1132502364 1.4847188842 0.0 0.4286092485 1.4366049657 1.1078366602 0.6547093861 0.843325679 0.5055063607 0.7658081344 0.5858599502 1.168465672 
4.1375 0.3692166491 0.571612755 0.9363103461 1.1620949806 1.4751839685 0.0 0.4133495767 1.4335990204 1.054917589 0.6426677299 0.8372275969 0.5021202203 0.7794273235 0.612191131 1.1345569712 
4.1625 0.4091276652 0.5585922611 1.00185612 1.186968972 1.4620891188 0.0 0.4109643064 1.4235552776 1.0314185229 0.6536669439 0.8396221176 0.4909413233 0.7834323752 0.6320974927 1.1199231561 
4.1875 0.4292885584 0.6021616841 1.0040095672 1.2258347301 1.435179392 0.0 0.4083247585 1.4250299403 0.9912435517 0.6276373944 0.8320907637 0.4887224955 0.8117214596 0.663219729 1.0830506217 
4.2125 0.4341023507 0.6335297127 0.9889742016 1.2392710004 1.3988322144 0.0027827074 0.3745524129 1.4073542557 0.9595992469 0.6426940957 0.8170956427 0.4898608498 0.8233045585 0.6830387148 1.0829731872 
4.2375 0.4424396214 0.6334097619 1.0064890283 1.2585314196 1.3463967812 0.00274997 0.3445712438 1.3888494435 0.921154021 0.5915735513 0.8139911267 0.4977789487 0.8373945174 0.7070573965 1.0573419895 
4.2625 0.462631147 0.6712983288 1.0543279286 1.2714807078 1.2808797904 0.002717807 0.332387796 1.385175634 0.8835420692 0.603788003 0.8043802782 0.4890693695 0.8519003787 0.7356763821 1.0489036388 
4.2875 0.4536701694 0.6751328442 1.0332935043 1.2904230115 1.249924741 0.0013431025 0.3419538902 1.3739938322 0.8795642335 0.5780713053 0.8135843244 0.4973508466 0.8705729086 0.7623925332 1.0431709037 
4.3125 0.4419351174 0.6606900504 1.0519707889 1.3179136538 1.1900607623 0.0026551509 0.3271145916 1.3681218199 0.8307303397 0.5505720918 0.8098874051 0.5018235212 0.8805605155 0.789354238 1.0164249561 
4.3375 0.4426879758 0.6355984475 1.0799486905 1.3123161339 1.1468549414 0.0065615807 0.299733005 1.3418432469 0.7980522489 0.5205170714 0.7968821004 0.5178727544 0.9043225159 0.8177574959 0.9957198666 
4.3625 0.450890217 0.6823894781 1.1265912981 1.2951562021 1.1115315936 0.0051892736 0.3022751871 1.2961291909 0.7762828973 0.5199652145 0.8073644839 0.5402682474 0.9270421063 0.8489800257 0.9981851554 
4.3875 0.4839587922 0.7182427305 1.1201166392 1.2966490167 1.0606906038 0.0076954578 0.2796016344 1.2841795248 0.7598462994 0.5144670072 0.8068473769 0.5239324204 0.9421324566 0.8848440484 0.9827941335 
4.4125 0.4925802128 0.7004051024 1.1461789231 1.3126431372 1.0298427769 0.0076085044 0.2630006365 1.2939741217 0.7216983474 0.5465949583 0.8027606217 0.5462906182 0.9583721496 0.9146452645 0.9706985432 
4.4375 0.5360845848 0.7464504171 1.2152179355 1.3225532703 1.0053675691 0.0050153443 0.2535256568 1.2697702539 0.7448570004 0.5366418452 0.8175847178 0.5525342176 0.9702601587 0.9406709331 0.9634163033 
4.4625 0.5097066111 0.7591873334 1.2003177415 1.3084995258 0.9796698823 0.0024796538 0.2402784516 1.2537232849 0.7184021946 0.5102135625 0.8336389383 0.5543266033 0.9873413112 0.9788239588 0.939595061 
4.4875 0.6337322321 0.7462564849 1.2448506314 1.3140544091 0.9363965887 0.0024521024 0.2341757754 1.2398442557 0.7016077877 0.4898319674 0.8273393362 0.5637076813 1.007328758 1.002450096 0.9333889319 
4.5125 0.6116408016 0.7424564885 1.2354605302 1.2828626923 0.9054372065 0.0036375114 0.2454107674 1.199418855 0.6845341719 0.5051775798 0.8375774109 0.578485559 1.0297188451 1.0339310328 0.9426459166 
4.5375 0.651820793 0.7338979819 1.2188462563 1.2926824158 0.8586126717 0.0023983594 0.2407952856 1.1970811446 0.6896782302 0.4906084026 0.8449620093 0.5961422129 1.0513058612 1.0573517255 0.9400819432 
4.5625 0.6916129578 0.7614595408 1.2651456545 1.2760509464 0.8108792929 0.0094885924 0.2395869583 1.1957109027 0.6842164682 0.5066908346 0.8482801613 0.6154834769 1.0657781377 1.0778756812 0.9252674867 
4.5875 0.7143375267 0.7911157755 1.3009807029 1.2507098512 0.7711227977 0.0316759159 0.2383905965 1.1640899084 0.6655608528 0.532530805 0.866258087 0.6385336708 1.0803784795 1.1020762374 0.9057882124 
4.6125 0.7128043632 0.8173782306 1.2830478538 1.2517917436 0.7497308013 0.0220494837 0.2353492264 1.1399486385 0.6770061883 0.5074630658 0.8633533383 0.6696950437 1.0986300336 1.1202685072 0.8909550852 
4.6375 0.7541220944 0.8235135726 1.2992533837 1.2423179309 0.7394688847 0.0332926026 0.2293745518 1.1263997217 0.6635560107 0.5150480426 0.8809146116 0.6803745151 1.1183476315 1.1534320235 0.8901824877 
4.6625 0.7425232733 0.8536998545 1.3030753433 1.2243936199 0.6716497802 0.0204433668 0.2228326982 1.1079642291 0.6743471689 0.5209878456 0.8911982894 0.6989359962 1.1311207588 1.1735237877 0.8897833434 
4.6875 0.8385003209 0.8783278377 1.3365565271 1.2116804072 0.6763498904 0.0168549052 0.2285525145 1.1140155954 0.6635916635 0.5282102558 0.9148467989 0.717934687 1.1404684327 1.1974649333 0.8850054234 
4.7125 0.8073919875 0.8631040111 1.2632670472 1.1915393609 0.6588626207 0.0211236276 0.2374740448 1.0956028857 0.6635181571 0.5445004128 0.9205083955 0.7320726668 1.1571053774 1.2124371603 0.8844824193 
4.7375 0.8805426311 0.806715903 1.2621436991 1.2013649896 0.6533482092 0.0385023499 0.2433348515 1.0691277521 0.6511709929 0.5465133554 0.945379366 0.7589088185 1.1603492919 1.2320637383 0.8838695702 
4.7625 0.8674519804 0.831650839 1.2619902348 1.1921417241 0.6485479574 0.0272137055 0.2364326731 1.0551207171 0.6459853335 0.5569883525 0.9509375813 0.7837275037 1.1641796417 1.2475613013 0.8843433762 
4.7875 0.933581374 0.8912111424 1.1990057401 1.1971385773 0.6326809158 0.0323162783 0.2406485526 1.0455213715 0.6717746358 0.6046160234 0.9707271406 0.8047022607 1.1751081515 1.2581692154 0.8807027415 
4.8125 0.9883436364 0.8858847144 1.1926929223 1.1801135726 0.6215939978 0.018122792 0.2326113654 1.0275356547 0.6489558603 0.5797587762 0.9898953264 0.8504120142 1.1849848132 1.27487512 0.8903154705 
4.8375 0.9889396396 0.8662013984 1.16337565 1.1591261168 0.6182191568 0.0211011303 0.2698834564 1.0060403473 0.6410787146 0.6114263513 1.0167227945 0.8910479793 1.1917156403 1.2827234231 0.8852089009 
4.8625 1.0187097603 0.8889925038 1.1270782018 1.150631514 0.5856855958 0.0365482431 0.2984425109 0.9996379589 0.6282381932 0.6211948246 1.0393798223 0.9167865725 1.1968026775 1.2911265138 0.8824116446 
4.8875 1.0997292752 0.8540817272 1.1445177482 1.1407279543 0.5935333988 0.0434103661 0.3156553766 0.9914617549 0.6171119459 0.6335432862 1.0431235359 0.927896576 1.1990606338 1.295829575 0.8868440645 
4.9125 1.1294880889 0.8426826895 1.1288060308 1.1228948613 0.5823496672 0.0644544833 0.3404833659 0.9601671842 0.6181363992 0.7127233535 1.0620154988 0.9635945258 1.1977578343 1.3068285039 0.8962082587 
4.9375 1.274718333 0.9263313309 1.08594119 1.1274753122 0.5748638721 0.0800074801 0.3743134766 0.9555323733 0.6271472413 0.7136262125 1.0868864261 0.9953842004 1.1839081551 1.304721138 0.8914599273 
4.9625 1.3282999183 0.9223686115 1.0660709676 1.1384512823 0.5693788123 0.0922368611 0.4000272565 0.9476000717 0.6120717797 0.7019626163 1.1080287137 1.040973184 1.1881970834 1.3048247042 0.879210909 
4.9875 1.2929603878 0.9538395082 1.0859808538 1.1221041202 0.5932134021 0.0952846959 0.43950066 0.9526815344 0.6259261601 0.7138411803 1.1173123146 1.0626476831 1.1811676734 1.2981919477 0.8922549497 
