# Radial distribution function (200 data points):
"Pair separation distance" g(r)
0.0125 0.0 
0.0375 0.0 
0.0625 0.0 
0.0875 0.0 
0.1125 0.0 
0.1375 0.0 
0.1625 0.0 
0.1875 0.0 
0.2125 0.0 
0.2375 0.0 
0.2625 0.0 
0.2875 0.0 
0.3125 0.0 
0.3375 0.0 
0.3625 0.0 
0.3875 0.0 
0.4125 0.0 
0.4375 0.0 
0.4625 0.0 
0.4875 0.0 
0.5125 0.0 
0.5375 0.0 
0.5625 0.0 
0.5875 0.0 
0.6125 0.0 
0.6375 0.0 
0.6625 0.0 
0.6875 0.0 
0.7125 0.0 
0.7375 0.0 
0.7625 0.0 
0.7875 0.0 
0.8125 0.0 
0.8375 0.0 
0.8625 0.0 
0.8875 0.0 
0.9125 0.0 
0.9375 0.0 
0.9625 0.0 
0.9875 0.0 
1.0125 0.0 
1.0375 0.0 
1.0625 0.0 
1.0875 0.8350278887 
1.1125 0.0 
1.1375 0.0 
1.1625 0.0 
1.1875 0.0 
1.2125 0.0 
1.2375 0.0 
1.2625 0.0 
1.2875 3.336249669e-04 
1.3125 0.0016969092 
1.3375 0.008346996 
1.3625 0.0317484294 
1.3875 0.0820153314 
1.4125 0.171204761 
1.4375 0.2951803197 
1.4625 0.4414757817 
1.4875 0.5576247778 
1.5125 0.6152530806 
1.5375 0.6249694681 
1.5625 0.5806499121 
1.5875 0.5333509624 
1.6125 0.4991510102 
1.6375 0.5096898878 
1.6625 0.5982397069 
1.6875 0.7211565045 
1.7125 0.8522376682 
1.7375 0.9411554906 
1.7625 0.9739690701 
1.7875 0.9308931149 
1.8125 0.8423330721 
1.8375 0.7189156177 
1.8625 0.5973466558 
1.8875 0.4780204275 
1.9125 0.3833835213 
1.9375 0.3031217226 
1.9625 0.2437332014 
1.9875 0.2060688386 
2.0125 0.1758656734 
2.0375 0.1559327719 
2.0625 0.1510240314 
2.0875 0.1576177501 
2.1125 0.1767827708 
2.1375 0.2090632646 
2.1625 0.2608210217 
2.1875 0.3211760836 
2.2125 0.4037283727 
2.2375 0.4847409913 
2.2625 0.5960264898 
2.2875 0.7330914687 
2.3125 0.8735331902 
2.3375 1.0208738938 
2.3625 1.1773579629 
2.3875 1.3243261395 
2.4125 1.4572299786 
2.4375 1.570574569 
2.4625 1.6608117229 
2.4875 1.7234303429 
2.5125 1.7577458874 
2.5375 1.784215402 
2.5625 1.7857216533 
2.5875 1.7611292264 
2.6125 1.7268730172 
2.6375 1.6818266933 
2.6625 1.6349332711 
2.6875 1.5879705065 
2.7125 1.5332293404 
2.7375 1.4916580775 
2.7625 1.4567793146 
2.7875 1.429068038 
2.8125 1.402252287 
2.8375 1.3684034182 
2.8625 1.3356191987 
2.8875 1.3169034058 
2.9125 1.2955896325 
2.9375 1.276808181 
2.9625 1.2546970689 
2.9875 1.2272176212 
3.0125 1.20622397 
3.0375 1.1895586768 
3.0625 1.1639745673 
3.0875 1.1445257183 
3.1125 1.1249414514 
3.1375 1.1042564528 
3.1625 1.0929180459 
3.1875 1.0810127078 
3.2125 1.0636215708 
3.2375 1.0451818124 
3.2625 1.0355344971 
3.2875 1.0237924431 
3.3125 1.0203175722 
3.3375 1.0149448258 
3.3625 1.0053314357 
3.3875 1.0035085531 
3.4125 0.995395974 
3.4375 0.9872117952 
3.4625 0.9807310671 
3.4875 0.9774195859 
3.5125 0.9663413421 
3.5375 0.9601463968 
3.5625 0.9446605497 
3.5875 0.9342354072 
3.6125 0.918558657 
3.6375 0.9019841191 
3.6625 0.8882075345 
3.6875 0.8803157422 
3.7125 0.8676426132 
3.7375 0.8538288103 
3.7625 0.8423497646 
3.7875 0.8343341048 
3.8125 0.8184271824 
3.8375 0.812372077 
3.8625 0.8072943489 
3.8875 0.8046347881 
3.9125 0.7955280291 
3.9375 0.7952220492 
3.9625 0.7923319244 
3.9875 0.7949770225 
4.0125 0.7974433631 
4.0375 0.801598074 
4.0625 0.8042500195 
4.0875 0.8087208524 
4.1125 0.8197017572 
4.1375 0.8270152952 
4.1625 0.8329704998 
4.1875 0.8446679172 
4.2125 0.8498121188 
4.2375 0.8549106806 
4.2625 0.862679775 
4.2875 0.8749377827 
4.3125 0.8802441248 
4.3375 0.8879802868 
4.3625 0.9016674232 
4.3875 0.9107256259 
4.4125 0.9230049185 
4.4375 0.9351370335 
4.4625 0.9463330863 
4.4875 0.9559177756 
4.5125 0.9686838293 
4.5375 0.9809577823 
4.5625 0.9886468065 
4.5875 0.9969119328 
4.6125 1.0051240916 
4.6375 1.0207594618 
4.6625 1.0280760189 
4.6875 1.0409643388 
4.7125 1.0474277477 
4.7375 1.0573422928 
4.7625 1.0638721367 
4.7875 1.0727746226 
4.8125 1.0830112267 
4.8375 1.0894361641 
4.8625 1.0945442785 
4.8875 1.097771261 
4.9125 1.1041630016 
4.9375 1.1050041706 
4.9625 1.1094923389 
4.9875 1.1106749415 
