# Radial distribution function (200 data points):
"Pair separation distance" g(r)
0.0125 0.0 
0.0375 0.0 
0.0625 0.0 
0.0875 0.0 
0.1125 0.0 
0.1375 0.0 
0.1625 0.0 
0.1875 0.0 
0.2125 0.0 
0.2375 0.0 
0.2625 0.0 
0.2875 0.0 
0.3125 0.0 
0.3375 0.0 
0.3625 0.0 
0.3875 0.0 
0.4125 0.0 
0.4375 0.0 
0.4625 0.0 
0.4875 0.0 
0.5125 0.0 
0.5375 0.0 
0.5625 0.0 
0.5875 0.0 
0.6125 0.0 
0.6375 0.0 
0.6625 0.0 
0.6875 0.0 
0.7125 0.0 
0.7375 0.0 
0.7625 0.0 
0.7875 0.0 
0.8125 0.0 
0.8375 0.0 
0.8625 0.0 
0.8875 0.0 
0.9125 0.0 
0.9375 0.0 
0.9625 0.0 
0.9875 0.0 
1.0125 0.0 
1.0375 0.0 
1.0625 0.0 
1.0875 0.0 
1.1125 0.0 
1.1375 0.0 
1.1625 0.0 
1.1875 0.0 
1.2125 0.0 
1.2375 0.0 
1.2625 0.0 
1.2875 0.0 
1.3125 0.0 
1.3375 0.0 
1.3625 0.0 
1.3875 0.0 
1.4125 0.0 
1.4375 0.0 
1.4625 0.0 
1.4875 0.0 
1.5125 0.0 
1.5375 0.0 
1.5625 3.5671087317e-05 
1.5875 6.9112915975e-05 
1.6125 2.6794614039e-04 
1.6375 3.8974078683e-04 
1.6625 8.1923315588e-04 
1.6875 0.0025689133 
1.7125 0.0083742496 
1.7375 0.0201067243 
1.7625 0.0413796191 
1.7875 0.0763720794 
1.8125 0.1291281349 
1.8375 0.1949187834 
1.8625 0.2683010612 
1.8875 0.3441330279 
1.9125 0.416981839 
1.9375 0.474612739 
1.9625 0.545855545 
1.9875 0.6302740654 
2.0125 0.748844936 
2.0375 0.927963753 
2.0625 1.1504971964 
2.0875 1.4184063554 
2.1125 1.6791822964 
2.1375 1.9378299334 
2.1625 2.1454389149 
2.1875 2.3093266436 
2.2125 2.4249338707 
2.2375 2.4831448162 
2.2625 2.5036173164 
2.2875 2.4906348078 
2.3125 2.4479860615 
2.3375 2.3726802635 
2.3625 2.274563409 
2.3875 2.18352831 
2.4125 2.0516917024 
2.4375 1.9136805562 
2.4625 1.7799464279 
2.4875 1.6423923497 
2.5125 1.5147067053 
2.5375 1.3891395146 
2.5625 1.2669002595 
2.5875 1.1503127337 
2.6125 1.0549945596 
2.6375 0.9778266587 
2.6625 0.9028291618 
2.6875 0.8367341775 
2.7125 0.7747459036 
2.7375 0.7204735805 
2.7625 0.6728002393 
2.7875 0.634043683 
2.8125 0.6043586036 
2.8375 0.574729681 
2.8625 0.5568270334 
2.8875 0.5366144301 
2.9125 0.5227190744 
2.9375 0.5250726308 
2.9625 0.5254666289 
2.9875 0.52211482 
3.0125 0.5323035926 
3.0375 0.545391264 
3.0625 0.5646680343 
3.0875 0.5804650344 
3.1125 0.5972568779 
3.1375 0.6297469661 
3.1625 0.6582568783 
3.1875 0.6998901448 
3.2125 0.7399755408 
3.2375 0.7789435107 
3.2625 0.8164629181 
3.2875 0.8570824982 
3.3125 0.8925221708 
3.3375 0.9283558365 
3.3625 0.9746215687 
3.3875 0.9997462352 
3.4125 1.0291106789 
3.4375 1.0512240993 
3.4625 1.0685985985 
3.4875 1.081903036 
3.5125 1.1020417639 
3.5375 1.1057560518 
3.5625 1.1199627078 
3.5875 1.1324628647 
3.6125 1.1330526649 
3.6375 1.1391140215 
3.6625 1.1449568002 
3.6875 1.1367347877 
3.7125 1.1419243047 
3.7375 1.129797421 
3.7625 1.1262944737 
3.7875 1.1206057788 
3.8125 1.1138305384 
3.8375 1.1094425433 
3.8625 1.106259475 
3.8875 1.0972402044 
3.9125 1.0919446173 
3.9375 1.0886887499 
3.9625 1.0860768104 
3.9875 1.079884366 
4.0125 1.0820159081 
4.0375 1.0700896302 
4.0625 1.0696929829 
4.0875 1.0700026176 
4.1125 1.0620279192 
4.1375 1.0606484848 
4.1625 1.0585117245 
4.1875 1.041639312 
4.2125 1.0353980041 
4.2375 1.038552807 
4.2625 1.0288890651 
4.2875 1.025784641 
4.3125 1.0263307468 
4.3375 1.0136914976 
4.3625 1.0031773814 
4.3875 0.9972835666 
4.4125 0.9942988692 
4.4375 0.9854401637 
4.4625 0.9830495248 
4.4875 0.9806638158 
4.5125 0.9736172048 
4.5375 0.965735344 
4.5625 0.9612514898 
4.5875 0.9596672514 
4.6125 0.9563333441 
4.6375 0.9483706282 
4.6625 0.9384320375 
4.6875 0.9454919887 
4.7125 0.9384594397 
4.7375 0.9342889442 
4.7625 0.9263988645 
4.7875 0.9253742392 
4.8125 0.9199363331 
4.8375 0.9234593216 
4.8625 0.9205628449 
4.8875 0.9199010859 
4.9125 0.9216951349 
4.9375 0.9265029765 
4.9625 0.9259794686 
4.9875 0.92444658 
