# Radial distribution function (200 data points):
"Pair separation distance" Al-Al Al-Be Al-Cl Al-Li Al-Mg Be-Be Be-Cl Be-Li Be-Mg Cl-Cl Cl-Li Cl-Mg Li-Li Li-Mg Mg-Mg
0.0125 0.0 0.0 0.0 0.0 0.0 0.0 0.0 0.0 0.0 0.0 0.0 0.0 0.0 0.0 0.0 
0.0375 0.0 0.0 0.0 0.0 0.0 0.0 0.0 0.0 0.0 0.0 0.0 0.0 0.0 0.0 0.0 
0.0625 0.0 0.0 0.0 0.0 0.0 0.0 0.0 0.0 0.0 0.0 0.0 0.0 0.0 0.0 0.0 
0.0875 0.0 0.0 0.0 0.0 0.0 0.0 0.0 0.0 0.0 0.0 0.0 0.0 0.0 0.0 0.0 
0.1125 0.0 0.0 0.0 0.0 0.0 0.0 0.0 0.0 0.0 0.0 0.0 0.0 0.0 0.0 0.0 
0.1375 0.0 0.0 0.0 0.0 0.0 0.0 0.0 0.0 0.0 0.0 0.0 0.0 0.0 0.0 0.0 
0.1625 0.0 0.0 0.0 0.0 0.0 0.0 0.0 0.0 0.0 0.0 0.0 0.0 0.0 0.0 0.0 
0.1875 0.0 0.0 0.0 0.0 0.0 0.0 0.0 0.0 0.0 0.0 0.0 0.0 0.0 0.0 0.0 
0.2125 0.0 0.0 0.0 0.0 0.0 0.0 0.0 0.0 0.0 0.0 0.0 0.0 0.0 0.0 0.0 
0.2375 0.0 0.0 0.0 0.0 0.0 0.0 0.0 0.0 0.0 0.0 0.0 0.0 0.0 0.0 0.0 
0.2625 0.0 0.0 0.0 0.0 0.0 0.0 0.0 0.0 0.0 0.0 0.0 0.0 0.0 0.0 0.0 
0.2875 0.0 0.0 0.0 0.0 0.0 0.0 0.0 0.0 0.0 0.0 0.0 0.0 0.0 0.0 0.0 
0.3125 0.0 0.0 0.0 0.0 0.0 0.0 0.0 0.0 0.0 0.0 0.0 0.0 0.0 0.0 0.0 
0.3375 0.0 0.0 0.0 0.0 0.0 0.0 0.0 0.0 0.0 0.0 0.0 0.0 0.0 0.0 0.0 
0.3625 0.0 0.0 0.0 0.0 0.0 0.0 0.0 0.0 0.0 0.0 0.0 0.0 0.0 0.0 0.0 
0.3875 0.0 0.0 0.0 0.0 0.0 0.0 0.0 0.0 0.0 0.0 0.0 0.0 0.0 0.0 0.0 
0.4125 0.0 0.0 0.0 0.0 0.0 0.0 0.0 0.0 0.0 0.0 0.0 0.0 0.0 0.0 0.0 
0.4375 0.0 0.0 0.0 0.0 0.0 0.0 0.0 0.0 0.0 0.0 0.0 0.0 0.0 0.0 0.0 
0.4625 0.0 0.0 0.0 0.0 0.0 0.0 0.0 0.0 0.0 0.0 0.0 0.0 0.0 0.0 0.0 
0.4875 0.0 0.0 0.0 0.0 0.0 0.0 0.0 0.0 0.0 0.0 0.0 0.0 0.0 0.0 0.0 
0.5125 0.0 0.0 0.0 0.0 0.0 0.0 0.0 0.0 0.0 0.0 0.0 0.0 0.0 0.0 0.0 
0.5375 0.0 0.0 0.0 0.0 0.0 0.0 0.0 0.0 0.0 0.0 0.0 0.0 0.0 0.0 0.0 
0.5625 0.0 0.0 0.0 0.0 0.0 0.0 0.0 0.0 0.0 0.0 0.0 0.0 0.0 0.0 0.0 
0.5875 0.0 0.0 0.0 0.0 0.0 0.0 0.0 0.0 0.0 0.0 0.0 0.0 0.0 0.0 0.0 
0.6125 0.0 0.0 0.0 0.0 0.0 0.0 0.0 0.0 0.0 0.0 0.0 0.0 0.0 0.0 0.0 
0.6375 0.0 0.0 0.0 0.0 0.0 0.0 0.0 0.0 0.0 0.0 0.0 0.0 0.0 0.0 0.0 
0.6625 0.0 0.0 0.0 0.0 0.0 0.0 0.0 0.0 0.0 0.0 0.0 0.0 0.0 0.0 0.0 
0.6875 0.0 0.0 0.0 0.0 0.0 0.0 0.0 0.0 0.0 0.0 0.0 0.0 0.0 0.0 0.0 
0.7125 0.0 0.0 0.0 0.0 0.0 0.0 0.0 0.0 0.0 0.0 0.0 0.0 0.0 0.0 0.0 
0.7375 0.0 0.0 0.0 0.0 0.0 0.0 0.0 0.0 0.0 0.0 0.0 0.0 0.0 0.0 0.0 
0.7625 0.0 0.0 0.0 0.0 0.0 0.0 0.0 0.0 0.0 0.0 0.0 0.0 0.0 0.0 0.0 
0.7875 0.0 0.0 0.0 0.0 0.0 0.0 0.0 0.0 0.0 0.0 0.0 0.0 0.0 0.0 0.0 
0.8125 0.0 0.0 0.0 0.0 0.0 0.0 0.0 0.0 0.0 0.0 0.0 0.0 0.0 0.0 0.0 
0.8375 0.0 0.0 0.0 0.0 0.0 0.0 0.0 0.0 0.0 0.0 0.0 0.0 0.0 0.0 0.0 
0.8625 0.0 0.0 0.0 0.0 0.0 0.0 0.0 0.0 0.0 0.0 0.0 0.0 0.0 0.0 0.0 
0.8875 0.0 0.0 0.0 0.0 0.0 0.0 0.0 0.0 0.0 0.0 0.0 0.0 0.0 0.0 0.0 
0.9125 0.0 0.0 0.0 0.0 0.0 0.0 0.0 0.0 0.0 0.0 0.0 0.0 0.0 0.0 0.0 
0.9375 0.0 0.0 0.0 0.0 0.0 0.0 0.0 0.0 0.0 0.0 0.0 0.0 0.0 0.0 0.0 
0.9625 0.0 0.0 0.0 0.0 0.0 0.0 0.0 0.0 0.0 0.0 0.0 0.0 0.0 0.0 0.0 
0.9875 0.0 0.0 0.0 0.0 0.0 0.0 0.0 0.0 0.0 0.0 0.0 0.0 0.0 0.0 0.0 
1.0125 0.0 0.0 0.0 0.0 0.0 0.0 0.0 0.0 0.0 0.0 0.0 0.0 0.0 0.0 0.0 
1.0375 0.0 0.0 0.0 0.0 0.0 0.0 0.0 0.0 0.0 0.0 0.0 0.0 0.0 0.0 0.0 
1.0625 0.0 0.0 0.0 0.0 0.0 0.0 0.0 0.0 0.0 0.0 0.0 0.0 0.0 0.0 0.0 
1.0875 0.0 0.0 0.0 0.0 0.0 0.0 0.0 0.0 0.0 0.0 0.0 0.0 0.0 0.0 0.0 
1.1125 0.0 0.0 0.0 0.0 0.0 0.0 0.0 0.0 0.0 0.0 0.0 0.0 0.0 0.0 0.0 
1.1375 0.0 0.0 0.0 0.0 0.0 0.0 0.0 0.0 0.0 0.0 0.0 0.0 0.0 0.0 0.0 
1.1625 0.0 0.0 0.0 0.0 0.0 0.0 0.0 0.0 0.0 0.0 0.0 0.0 0.0 0.0 0.0 
1.1875 0.0 0.0 0.0 0.0 0.0 0.0 0.0 0.0 0.0 0.0 0.0 0.0 0.0 0.0 0.0 
1.2125 0.0 0.0 0.0 0.0 0.0 0.0 0.0 0.0 0.0 0.0 0.0 0.0 0.0 0.0 0.0 
1.2375 0.0 0.0 0.0 0.0 0.0 0.0 0.0 0.0 0.0 0.0 0.0 0.0 0.0 0.0 0.0 
1.2625 0.0 0.0 0.0 0.0 0.0 0.0 0.0 0.0 0.0 0.0 0.0 0.0 0.0 0.0 0.0 
1.2875 0.0 0.0 0.0 0.0 0.0 0.0 0.0 0.0 0.0 0.0 0.0 0.0 0.0 0.0 0.0 
1.3125 0.0 0.0 0.0 0.0 0.0 0.0 0.0 0.0 0.0 0.0 0.0 0.0 0.0 0.0 0.0 
1.3375 0.0 0.0 0.0 0.0 0.0 0.0 0.0 0.0 0.0 0.0 0.0 0.0 0.0 0.0 0.0 
1.3625 0.0 0.0 0.0 0.0 0.0 0.0 0.0 0.0 0.0 0.0 0.0 0.0 0.0 0.0 0.0 
1.3875 0.0 0.0 0.0 0.0 0.0 0.0 0.0 0.0 0.0 0.0 0.0 0.0 0.0 0.0 0.0 
1.4125 0.0 0.0 0.0 0.0 0.0 0.0 0.0 0.0 0.0 0.0 0.0 0.0 0.0 0.0 0.0 
1.4375 0.0 0.0 0.0 0.0 0.0 0.0 0.0 0.0 0.0 0.0 0.0 0.0 0.0 0.0 0.0 
1.4625 0.0 0.0 0.0 0.0 0.0 0.0 0.0 0.0 0.0 0.0 0.0 0.0 0.0 0.0 0.0 
1.4875 0.0 0.0 0.0 0.0 0.0 0.0 0.0 0.0 0.0 0.0 0.0 0.0 0.0 0.0 0.0 
1.5125 0.0 0.0 0.0 0.0 0.0 0.0 0.0 0.0 0.0 0.0 0.0 0.0 0.0 0.0 0.0 
1.5375 0.0 0.0 0.0 0.0 0.0 0.0 0.0 0.0 0.0 0.0 0.0 0.0 0.0 0.0 0.0 
1.5625 0.0 0.0 0.0 0.0 0.0 0.0 0.0010616395 0.0 0.0 0.0 0.0 0.0 0.0 0.0 0.0 
1.5875 0.0 0.0 0.0 0.0 0.0 0.0 0.002056932 0.0 0.0 0.0 0.0 0.0 0.0 0.0 0.0 
1.6125 0.0 0.0 0.0 0.0 0.0 0.0 0.0079745875 0.0 0.0 0.0 0.0 0.0 0.0 0.0 0.0 
1.6375 0.0 0.0 0.0 0.0 0.0 0.0 0.0115994282 0.0 0.0 0.0 0.0 0.0 0.0 0.0 0.0 
1.6625 0.0 0.0 0.0 0.0 0.0 0.0 0.0243819392 0.0 0.0 0.0 0.0 0.0 0.0 0.0 0.0 
1.6875 0.0 0.0 0.0 0.0 0.0 0.0 0.0764557525 0.0 0.0 0.0 0.0 0.0 0.0 0.0 0.0 
1.7125 0.0 0.0 0.0 0.0 0.0 0.0 0.2492336181 0.0 0.0 0.0 0.0 0.0 0.0 0.0 0.0 
1.7375 0.0 0.0 0.0 0.0 0.0 0.0 0.5984144144 0.0 0.0 0.0 0.0 0.0 0.0 0.0 0.0 
1.7625 0.0 0.0 0.0 0.0 0.0 0.0 1.2315362841 0.0 0.0 0.0 0.0 0.0 0.0 0.0 0.0 
1.7875 0.0 0.0 0.0 0.0 0.0 0.0 2.2681113609 0.0 0.0 0.0 4.1718786529e-04 0.0 0.0 0.0 0.0 
1.8125 0.0 0.0 0.0 0.0 0.0 0.0 3.8344205238 0.0 0.0 0.0 7.4389110691e-04 0.0 0.0 0.0 0.0 
1.8375 0.0 0.0 0.0 0.0 0.0 0.0 5.7666098785 0.0 0.0 0.0 0.0029609476 0.0 0.0 0.0 0.0 
1.8625 0.0 0.0 0.0 0.0 0.0 0.0 7.8723259147 0.0 0.0 0.0 0.00967069 0.0 0.0 0.0 0.0 
1.8875 0.0 0.0 0.0116403516 0.0 0.0 0.0 9.9263098644 0.0 0.0 0.0 0.0260660731 0.0 0.0 0.0 0.0 
1.9125 0.0 0.0 0.0531469784 0.0 0.0 0.0 11.7107595444 0.0 0.0 0.0 0.0553943364 0.0 0.0 0.0 0.0 
1.9375 0.0 0.0 0.2409696607 0.0 0.0 0.0 12.5166132068 0.0 0.0 0.0 0.1172396802 0.0 0.0 0.0 0.0 
1.9625 0.0 0.0 0.6002968129 0.0 0.0 0.0 13.0732801434 0.0 0.0 0.0 0.2201793339 0.0020189355 3.6917677156e-04 0.0 0.0 
1.9875 0.0 0.0 1.3464298854 0.0 0.0 0.0 12.7681184891 0.0 0.0 0.0 0.3975173947 0.0039369295 5.3992175855e-04 0.0 0.0 
2.0125 0.0 0.0 2.8164392807 0.0 0.0 0.0 11.8244373072 0.0 0.0 0.0 0.6534665722 0.0185586774 0.0010531821 0.0 0.0 
2.0375 0.0 0.0116544686 5.2844690461 0.0 0.0 0.0 10.8723705067 9.9895445106e-04 0.0 0.0 0.9781547923 0.0462016434 5.137480034e-04 0.0 0.0 
2.0625 0.0 0.0341209553 8.264582826 0.0 0.0 0.0 9.74153275 0.0038995378 0.0 0.0 1.3799663311 0.1236884631 0.0020054766 0.0 0.0 
2.0875 0.0 0.088822908 11.9512412243 0.0 0.0 0.0 8.2444709407 0.0085650661 0.0 0.0 1.8633097423 0.2646843351 0.001468297 0.0 0.0 
2.1125 0.0 0.1300995821 14.9562247279 0.0 0.0 0.0 6.8708841804 0.0185856546 0.0 0.0 2.3586191332 0.6075185843 0.0014337505 0.0 0.0 
2.1375 0.0 0.2647378092 16.8781699245 0.0 0.0 0.0 5.9236975784 0.0136150873 0.0 0.0 2.8923794269 1.0971491205 0.002022813 0.0 0.0 
2.1625 0.0 0.5173043073 17.5554606734 0.0 0.0 0.0 4.6014218132 0.0239437994 0.0 0.0 3.3995444345 1.9714836653 0.0054728684 0.0 0.0 
2.1875 0.0 0.7684328126 16.7729961065 0.0 0.0 0.0 3.7347351338 0.0381327561 0.0 0.0 3.8644236469 3.0533287816 0.0051999213 0.0 0.0 
2.2125 0.0 1.0970968261 14.795452033 0.0 0.0 0.0 3.0794957243 0.0449004879 0.0 0.0 4.2739122399 4.3237899045 0.0062449196 0.0 0.0 
2.2375 0.0 1.246672167 12.1690320957 0.0 0.0 0.0 2.4866139611 0.053842984 0.0 0.0 4.5740206554 5.7596461206 0.0065321598 0.0 0.0 
2.2625 0.0 1.7107641457 9.6883665636 0.0 0.0 0.0 2.0076499125 0.072913389 0.0 0.0 4.7382418636 7.3713410909 0.0077774282 0.0 0.0 
2.2875 0.0 2.1451349367 7.3433556271 0.0 0.0 0.0 1.6806749169 0.0911418169 0.0 0.0 4.8354696548 8.460833556 0.0152167207 0.0 0.0 
2.3125 0.0 2.1080522342 5.4992245515 0.0 0.0 0.0 1.2606630582 0.1139976745 0.0 0.0 4.8437794676 9.3195037613 0.0226001221 0.0 0.0 
2.3375 0.0 2.3377050088 4.0274179231 0.0 0.0 0.0 1.016104734 0.1495220411 0.0 0.0 4.7578829709 9.7549849435 0.0245914423 0.0 0.0 
2.3625 0.0 1.9590878515 2.7914215571 0.0 0.0 0.0 0.8354296092 0.1961564574 0.0 0.0 4.6257577583 9.7474527504 0.0346458159 0.0 0.0 
2.3875 0.0 1.5193417138 2.0343779412 0.0 0.0 0.0 0.7389057118 0.2109860002 0.0 0.0 4.4761511406 9.6394228824 0.0375409573 0.0021826138 0.0 
2.4125 0.0 1.5378938399 1.4825237239 0.0 0.0 0.0 0.6176811069 0.252238341 0.0 0.0 4.2586214458 8.8621874752 0.0480046818 0.0014250754 0.0 
2.4375 0.0 1.2214940691 0.985483965 0.0020939898 0.0 0.0 0.4964500895 0.3259644173 0.0 0.0 4.0301451818 7.9562888685 0.06090519 0.0090739559 0.0 
2.4625 0.0 1.0771364421 0.7377529758 0.0054711692 0.0 0.0 0.4240156153 0.351522623 0.0 0.0 3.7830570613 7.11850409 0.074329742 0.0109423385 0.0 
2.4875 0.0 1.4230976876 0.5273783326 0.0046915308 0.0 0.0 0.3711336002 0.3967694652 0.0 0.0 3.5116467369 6.356605399 0.0883539726 0.0113937177 0.0 
2.5125 0.0 1.0500210426 0.3756918355 0.0065694747 0.0 0.0 0.3535198583 0.4624910202 0.0 4.3992018208e-04 3.2499543371 5.6398940463 0.1198272189 0.0078833697 0.0 
2.5375 0.0 0.9317496317 0.3063341603 0.0128813313 0.0 0.0 0.295465537 0.5506769137 0.0 2.1564728763e-04 3.0080553892 4.7387197572 0.1366893271 0.0103050651 0.0 
2.5625 0.0 0.987340075 0.2242040895 0.0138943379 0.0 0.0 0.2320985997 0.5911409234 0.0 2.114600945e-04 2.7604169904 4.0029113943 0.1647832391 0.0119996555 0.0 
2.5875 0.0 0.910541216 0.1420784976 0.0173436422 0.0 0.0 0.2063428861 0.6243711196 0.0361325879 2.4887241691e-04 2.5150382794 3.3971084909 0.187523707 0.0161048106 0.0 
2.6125 0.0 0.602554276 0.104434302 0.0218742393 0.0 0.0 0.1913995935 0.7382555751 0.0141777477 2.8482082373e-04 2.3096852992 2.8364356432 0.2160341535 0.0346342122 0.0 
2.6375 0.0 0.4659934088 0.0670672816 0.030999988 0.0 0.0 0.1561177278 0.7952689219 0.0069551255 7.1857801764e-04 2.1430232062 2.3574149499 0.257742757 0.0500769036 0.0 
2.6625 0.0 0.4504583806 0.0497259251 0.0427057945 0.0 0.0 0.1393057167 0.8301304442 0.0614261428 0.0016061683 1.9775770599 1.9140824857 0.2925388711 0.0649362081 0.0 
2.6875 0.0 0.3081420117 0.0409101584 0.0671787864 0.0 0.0 0.1327785842 0.8641373805 0.0602886545 0.0013841783 1.8245007853 1.5509974081 0.3331870944 0.1004810908 0.0 
2.7125 0.0 0.335367341 0.0331140022 0.0744008219 0.0 0.0526066417 0.1049784324 0.9300102733 0.0526066417 0.0018494522 1.6839224974 1.22310442 0.3602159271 0.112728518 0.0 
2.7375 0.0 0.2259695546 0.0318202026 0.0796888552 0.0 0.0387376379 0.1193257597 0.976188476 0.0839315489 0.004298692 1.5338918777 1.0933006564 0.4114411487 0.1361351276 0.0 
2.7625 0.0 0.2345780361 0.0332847213 0.1032505642 0.0 0.0380396815 0.1147983246 0.9901185679 0.1267989384 0.0058951802 1.4061096567 0.9391046379 0.4619725242 0.1423770937 0.0 
2.7875 0.0 0.2303892549 0.0346918183 0.1371661124 0.0 0.0747208394 0.1244235407 1.0589010389 0.130761469 0.00904227 1.293051751 0.7842352389 0.5160312666 0.1707904901 0.0 
2.8125 0.0 0.1223306359 0.0271967217 0.1457482148 0.0 0.0366991908 0.0983014038 1.1444904778 0.0795149133 0.0128142901 1.2055122445 0.6858161275 0.5586665383 0.2186223221 0.0 
2.8375 0.0 0.048073816 0.0244661385 0.2013949505 0.0 0.036055362 0.0840218703 1.206824473 0.1502306749 0.0166595088 1.1083160733 0.6235646084 0.6154429542 0.2426010784 0.0 
2.8625 0.0 0.0708566563 0.0218263807 0.2631818662 0.0 0.0236188854 0.0841422793 1.297689048 0.1771416407 0.0261984353 1.0322115708 0.5592614657 0.6692917305 0.304683622 0.0 
2.8875 0.0 0.063832102 0.0261131326 0.2855035833 0.0 0.081240857 0.0858002929 1.3728046864 0.2727371629 0.0352727136 0.9610432187 0.4784298941 0.7094245336 0.3133575915 0.0 
2.9125 0.0 0.0513335305 0.0229167547 0.316312326 0.0 0.0228149024 0.0956392562 1.2901827332 0.2338527501 0.0523484154 0.8994105974 0.4115849142 0.7679496163 0.3608013858 0.0 
2.9375 0.0 0.0336423278 0.0300377927 0.3777552805 0.0 0.044856437 0.0937179131 1.3802966483 0.2523174583 0.0720907024 0.8609689599 0.3986015086 0.8218340072 0.4411950986 0.0 
2.9625 0.0 0.0385897446 0.017424451 0.3855824275 0.0 0.0661538479 0.0732417601 1.3901758599 0.4024359078 0.0956551732 0.8245520227 0.3428777561 0.8858675267 0.524505508 0.0 
2.9875 0.0 0.0542094245 0.0162628274 0.4330558601 0.0 0.1301026189 0.0757963918 1.4408865045 0.3903078567 0.1311190456 0.77053442 0.302604752 0.9229585992 0.5868557418 0.0325256547 
3.0125 0.0 0.0586447637 0.0168508493 0.4752510723 0.0266567108 0.170602949 0.0788277019 1.4929281281 0.4798207941 0.1761382966 0.7402949395 0.2930334136 0.9591715598 0.65255628 0.1172895275 
3.0375 0.0 0.0209757803 0.0342729268 0.4966765125 0.0157318352 0.0943910114 0.0716360355 1.4837368033 0.4457353317 0.2386563551 0.7026110516 0.2671602734 1.0219657016 0.7011903705 0.1468304622 
3.0625 0.0 0.0 0.0251485629 0.6031233375 0.0103173591 0.0825388732 0.0818019189 1.5546786325 0.4384877637 0.3073197816 0.6700098294 0.2398786002 1.0696279953 0.7954683902 0.072221514 
3.0875 0.0 0.0050754769 0.0231115465 0.6342895967 0.0101509538 0.0913585839 0.0802106614 1.6179170165 0.4923212576 0.3841080767 0.6343828197 0.2346501723 1.0906350455 0.8544202797 0.1522643065 
3.1125 0.0 0.0 0.0227417697 0.6515383251 0.044948439 0.09988542 0.0757167157 1.6134349195 0.4295073059 0.4608648301 0.6042813099 0.2268825968 1.1182437768 0.9195166376 0.129851046 
3.1375 0.0 0.0049149985 0.0265936528 0.687116795 0.0786399765 0.0884699736 0.0768846199 1.6278475143 0.6094598182 0.5657451692 0.583856688 0.2277575213 1.1553817451 0.9841231349 0.2064299384 
3.1625 0.0 0.0 0.0396510313 0.7090537368 0.0193503944 0.0677263803 0.0914824448 1.663581048 0.6530758102 0.6622388637 0.5662655971 0.1959227431 1.1789129047 1.0416040859 0.2515551269 
3.1875 0.0 0.0047620127 0.0352048794 0.7636907741 0.0238100633 0.114288304 0.0903081688 1.7016712118 0.7571600139 0.7882285021 0.5552968392 0.1989841007 1.2066046003 1.0857388878 0.2476246586 
3.2125 0.0 0.0 0.0399332859 0.7691301547 0.009376369 0.065634583 0.0939311252 1.6282734518 0.7688622584 0.9146982835 0.5430065781 0.1765603771 1.2519634063 1.1605265866 0.3281729152 
3.2375 0.0 0.0 0.0474794745 0.7636282149 0.0230803001 0.0738569603 0.1080652623 1.6463507783 0.7801141435 1.0400972383 0.5275944642 0.1644471382 1.2788257317 1.2411925959 0.3969811618 
3.2625 0.0 0.0045455872 0.0504073152 0.7979453647 0.0136367616 0.136367616 0.1093376064 1.6808282732 0.7500218882 1.1621338687 0.5098548608 0.1626670849 1.3001789456 1.3395196113 0.4000116737 
3.2875 0.0 0.0 0.0498834068 0.8215413383 0.013430148 0.1611617758 0.1237492207 1.6311874026 0.8505760392 1.2872128764 0.4929412481 0.1731529794 1.3461941807 1.4293514643 0.4387181676 
3.3125 0.0 0.0044093982 0.064723667 0.8360219056 0.0396845841 0.2116511153 0.1079515175 1.5586592851 0.9127454349 1.3931617461 0.491987607 0.1547226345 1.3737669179 1.4558573148 0.7848728861 
3.3375 0.0 0.0 0.0660845821 0.9151318462 0.0477794631 0.2258665528 0.1284460891 1.550288449 0.8904354484 1.5039311784 0.4862003592 0.1582306894 1.376112361 1.4977930908 0.651538133 
3.3625 0.0 0.0042792393 0.0765678174 0.9683307202 0.0556301108 0.145494136 0.1251677493 1.5794060913 0.9414326446 1.6210402514 0.4874861371 0.1607007185 1.4296711418 1.5196190052 0.5648595868 
3.3875 0.0 0.0 0.0840250439 0.9150598329 0.0421631045 0.1855176596 0.1461403317 1.6129194448 0.9655350923 1.6976592179 0.4803367141 0.1511095548 1.4497843703 1.5630465155 0.8516947102 
3.4125 0.0 0.0041547596 0.0734502138 0.9590372163 0.0415475957 0.2243570168 0.1493487681 1.5790460516 0.9639042203 1.7771851576 0.4835694987 0.1611453176 1.4648834335 1.6175072545 0.6564520121 
3.4375 0.0 0.0 0.072166386 0.9619845063 0.0818909345 0.1965382428 0.1625388816 1.6035414846 0.8967057328 1.833192285 0.4848904288 0.1664871945 1.4884763654 1.6151232025 0.7861529712 
3.4625 0.0 0.0040356334 0.0847483016 0.986193501 0.0363207007 0.2017816704 0.1824682819 1.5783938776 1.0089083519 1.8931238675 0.4773021873 0.1554439511 1.491491042 1.6302805929 0.8232692151 
3.4875 0.0 0.0 0.0984550666 1.0583706554 0.0358018424 0.1829871945 0.17687815 1.569484577 0.9905176398 1.9364275844 0.4722737935 0.1517316178 1.4922792434 1.6387014723 0.8274203578 
3.5125 0.0 0.0039215582 0.0930669784 1.0289048163 0.074509605 0.2901953037 0.1787810353 1.5515924966 1.0156835631 1.9931894569 0.4726698066 0.162184441 1.5100079737 1.6655417722 0.815684097 
3.5375 0.0 0.0 0.0944488175 1.0226984244 0.1043907983 0.3093060692 0.1992538651 1.543658218 1.0477743093 1.9977389578 0.474995886 0.1654925553 1.5039660433 1.7206254762 1.1366998042 
3.5625 0.0 0.0114367568 0.1164098459 1.0280010535 0.1372410815 0.1677390996 0.2052489389 1.537753642 1.0826796431 2.0312642854 0.4782956723 0.1903403095 1.5137971376 1.6972147082 1.036932616 
3.5875 0.0 0.0150372207 0.1204320265 0.9798897457 0.0714267983 0.2781885828 0.2243499623 1.521874143 1.08267989 2.0661673482 0.4804737254 0.1955509995 1.524148139 1.6891095188 1.0450868382 
3.6125 0.0 0.0259521746 0.1257223969 1.0537642165 0.0556118027 0.1631279547 0.222447211 1.5139121615 1.0936987873 2.0573104077 0.4862571189 0.2011955578 1.5266052718 1.6556428131 0.9416931931 
3.6375 0.0 0.0146266691 0.1412387737 1.080701896 0.0365666728 0.2559667097 0.2233178947 1.5743519789 1.0384935079 2.0563926097 0.4887807454 0.2050998559 1.5492150033 1.669320852 0.7825267982 
3.6625 0.0 0.0216415049 0.1352594055 1.0941326535 0.0432830097 0.2669118934 0.2394091477 1.5578791865 0.9702608018 2.05445925 0.4978981527 0.2210525141 1.5623753195 1.6883465444 0.9377985445 
3.6875 0.0 0.0284654088 0.1587836084 1.1302800529 0.035581761 0.3202358488 0.2476109331 1.5438417776 0.950033018 2.0108278826 0.504289769 0.2247369439 1.5612347233 1.7423880039 1.2667106907 
3.7125 0.0 0.0315937446 0.155900085 1.1716765854 0.0737187374 0.3229582781 0.2762572072 1.5471908069 0.9688748343 2.0083788817 0.5091267465 0.2555708268 1.5583840193 1.8089675478 1.3339581052 
3.7375 0.0 0.0277088897 0.166438889 1.1228037962 0.1039083365 0.3809972339 0.277583699 1.5440778805 1.021765309 1.9745831072 0.5065849492 0.2527199184 1.5599991824 1.7982079835 1.4339350438 
3.7625 0.0 0.02734189 0.1825437342 1.1591984853 0.1606336036 0.3212672072 0.3072300762 1.554386445 1.080004654 1.9411325091 0.5150668023 0.2563302185 1.5685149482 1.795190376 1.3124107188 
3.7875 0.0 0.0269821335 0.1884533386 1.1456806609 0.1214196007 0.3575132687 0.3319163787 1.5426071175 1.032066606 1.9207605138 0.5130597617 0.2533188693 1.5706740429 1.8302559334 1.5514726756 
3.8125 0.0 0.0233007521 0.2032871735 1.1592361909 0.1131750814 0.319553171 0.3710882527 1.4902019751 1.1217647774 1.8874755519 0.5254132774 0.2897733833 1.5510719631 1.7923509109 1.204981749 
3.8375 0.0 0.0394253986 0.1925508305 1.155445788 0.1084198461 0.3745412864 0.3798214737 1.5144985249 1.0743421109 1.8600968418 0.530266582 0.296922533 1.5594595713 1.8192005339 1.3338926515 
3.8625 0.0 0.0421597484 0.2159528872 1.1675007255 0.1297223028 0.3761946782 0.4108838119 1.460209836 1.0604798257 1.8340855626 0.5381820946 0.3057739995 1.5637361758 1.8304743518 1.1675007255 
3.8875 0.0 0.0224103634 0.2323931815 1.1796998225 0.1888873485 0.3905806189 0.43099931 1.4823769344 0.941235262 1.7860402167 0.5495700599 0.3054555396 1.5618938693 1.827862414 1.2293685054 
3.9125 0.0 0.0316069785 0.2563551718 1.2535327661 0.1769990794 0.3856051373 0.4392241187 1.4277323703 0.805977951 1.7623994754 0.5526851084 0.3057975167 1.5573700051 1.8322113891 1.3591000742 
3.9375 0.0 0.062413791 0.2587943263 1.1844354285 0.1341896507 0.305827576 0.4776326811 1.3724792646 0.8457068684 1.7372966302 0.5662379737 0.3351954938 1.5542103915 1.8269408258 1.4417585726 
3.9625 0.0 0.107850264 0.2654437111 1.2051936852 0.1417460613 0.2896549948 0.480704034 1.3568003421 0.8196620067 1.716806017 0.5739300538 0.3539249481 1.5482443082 1.8499181616 1.3866462519 
3.9875 0.0 0.0608583734 0.2653859782 1.2083864736 0.2130043068 0.2921201922 0.4742062718 1.3523599969 0.7942017725 1.6867880142 0.5848784658 0.3860159682 1.5382363732 1.8249687364 1.2171674674 
4.0125 0.0 0.0691177353 0.2818908878 1.2227399606 0.1803071355 0.3606142711 0.5092066694 1.3785768421 0.7963565153 1.6590901282 0.6095025136 0.405691055 1.5205852702 1.8221323955 1.3523035166 
4.0375 0.0 0.1157527475 0.2830218276 1.1979773361 0.1840171883 0.338354185 0.5450555198 1.3205989279 0.5609556224 1.6208053594 0.6092419628 0.4025905998 1.5298987938 1.8169365331 1.4662014682 
4.0625 0.0 0.0762216575 0.3222668433 1.2149397171 0.1817593372 0.3048866301 0.5570567705 1.2398164559 0.5775256359 1.6127981478 0.618499264 0.3940387474 1.5213364215 1.7823303854 1.7355085101 
4.0875 0.0 0.0781879881 0.3183368088 1.1790252178 0.2577307757 0.3648772779 0.5639153509 1.2045914489 0.6718375276 1.603950782 0.6331232447 0.4073842397 1.5137194502 1.7352769048 1.5753431683 
4.1125 0.0 0.0886832691 0.3670445209 1.1527190265 0.37189758 0.4291125923 0.5888037784 1.1841055476 0.6236436342 1.5582862547 0.6445752793 0.4404534251 1.5047034469 1.73999026 1.6477923545 
4.1375 0.0 0.0960936614 0.3770061192 1.140526785 0.3985060666 0.2882809843 0.6026041584 1.1901886352 0.6019985261 1.5381492773 0.6521881416 0.4686080076 1.5054704388 1.7524576811 1.7409910425 
4.1625 0.0 0.1396218426 0.3932848117 1.0809124136 0.4830915755 0.2233949482 0.6276999125 1.1749776436 0.6394680392 1.5239118619 0.66626546 0.4691293912 1.4829686114 1.722853754 1.8653478174 
4.1875 0.0 0.168310831 0.3912635566 1.1219670948 0.4387118383 0.2538458435 0.6497901756 1.1434888076 0.5325244326 1.4672383372 0.6774778422 0.4820213291 1.4513675522 1.7025803363 1.5175566733 
4.2125 0.0 0.1690455514 0.4085429787 1.0981728749 0.3435441852 0.3271849382 0.6625494999 1.099575096 0.5862063477 1.4379965833 0.6874764851 0.5056760072 1.4492156046 1.6382617265 1.794064078 
4.2375 0.0 0.1428066222 0.4188930097 1.1358322931 0.3583637877 0.2640575278 0.6847789242 1.1171250105 0.5388929139 1.4261983117 0.7031191547 0.5221006258 1.4307804825 1.667488645 1.4873444423 
4.2625 0.0 0.0852144232 0.4507995156 1.0602348102 0.3541724465 0.2503173682 0.7438192008 1.089222931 0.4793311306 1.3923529977 0.7095078959 0.5365370185 1.4128725275 1.6395407194 1.5871186323 
4.2875 0.0 0.0894875421 0.4514796899 1.0368522947 0.3237343436 0.242142761 0.7577301229 1.0517418186 0.3921659934 1.3662830092 0.7273266499 0.5522941741 1.4094384569 1.6010750078 1.3475771049 
4.3125 0.0 0.1196717271 0.4664688709 1.0241967249 0.3225933512 0.348608944 0.7719662611 1.0043505441 0.5125071789 1.3483676032 0.7428818901 0.5477211421 1.4083971237 1.6164602784 1.2799671676 
4.3375 0.0 0.1208678618 0.4868697079 1.0225641538 0.3060271395 0.3857484952 0.7694304806 0.978919467 0.5169029836 1.3041595713 0.7537092613 0.5678768919 1.3836688309 1.5780419869 1.3835512695 
4.3625 0.0 0.1474514625 0.5108593927 1.0546774559 0.3177833244 0.3965935888 0.7824279422 0.9631558585 0.5237069185 1.2714818863 0.7592323537 0.5837225692 1.3495886822 1.5593536931 1.3016404966 
4.3875 0.0 0.1658829159 0.5271360519 0.9912042809 0.1382357633 0.3870601372 0.8150075408 0.9315295176 0.5001621254 1.2462858107 0.7709054594 0.602941313 1.33620997 1.5209524501 1.221501472 
4.4125 0.0 0.1913433116 0.5169198137 0.9597695309 0.1664935308 0.4622059215 0.8622430165 0.9120579519 0.4696608557 1.220778759 0.7849931624 0.6144995776 1.3337820592 1.4784199543 1.2325491239 
4.4375 0.0 0.1670798941 0.5509950919 0.9544614453 0.1646228368 0.3636444753 0.8653229178 0.8586362119 0.4373561933 1.1827910133 0.8046160529 0.6224691327 1.3048598748 1.4287436992 1.0761910824 
4.4625 0.0 0.1749315167 0.5737337246 0.8827794041 0.1652130991 0.4324695831 0.9100603907 0.8498756188 0.468913649 1.1593536069 0.8148149398 0.6531297255 1.2986344598 1.4275661277 1.083603562 
4.4875 0.0 0.1753904624 0.5905269874 0.8888280655 0.1537669807 0.4420800696 0.9179682812 0.8272526272 0.5694183506 1.1266551053 0.8410651777 0.660288458 1.280674973 1.3760771857 1.0475375563 
4.5125 0.0 0.1782045884 0.6219340136 0.8309425381 0.1425636707 0.4181867675 0.9415566719 0.8260546408 0.4847164805 1.0995995932 0.8516615491 0.6561747524 1.2516857535 1.3871445164 1.406628218 
4.5375 0.0 0.1668465125 0.6388928957 0.8616934173 0.1456969546 0.3242932216 0.950722985 0.7571541738 0.4629403235 1.0726386765 0.859988504 0.715434153 1.2236357295 1.3374577585 1.2501738686 
4.5625 0.0325397606 0.1603745344 0.6514592888 0.8211973054 0.1185376993 0.3672344411 0.9789321347 0.7616296212 0.5438788558 1.0489892669 0.8689574679 0.7641448119 1.2103652528 1.2790118148 1.1017033233 
4.5875 0.0183920406 0.2046114517 0.6844056002 0.7992655359 0.121847269 0.2942726497 1.0079495109 0.725960117 0.4368109643 1.035357229 0.8878675494 0.7563316162 1.1731231727 1.2538773682 1.0391502941 
4.6125 0.0181932097 0.1796579456 0.6946719749 0.7951082387 0.1614647359 0.3320260766 1.0216624311 0.7124590862 0.4093472178 1.0161104854 0.9043231903 0.7737393393 1.1366152054 1.2411017789 0.9960782299 
4.6375 0.0134981892 0.1754764602 0.7289022194 0.7528132975 0.1169843068 0.3329553348 1.0497252531 0.7248527626 0.3397044294 0.9716242825 0.919278339 0.8129043435 1.1257820401 1.1891904727 0.9718696258 
4.6625 0.0178051 0.1980817371 0.7394680578 0.7499126566 0.1313126122 0.4050660241 1.007736863 0.6730327785 0.3427481743 0.9486751435 0.9233863374 0.8730063075 1.0922229707 1.1799058206 0.9703779479 
4.6875 0.0088078429 0.2069843082 0.757671093 0.7832688865 0.136521565 0.488835281 1.0667320091 0.6855018303 0.3567176375 0.9425136188 0.94317842 0.8847163627 1.0732913805 1.1524433303 1.0393254622 
4.7125 0.0435731954 0.2636178324 0.8104614352 0.7820766107 0.1394342254 0.4313746348 1.0892909813 0.6623748181 0.3376922646 0.917458918 0.9512250876 0.9058167048 1.0433023636 1.0920687725 0.849677311 
4.7375 0.0301801741 0.2134169457 0.800544517 0.7464973684 0.163835231 0.5346202276 1.088103064 0.6590980478 0.3535391827 0.8925574778 0.9685130241 0.9179931284 1.0335556988 1.0393682419 0.7157012724 
4.7625 0.0597283085 0.1877175411 0.8644987006 0.6957129001 0.1279892326 0.7551364723 1.0845944702 0.6395804795 0.3711687745 0.8649925366 0.9751506162 0.9444919709 1.0112925553 1.0087379947 0.639946163 
4.7875 0.1519872283 0.1667637643 0.8545889017 0.6908181399 0.1329888247 0.5615083711 1.1326667249 0.6790572234 0.3757462032 0.8450291183 0.995971919 0.9338620022 0.9809069605 0.9785082505 0.5192896965 
4.8125 0.0919185943 0.1901043655 0.8569245251 0.6820479073 0.1128091839 0.651786396 1.1739765272 0.6621720034 0.380208731 0.8248572036 1.0050857028 0.9552968195 0.950206337 0.946701834 0.5807583913 
4.8375 0.0951060333 0.2708454427 0.8754480829 0.6783836562 0.1488616173 0.6616071882 1.18358277 0.6634974944 0.3514788187 0.8148346007 1.0227970333 0.9709233167 0.9406839019 0.912486271 0.5995815143 
4.8625 0.1841685562 0.2169096329 0.9018778048 0.6510796959 0.1739369698 0.5525056687 1.195232005 0.6740569158 0.3478739395 0.7927587182 1.0366246663 1.0102960798 0.9151297973 0.894708386 0.5279498612 
4.8875 0.1498823147 0.2005182318 0.9418280584 0.6824564235 0.2369760921 0.5833257652 1.1881356267 0.6562414858 0.4010364636 0.7752875604 1.0516604628 1.0005295537 0.8943633964 0.9053701981 0.5347152848 
4.9125 0.1202924432 0.1684094205 0.9263592166 0.6684822915 0.2385800123 0.6616084376 1.2508266013 0.6390965661 0.3849358182 0.7562313326 1.069955252 1.0061603642 0.8965076648 0.8652463593 0.641559697 
4.9375 0.1071696406 0.224262396 0.9673973804 0.6544152496 0.3810476109 0.6588948271 1.2785933505 0.6947314477 0.3850168568 0.7589132433 1.0778477242 1.0428839327 0.8736585745 0.8168708158 0.5596636785 
4.9625 0.1571741746 0.2495140022 0.9791459908 0.6852232676 0.2632667424 0.6522728246 1.2927926696 0.6813500469 0.3615006016 0.7442380103 1.0855994177 1.0869225677 0.8637234116 0.8024302949 0.5736857373 
4.9875 0.1205918957 0.2703592499 1.0080120956 0.6585317805 0.1808878435 0.5718389891 1.2878881023 0.6603656664 0.4104014514 0.7348531428 1.0982505983 1.0704267374 0.8431683727 0.7972402466 0.5251582553 
