# Radial distribution function (200 data points):
"Pair separation distance" g(r)
0.0125 0.0 
0.0375 0.0 
0.0625 0.0 
0.0875 0.0 
0.1125 0.0 
0.1375 0.0 
0.1625 0.0 
0.1875 0.0 
0.2125 0.0 
0.2375 0.0 
0.2625 0.0 
0.2875 0.0 
0.3125 0.0 
0.3375 0.0 
0.3625 0.0 
0.3875 0.0 
0.4125 0.0 
0.4375 0.0 
0.4625 0.0 
0.4875 0.0 
0.5125 0.0 
0.5375 0.0 
0.5625 0.0 
0.5875 0.0 
0.6125 0.0 
0.6375 0.0 
0.6625 0.0 
0.6875 0.0 
0.7125 0.0 
0.7375 0.0 
0.7625 0.0 
0.7875 0.0 
0.8125 0.0 
0.8375 0.0 
0.8625 0.0 
0.8875 0.0 
0.9125 0.0 
0.9375 0.0 
0.9625 0.0 
0.9875 0.0 
1.0125 0.0 
1.0375 0.0 
1.0625 0.0 
1.0875 0.0 
1.1125 0.0 
1.1375 0.0 
1.1625 0.0 
1.1875 0.0 
1.2125 0.0 
1.2375 0.0 
1.2625 0.0 
1.2875 0.0 
1.3125 0.0 
1.3375 0.0 
1.3625 0.0 
1.3875 0.0 
1.4125 0.0 
1.4375 0.0 
1.4625 0.0 
1.4875 0.0 
1.5125 0.0 
1.5375 0.0 
1.5625 0.0 
1.5875 0.0 
1.6125 0.0 
1.6375 2.4983380474e-05 
1.6625 3.6356496202e-04 
1.6875 9.174689087e-04 
1.7125 0.0032665508 
1.7375 0.0079663537 
1.7625 0.0196676088 
1.7875 0.0424149498 
1.8125 0.0791616559 
1.8375 0.1329735562 
1.8625 0.1888502732 
1.8875 0.2513482891 
1.9125 0.319198421 
1.9375 0.3821114413 
1.9625 0.4301164405 
1.9875 0.5050413619 
2.0125 0.6078415976 
2.0375 0.7471571251 
2.0625 0.938604365 
2.0875 1.148193082 
2.1125 1.3450593713 
2.1375 1.5283645683 
2.1625 1.7049742869 
2.1875 1.8348539836 
2.2125 1.907114409 
2.2375 1.9610128298 
2.2625 1.9875775913 
2.2875 1.993904083 
2.3125 1.9778218093 
2.3375 1.9304454811 
2.3625 1.8782115494 
2.3875 1.7881715938 
2.4125 1.7058955678 
2.4375 1.6035433763 
2.4625 1.5043119852 
2.4875 1.3867910706 
2.5125 1.2877300721 
2.5375 1.1997858668 
2.5625 1.1105942037 
2.5875 1.021727169 
2.6125 0.9486253372 
2.6375 0.8766442332 
2.6625 0.8136505803 
2.6875 0.7587743545 
2.7125 0.7075764361 
2.7375 0.6620380642 
2.7625 0.6205705042 
2.7875 0.5912113207 
2.8125 0.5658082875 
2.8375 0.5413046249 
2.8625 0.5262250642 
2.8875 0.5208484571 
2.9125 0.5184764871 
2.9375 0.5069173523 
2.9625 0.5098247387 
2.9875 0.5150486786 
3.0125 0.5271532004 
3.0375 0.5471483168 
3.0625 0.5654943802 
3.0875 0.590562891 
3.1125 0.6208070119 
3.1375 0.6563654529 
3.1625 0.6925014031 
3.1875 0.7391639042 
3.2125 0.7726177529 
3.2375 0.8159730104 
3.2625 0.8589459327 
3.2875 0.9065720607 
3.3125 0.9460742554 
3.3375 0.9800435303 
3.3625 1.0142585801 
3.3875 1.0390239489 
3.4125 1.0618068347 
3.4375 1.0833035331 
3.4625 1.1129555264 
3.4875 1.129063277 
3.5125 1.1483479141 
3.5375 1.1666607016 
3.5625 1.1720545171 
3.5875 1.1720789041 
3.6125 1.1751473933 
3.6375 1.1775299687 
3.6625 1.1712380891 
3.6875 1.1671905409 
3.7125 1.1683851268 
3.7375 1.1756011796 
3.7625 1.1664711239 
3.7875 1.1553120182 
3.8125 1.142095173 
3.8375 1.1455866877 
3.8625 1.1371006527 
3.8875 1.1261575514 
3.9125 1.1201443615 
3.9375 1.1128401476 
3.9625 1.1062619672 
3.9875 1.1035274175 
4.0125 1.0975085846 
4.0375 1.0822907859 
4.0625 1.0742760178 
4.0875 1.0746596731 
4.1125 1.0736316422 
4.1375 1.064007144 
4.1625 1.060648572 
4.1875 1.0553495225 
4.2125 1.0548088664 
4.2375 1.0478203418 
4.2625 1.0366419249 
4.2875 1.0343693562 
4.3125 1.0297598663 
4.3375 1.0221467323 
4.3625 1.0171849797 
4.3875 1.0040149164 
4.4125 0.9990115174 
4.4375 0.9917638178 
4.4625 0.9887699913 
4.4875 0.9849660934 
4.5125 0.9800834346 
4.5375 0.9709175083 
4.5625 0.9677212677 
4.5875 0.9664977155 
4.6125 0.9627498921 
4.6375 0.9598208078 
4.6625 0.9567110378 
4.6875 0.9568781674 
4.7125 0.9520436934 
4.7375 0.9500933137 
4.7625 0.9487338449 
4.7875 0.9478126901 
4.8125 0.9461738889 
4.8375 0.9453598898 
4.8625 0.9465610867 
4.8875 0.9402032225 
4.9125 0.9399104328 
4.9375 0.9406333069 
4.9625 0.9447569124 
4.9875 0.94601457 
