# Radial distribution function (200 data points):
"Pair separation distance" Al-Al Al-Be Al-Cl Al-Li Al-Mg Be-Be Be-Cl Be-Li Be-Mg Cl-Cl Cl-Li Cl-Mg Li-Li Li-Mg Mg-Mg
0.0125 0.0 0.0 0.0 0.0 0.0 0.0 0.0 0.0 0.0 0.0 0.0 0.0 0.0 0.0 0.0 
0.0375 0.0 0.0 0.0 0.0 0.0 0.0 0.0 0.0 0.0 0.0 0.0 0.0 0.0 0.0 0.0 
0.0625 0.0 0.0 0.0 0.0 0.0 0.0 0.0 0.0 0.0 0.0 0.0 0.0 0.0 0.0 0.0 
0.0875 0.0 0.0 0.0 0.0 0.0 0.0 0.0 0.0 0.0 0.0 0.0 0.0 0.0 0.0 0.0 
0.1125 0.0 0.0 0.0 0.0 0.0 0.0 0.0 0.0 0.0 0.0 0.0 0.0 0.0 0.0 0.0 
0.1375 0.0 0.0 0.0 0.0 0.0 0.0 0.0 0.0 0.0 0.0 0.0 0.0 0.0 0.0 0.0 
0.1625 0.0 0.0 0.0 0.0 0.0 0.0 0.0 0.0 0.0 0.0 0.0 0.0 0.0 0.0 0.0 
0.1875 0.0 0.0 0.0 0.0 0.0 0.0 0.0 0.0 0.0 0.0 0.0 0.0 0.0 0.0 0.0 
0.2125 0.0 0.0 0.0 0.0 0.0 0.0 0.0 0.0 0.0 0.0 0.0 0.0 0.0 0.0 0.0 
0.2375 0.0 0.0 0.0 0.0 0.0 0.0 0.0 0.0 0.0 0.0 0.0 0.0 0.0 0.0 0.0 
0.2625 0.0 0.0 0.0 0.0 0.0 0.0 0.0 0.0 0.0 0.0 0.0 0.0 0.0 0.0 0.0 
0.2875 0.0 0.0 0.0 0.0 0.0 0.0 0.0 0.0 0.0 0.0 0.0 0.0 0.0 0.0 0.0 
0.3125 0.0 0.0 0.0 0.0 0.0 0.0 0.0 0.0 0.0 0.0 0.0 0.0 0.0 0.0 0.0 
0.3375 0.0 0.0 0.0 0.0 0.0 0.0 0.0 0.0 0.0 0.0 0.0 0.0 0.0 0.0 0.0 
0.3625 0.0 0.0 0.0 0.0 0.0 0.0 0.0 0.0 0.0 0.0 0.0 0.0 0.0 0.0 0.0 
0.3875 0.0 0.0 0.0 0.0 0.0 0.0 0.0 0.0 0.0 0.0 0.0 0.0 0.0 0.0 0.0 
0.4125 0.0 0.0 0.0 0.0 0.0 0.0 0.0 0.0 0.0 0.0 0.0 0.0 0.0 0.0 0.0 
0.4375 0.0 0.0 0.0 0.0 0.0 0.0 0.0 0.0 0.0 0.0 0.0 0.0 0.0 0.0 0.0 
0.4625 0.0 0.0 0.0 0.0 0.0 0.0 0.0 0.0 0.0 0.0 0.0 0.0 0.0 0.0 0.0 
0.4875 0.0 0.0 0.0 0.0 0.0 0.0 0.0 0.0 0.0 0.0 0.0 0.0 0.0 0.0 0.0 
0.5125 0.0 0.0 0.0 0.0 0.0 0.0 0.0 0.0 0.0 0.0 0.0 0.0 0.0 0.0 0.0 
0.5375 0.0 0.0 0.0 0.0 0.0 0.0 0.0 0.0 0.0 0.0 0.0 0.0 0.0 0.0 0.0 
0.5625 0.0 0.0 0.0 0.0 0.0 0.0 0.0 0.0 0.0 0.0 0.0 0.0 0.0 0.0 0.0 
0.5875 0.0 0.0 0.0 0.0 0.0 0.0 0.0 0.0 0.0 0.0 0.0 0.0 0.0 0.0 0.0 
0.6125 0.0 0.0 0.0 0.0 0.0 0.0 0.0 0.0 0.0 0.0 0.0 0.0 0.0 0.0 0.0 
0.6375 0.0 0.0 0.0 0.0 0.0 0.0 0.0 0.0 0.0 0.0 0.0 0.0 0.0 0.0 0.0 
0.6625 0.0 0.0 0.0 0.0 0.0 0.0 0.0 0.0 0.0 0.0 0.0 0.0 0.0 0.0 0.0 
0.6875 0.0 0.0 0.0 0.0 0.0 0.0 0.0 0.0 0.0 0.0 0.0 0.0 0.0 0.0 0.0 
0.7125 0.0 0.0 0.0 0.0 0.0 0.0 0.0 0.0 0.0 0.0 0.0 0.0 0.0 0.0 0.0 
0.7375 0.0 0.0 0.0 0.0 0.0 0.0 0.0 0.0 0.0 0.0 0.0 0.0 0.0 0.0 0.0 
0.7625 0.0 0.0 0.0 0.0 0.0 0.0 0.0 0.0 0.0 0.0 0.0 0.0 0.0 0.0 0.0 
0.7875 0.0 0.0 0.0 0.0 0.0 0.0 0.0 0.0 0.0 0.0 0.0 0.0 0.0 0.0 0.0 
0.8125 0.0 0.0 0.0 0.0 0.0 0.0 0.0 0.0 0.0 0.0 0.0 0.0 0.0 0.0 0.0 
0.8375 0.0 0.0 0.0 0.0 0.0 0.0 0.0 0.0 0.0 0.0 0.0 0.0 0.0 0.0 0.0 
0.8625 0.0 0.0 0.0 0.0 0.0 0.0 0.0 0.0 0.0 0.0 0.0 0.0 0.0 0.0 0.0 
0.8875 0.0 0.0 0.0 0.0 0.0 0.0 0.0 0.0 0.0 0.0 0.0 0.0 0.0 0.0 0.0 
0.9125 0.0 0.0 0.0 0.0 0.0 0.0 0.0 0.0 0.0 0.0 0.0 0.0 0.0 0.0 0.0 
0.9375 0.0 0.0 0.0 0.0 0.0 0.0 0.0 0.0 0.0 0.0 0.0 0.0 0.0 0.0 0.0 
0.9625 0.0 0.0 0.0 0.0 0.0 0.0 0.0 0.0 0.0 0.0 0.0 0.0 0.0 0.0 0.0 
0.9875 0.0 0.0 0.0 0.0 0.0 0.0 0.0 0.0 0.0 0.0 0.0 0.0 0.0 0.0 0.0 
1.0125 0.0 0.0 0.0 0.0 0.0 0.0 0.0 0.0 0.0 0.0 0.0 0.0 0.0 0.0 0.0 
1.0375 0.0 0.0 0.0 0.0 0.0 0.0 0.0 0.0 0.0 0.0 0.0 0.0 0.0 0.0 0.0 
1.0625 0.0 0.0 0.0 0.0 0.0 0.0 0.0 0.0 0.0 0.0 0.0 0.0 0.0 0.0 0.0 
1.0875 0.0 0.0 0.0 0.0 0.0 0.0 0.0 0.0 0.0 0.0 0.0 0.0 0.0 0.0 0.0 
1.1125 0.0 0.0 0.0 0.0 0.0 0.0 0.0 0.0 0.0 0.0 0.0 0.0 0.0 0.0 0.0 
1.1375 0.0 0.0 0.0 0.0 0.0 0.0 0.0 0.0 0.0 0.0 0.0 0.0 0.0 0.0 0.0 
1.1625 0.0 0.0 0.0 0.0 0.0 0.0 0.0 0.0 0.0 0.0 0.0 0.0 0.0 0.0 0.0 
1.1875 0.0 0.0 0.0 0.0 0.0 0.0 0.0 0.0 0.0 0.0 0.0 0.0 0.0 0.0 0.0 
1.2125 0.0 0.0 0.0 0.0 0.0 0.0 0.0 0.0 0.0 0.0 0.0 0.0 0.0 0.0 0.0 
1.2375 0.0 0.0 0.0 0.0 0.0 0.0 0.0 0.0 0.0 0.0 0.0 0.0 0.0 0.0 0.0 
1.2625 0.0 0.0 0.0 0.0 0.0 0.0 0.0 0.0 0.0 0.0 0.0 0.0 0.0 0.0 0.0 
1.2875 0.0 0.0 0.0 0.0 0.0 0.0 0.0 0.0 0.0 0.0 0.0 0.0 0.0 0.0 0.0 
1.3125 0.0 0.0 0.0 0.0 0.0 0.0 0.0 0.0 0.0 0.0 0.0 0.0 0.0 0.0 0.0 
1.3375 0.0 0.0 0.0 0.0 0.0 0.0 0.0 0.0 0.0 0.0 0.0 0.0 0.0 0.0 0.0 
1.3625 0.0 0.0 0.0 0.0 0.0 0.0 0.0 0.0 0.0 0.0 0.0 0.0 0.0 0.0 0.0 
1.3875 0.0 0.0 0.0 0.0 0.0 0.0 0.0 0.0 0.0 0.0 0.0 0.0 0.0 0.0 0.0 
1.4125 0.0 0.0 0.0 0.0 0.0 0.0 0.0 0.0 0.0 0.0 0.0 0.0 0.0 0.0 0.0 
1.4375 0.0 0.0 0.0 0.0 0.0 0.0 0.0 0.0 0.0 0.0 0.0 0.0 0.0 0.0 0.0 
1.4625 0.0 0.0 0.0 0.0 0.0 0.0 0.0 0.0 0.0 0.0 0.0 0.0 0.0 0.0 0.0 
1.4875 0.0 0.0 0.0 0.0 0.0 0.0 0.0 0.0 0.0 0.0 0.0 0.0 0.0 0.0 0.0 
1.5125 0.0 0.0 0.0 0.0 0.0 0.0 0.0 0.0 0.0 0.0 0.0 0.0 0.0 0.0 0.0 
1.5375 0.0 0.0 0.0 0.0 0.0 0.0 0.0 0.0 0.0 0.0 0.0 0.0 0.0 0.0 0.0 
1.5625 0.0 0.0 0.0 0.0 0.0 0.0 0.0 0.0 0.0 0.0 0.0 0.0 0.0 0.0 0.0 
1.5875 0.0 0.0 0.0 0.0 0.0 0.0 0.0 0.0 0.0 0.0 0.0 0.0 0.0 0.0 0.0 
1.6125 0.0 0.0 0.0 0.0 0.0 0.0 0.0 0.0 0.0 0.0 0.0 0.0 0.0 0.0 0.0 
1.6375 0.0 0.0 0.0 0.0 0.0 0.0 7.4355299029e-04 0.0 0.0 0.0 0.0 0.0 0.0 0.0 0.0 
1.6625 0.0 0.0 0.0 0.0 0.0 0.0 0.0108203858 0.0 0.0 0.0 0.0 0.0 0.0 0.0 0.0 
1.6875 0.0 0.0 0.0 0.0 0.0 0.0 0.0273056223 0.0 0.0 0.0 0.0 0.0 0.0 0.0 0.0 
1.7125 0.0 0.0 0.0 0.0 0.0 0.0 0.0972187744 0.0 0.0 0.0 0.0 0.0 0.0 0.0 0.0 
1.7375 0.0 0.0 0.0 0.0 0.0 0.0 0.2370938599 0.0 0.0 0.0 0.0 0.0 0.0 0.0 0.0 
1.7625 0.0 0.0 0.0 0.0 0.0 0.0 0.5834200201 0.0 0.0 0.0 1.6504102406e-04 0.0 0.0 0.0 0.0 
1.7875 0.0 0.0 0.0 0.0 0.0 0.0 1.2592297024 0.0 0.0 0.0 2.6742808348e-04 0.0 0.0 0.0 0.0 
1.8125 0.0 0.0 0.0 0.0 0.0 0.0 2.3475050061 0.0 0.0 0.0 7.2828490365e-04 0.0 0.0 0.0 0.0 
1.8375 0.0 0.0 0.0 0.0 0.0 0.0 3.930383211 0.0 0.0 0.0 0.0023282662 0.0 0.0 0.0 0.0 
1.8625 0.0 0.0 0.004598052 0.0 0.0 0.0 5.5354798842 0.0 0.0 0.0 0.006897078 0.0 0.0 0.0 0.0 
1.8875 0.0 0.0 0.0100733799 0.0 0.0 0.0 7.276897714 0.0 0.0 0.0 0.0165970926 0.0 0.0 0.0 0.0 
1.9125 0.0 0.0 0.03052544 0.0 0.0 0.0 8.9891969837 0.0 0.0 0.0 0.0411626214 0.0 0.0 0.0 0.0 
1.9375 0.0 0.0 0.1513695046 0.0 0.0 0.0 10.2532922325 0.0 0.0 0.0 0.0829459361 0.0 0.0 0.0 0.0 
1.9625 0.0 0.0 0.484026773 0.0 0.0 0.0 10.4451424594 0.0 0.0 0.0 0.160361139 0.0010353514 0.0 0.0 0.0 
1.9875 0.0 0.0 1.148775684 0.0 0.0 0.0 10.5545027805 0.0 0.0 0.0 0.2850163522 0.0025236724 0.0 0.0 0.0 
2.0125 0.0 0.0 2.4470868188 0.0 0.0 0.0 10.2151475714 0.0 0.0 0.0 0.4644380484 0.0098454509 0.0 0.0 0.0 
2.0375 0.0 0.0 4.6518613154 0.0 0.0 0.0 9.4223484562 0.0 0.0 0.0 0.6961531522 0.0408226525 0.0 0.0 0.0 
2.0625 0.0 0.0 7.3720938975 0.0 0.0 0.0 8.7538049287 0.0 0.0 8.5369333436e-04 1.0029791899 0.097488431 5.1422469082e-04 0.0 0.0 
2.0875 0.0 0.0 10.2529135386 0.0 0.0 0.0 7.6252870291 0.0 0.0 9.8043326393e-04 1.3788813424 0.1971978105 2.5099091557e-04 0.0 0.0 
2.1125 0.0 0.0 12.4631094221 0.0 0.0 0.0 6.538932804 0.0 0.0 8.1376052445e-04 1.761169248 0.4726831721 6.1271380665e-04 0.0 0.0 
2.1375 0.0 0.0 13.7765464815 0.0 0.0 0.0 5.425524308 0.0 0.0 9.3510202825e-04 2.1749351055 0.9002538927 4.7877223846e-04 0.0 0.0 
2.1625 0.0 0.0 14.0222135576 0.0 0.0 0.0 4.5218643617 0.0 0.0 0.0015531309 2.621867611 1.5868733881 0.0025727156 0.0 0.0 
2.1875 0.0 0.0 13.1493825552 0.0 0.0 0.0 3.7524427039 0.0 0.0 7.1427480801e-04 3.0364179226 2.2628821147 0.0034285191 0.0 0.0 
2.2125 0.0 0.0 11.3566775934 0.0 0.0 0.0 3.149631956 0.0091234651 0.0 6.9822437185e-04 3.3479509518 3.1622581801 0.0052506473 0.0 0.0 
2.2375 0.0 0.0 9.3599961906 0.0 0.0 0.0 2.5216991822 0.0089207299 0.0 5.1203169027e-04 3.6217025516 4.2023009745 0.0043693371 0.0 0.0 
2.2625 0.0 0.0 7.1480039443 0.0 0.0 0.0 2.034330024 0.0081014866 0.0 7.928996155e-04 3.8391364751 5.1436650004 0.0070509642 0.0 0.0 
2.2875 0.0 0.0 5.4166885364 0.0 0.0 0.0 1.693286709 0.0115832394 0.0 0.0011839072 3.9718862631 5.8369619928 0.0105555535 0.0 0.0 
2.3125 0.0 0.0 3.9855932078 0.0 0.0 0.0 1.3269154562 0.0119306813 0.0278382563 6.7909011626e-04 4.0263492672 6.507068125 0.0150326584 0.0 0.0 
2.3375 0.0 0.0 2.7747106864 0.0 0.0 0.0408689633 1.089230852 0.0204344816 0.0272459755 3.9096584782e-04 3.9794380627 7.0644922262 0.021819022 0.0 0.0 
2.3625 0.0 0.0 1.969351703 0.0 0.0 0.0800171924 0.8583987198 0.0325784283 0.0333404968 3.0618823607e-04 3.9269866029 7.1465354927 0.0227314146 0.0 0.0 
2.3875 0.0 0.0 1.3424472178 0.001119289 0.0 0.0391751142 0.7408293922 0.0335786693 0.0261167428 3.3728574108e-04 3.7633293656 7.0739063397 0.0351136942 0.002238578 0.0 
2.4125 0.0 0.0 0.912253658 0.0016443175 0.0 0.1151022265 0.6070272181 0.0531662665 0.0127891363 1.4681406437e-04 3.6147678045 6.8907181112 0.0407790745 5.4810584032e-04 0.0 
2.4375 0.0 0.0 0.5815519072 0.0 0.0 0.2380347103 0.5194704861 0.0719473335 0.0313203566 1.4381796403e-04 3.4362138511 6.3161973445 0.044272922 0.0037584428 0.0 
2.4625 0.0 0.0 0.4326957786 0.0010521478 0.0 0.4787272444 0.4323669824 0.0846978971 0.0368251726 1.0568448783e-04 3.2392154607 5.8279123677 0.0591607672 0.0036825173 0.0 
2.4875 0.0 0.0 0.2745318507 5.1555277132e-04 0.0 0.2887095519 0.3554091917 0.1005327904 0.0601478233 1.0357086924e-04 3.0104599325 5.1784053674 0.0728255115 0.0041244222 0.0 
2.5125 0.0 0.0 0.1898198935 5.0534414247e-04 0.0 0.3183668098 0.3139450485 0.1612047814 0.0648524983 1.0152002862e-04 2.8032522463 4.657377953 0.0938207497 0.0055587856 0.0 
2.5375 0.0 0.0 0.132219417 0.0044589218 0.0 0.3005643577 0.2532915294 0.1738979498 0.0635809218 1.6588250705e-04 2.6263845576 4.1532998585 0.1099018056 0.0044589218 0.0 
2.5625 0.0 0.0 0.0992886343 0.0072872392 0.0 0.4194211017 0.2131517471 0.2011278024 0.0680142327 1.6266158969e-04 2.4453632489 3.5704435819 0.1350845944 0.0034007116 0.0 
2.5875 0.0 0.0 0.0690886755 0.007623578 0.0 0.3446492548 0.2075638225 0.2368073912 0.0833828842 2.8716044316e-04 2.2525630922 3.1343030592 0.1492315391 0.0071471044 0.0 
2.6125 0.0 0.0 0.0519980512 0.0107501589 0.0 0.6216396235 0.1866671614 0.2748301493 0.0490768124 4.3818582483e-04 2.1003122956 2.6279464534 0.178519409 0.0158915392 0.0 
2.6375 0.0 0.0 0.0472910257 0.0123816504 0.0 0.716912842 0.1685280188 0.3310945023 0.0749013417 6.1416916479e-04 1.9356401065 2.2785676014 0.2072255896 0.0233875618 0.0 
2.6625 0.0 0.0 0.0385319618 0.0265504905 0.0 0.6825126078 0.1456901913 0.3901572072 0.0945017457 0.0011451104 1.7876017717 2.0185685383 0.2316642794 0.0297005486 0.0 
2.6875 0.0 0.0 0.0336777238 0.0304755795 0.0 0.80384862 0.1418881149 0.4434417662 0.1288218942 0.0011239053 1.6618182097 1.6783652506 0.269017973 0.0397507559 0.0 
2.7125 0.0 0.0 0.0338727473 0.0247135564 0.0 0.7890995217 0.1173351967 0.491669702 0.1871582199 0.0023227027 1.538535024 1.4638446484 0.2982721865 0.0498606841 0.0 
2.7375 0.0 0.0 0.0220825792 0.0425688273 0.0 0.8740799202 0.129568868 0.5865984399 0.1589236218 0.0031071443 1.4205293679 1.2411473704 0.3396992417 0.0723670064 0.0 
2.7625 0.0 0.0 0.0206396596 0.068137003 0.0 0.8388236359 0.1065946979 0.5981843636 0.2048290274 0.0048146765 1.3130854427 1.1082713446 0.3732068482 0.0944721636 0.0 
2.7875 0.0 0.0 0.0182183341 0.0812896937 0.0 0.7663674828 0.0908350744 0.6609919539 0.2538592287 0.0087700934 1.232871694 0.9568474364 0.4112343553 0.1071545963 0.0 
2.8125 0.0 0.0 0.0123506876 0.0887233066 0.0 0.7151636231 0.0874630324 0.7650368758 0.2917114779 0.0140700617 1.1579255703 0.7886796206 0.4533876194 0.1427638661 0.0 
2.8375 0.0 0.0 0.0123816474 0.1137130497 0.0 0.7211071443 0.0797378092 0.8177830472 0.3143287552 0.0218889838 1.0749958526 0.7480991357 0.4933187933 0.1715601063 0.0 
2.8625 0.0 0.0 0.0119229935 0.1245831155 0.0 0.7903241389 0.0678880649 0.8557302745 0.3270306782 0.0314673173 1.0168401584 0.6596578635 0.545473823 0.2001116293 0.0 
2.8875 0.0 0.0 0.0191304976 0.1553396402 0.0 1.1159456913 0.0803480898 0.9370117707 0.3972766661 0.0447346189 0.9667596944 0.6105020035 0.6028402393 0.2613225967 0.0 
2.9125 0.0 0.0 0.0199787066 0.1831459784 0.0 0.903821016 0.074743867 0.9785335438 0.4694604306 0.0700094172 0.9239429873 0.5636345691 0.6526207355 0.2959669097 0.0 
2.9375 0.0 0.0 0.0175605534 0.1826297553 0.0 0.8194924916 0.0713975131 1.0210999677 0.66422023 0.0958073425 0.86152339 0.5284340211 0.6889652063 0.3238535741 0.0 
2.9625 0.0 0.0 0.0145393053 0.2169991316 0.0 0.6445758684 0.0831466522 1.0762720749 0.6615383912 0.1359895626 0.8208346549 0.4336802159 0.7392613633 0.3816567642 0.05936883 
2.9875 0.0 0.0 0.0156373319 0.2255350047 0.0 0.6254932776 0.0746124124 1.0737038891 0.8798605439 0.1845843427 0.7790263469 0.3869122703 0.7892550768 0.4553591061 0.0833991037 
3.0125 0.0 0.0 0.020871323 0.2713711386 0.0 0.6889733571 0.0839246883 1.1740668432 0.7463878035 0.2378153867 0.7440610956 0.3631610202 0.8296002513 0.5272755284 0.180445403 
3.0375 0.0 0.0 0.0216096609 0.3232805276 0.0 0.6615437534 0.0965951844 1.2008056388 0.8067606749 0.3117116412 0.7101552002 0.3513730868 0.8899130037 0.5753356127 0.096811281 
3.0625 0.0 0.0 0.0289112773 0.3496563891 0.0 0.6507871833 0.0963000634 1.2057703301 0.7936429065 0.384015863 0.6818809787 0.3333300207 0.9349761311 0.6231230592 0.0714278616 
3.0875 0.0 0.0 0.0215428867 0.3978950253 0.0 0.6168655704 0.084707467 1.2251418735 0.9409152056 0.4758632439 0.6588358545 0.2675082724 0.9761742281 0.6923841945 0.0624673995 
3.1125 0.0 0.0 0.0242853256 0.4340075807 0.0 0.722248326 0.0889089885 1.2555924926 1.1102647139 0.5714475288 0.6326650719 0.2733128164 1.0344490245 0.7465062105 0.092201914 
3.1375 0.0 0.0 0.0265328869 0.4987372579 0.0340269084 0.9300688305 0.0818266131 1.2777914281 1.1417918163 0.6815147062 0.6204702589 0.2703923974 1.0551397092 0.814053276 0.0907384225 
3.1625 0.0 0.0 0.027909219 0.5205468042 0.018606146 1.0270592583 0.0915023679 1.3039187105 1.0828776962 0.7924651855 0.6044624212 0.2517810255 1.0892113802 0.9358359825 0.2902558773 
3.1875 0.0 0.0 0.0333602492 0.5573123978 0.0183154309 1.0036856141 0.1081264546 1.3146293012 1.0146748726 0.937184714 0.5875160385 0.2535378936 1.1320999594 0.9840096083 0.2930468946 
3.2125 0.0 0.0 0.0426959604 0.598748056 0.0180314765 0.7645346026 0.1101208028 1.2682825369 1.0350067498 1.0454438467 0.572263865 0.2254578541 1.1816343006 0.9971921677 0.2740784424 
3.2375 0.0 0.0 0.0538328907 0.6364074877 0.0390589643 0.8237890642 0.1150844482 1.3848178235 0.9303135122 1.1723735625 0.5589924756 0.2200871184 1.210517739 1.0771143467 0.312471714 
3.2625 0.0 0.0104898152 0.0455183054 0.6308874591 0.0244762355 0.9720562117 0.1026503348 1.3741657957 0.9930358422 1.298235054 0.5511648633 0.2320871621 1.2508655103 1.1715625072 0.356653718 
3.2875 0.0 0.0482107813 0.0538681689 0.6747541593 0.0275490179 1.0262009159 0.1079208178 1.4147404573 1.0916298333 1.4336667907 0.5455021791 0.2265414774 1.2914698468 1.1768350101 0.2961519422 
3.3125 0.0 0.0508776652 0.0606897864 0.7614206015 0.0203510661 1.0650391257 0.1282843988 1.3789300928 1.2583742537 1.5536637233 0.540009309 0.2076898978 1.2933808562 1.2725230901 0.4138050106 
3.3375 0.0 0.0601419736 0.0558461183 0.8248042089 0.0200473245 1.3097585355 0.1240428205 1.393002664 1.2696638864 1.655726176 0.5323178354 0.2174776723 1.3098676366 1.3125269755 0.6481968262 
3.3625 0.0 0.0460841094 0.0610144203 0.8089171936 0.0164586105 1.4022736142 0.1343727985 1.3706730821 1.2245206209 1.7644365211 0.5216052762 0.2114343641 1.3486978141 1.3165007413 0.6451775314 
3.3875 0.0 0.0940561437 0.0649821387 0.8248214139 0.0194598918 1.4465186238 0.1509879105 1.4147341339 1.1221870938 1.8289816163 0.5219917405 0.2178812886 1.3632249917 1.3402305481 0.6227165376 
3.4125 0.0 0.0511354957 0.0657456373 0.8604460278 0.0127838739 1.4317938784 0.1676171325 1.4036693558 1.0322978186 1.9043487993 0.5115245386 0.2186384865 1.3736142073 1.3749056395 1.0546695979 
3.4375 0.0 0.0661426691 0.0862216937 0.9197880562 0.0535440655 1.3984450047 0.1577637644 1.4257119826 1.1244253754 1.9545592611 0.5068736426 0.2269435969 1.4062355698 1.4259819526 0.9700924807 
3.4625 0.0 0.1086516543 0.1031082026 0.9422094073 0.1148603203 1.5770011542 0.172456784 1.4597460628 1.1144555401 2.0373729434 0.5072638475 0.2329912771 1.4073956051 1.4459096072 1.1796465327 
3.4875 0.0 0.1499393202 0.1134380571 0.9791081323 0.1376993757 1.6401525637 0.1999919504 1.4787601526 1.1505547835 2.073534808 0.5042185813 0.2478588762 1.4215521508 1.4952840777 1.187274617 
3.5125 0.0 0.165912054 0.1236260273 1.0363254742 0.0874809012 1.6772200372 0.2074978027 1.5157035753 1.2458486967 2.1160481857 0.5043110814 0.2798957899 1.4395083875 1.4885543301 1.2609316107 
3.5375 0.0 0.1516789177 0.1443498944 1.0574187409 0.0832746999 1.3561879704 0.2315015415 1.4698834281 1.1688198956 2.1487410429 0.5135824483 0.2606583082 1.4720684785 1.522142551 1.1004156778 
3.5625 0.0 0.2111400976 0.1530137314 1.1079827977 0.1085025501 1.4545206721 0.2342335457 1.4209225851 1.1935280515 2.1533630501 0.5113414582 0.2752361986 1.4856075803 1.6205002488 0.9970504607 
3.5875 0.0 0.1243462316 0.1772243634 1.0809446834 0.118562686 1.7524143342 0.2570063102 1.4686074866 1.2116528153 2.1514900501 0.5055541848 0.2742020307 1.4921264521 1.620301627 0.9369343965 
3.6125 0.0 0.154001895 0.1819605723 1.110035881 0.1397424602 1.4373510197 0.2746978245 1.4725514528 1.3318312027 2.1458121181 0.5124229719 0.2740867059 1.500208936 1.60235305 1.0209755259 
3.6375 0.0 0.1631435956 0.1841392924 1.1027864135 0.1350153895 1.3782821011 0.2784692408 1.5114490656 1.4289128721 2.1496281929 0.5119649243 0.2644553667 1.5033825849 1.6153626957 1.057620551 
3.6625 0.0 0.169247644 0.1834176751 1.1234555552 0.2025422625 1.6758291305 0.3020297534 1.5013494751 1.5093560381 2.1077531948 0.5189628786 0.2800315233 1.5149730894 1.6478457964 0.9877403484 
3.6875 0.0 0.1341158506 0.1969215605 1.1537873234 0.1833828977 1.4177961348 0.3035202012 1.5376010812 1.311050866 2.0802759299 0.5254104353 0.2854849429 1.5127999827 1.6889212975 1.0400821066 
3.7125 0.0 0.1620191817 0.2240783147 1.2082001834 0.1755207802 1.4581726352 0.3159374043 1.4933539432 1.2772512156 2.0639621488 0.5328405838 0.3091383851 1.5259032661 1.6519012852 1.2853521747 
3.7375 0.0 0.1571946422 0.2385038563 1.2188103709 0.2078166456 1.4280733594 0.3486923525 1.5045011661 1.4786953628 2.0605442487 0.5415303768 0.3031610956 1.5376996305 1.7146015111 1.1669703945 
3.7625 0.0 0.186660955 0.2529500064 1.2684682282 0.2313544231 1.4775134748 0.3732280162 1.5140945151 1.4669973646 2.018720925 0.5484218505 0.3160466673 1.5257545204 1.7024831167 1.0516110141 
3.7875 0.0 0.186799361 0.2631035643 1.238880048 0.2853879127 1.2920289139 0.3780463259 1.4930606072 1.4710449682 1.9738128275 0.5552039172 0.3291226837 1.5247783762 1.7312297925 1.0118298723 
3.8125 0.0 0.2253259242 0.2757133366 1.2336594349 0.2355680116 1.1675979707 0.4067114642 1.517877362 1.4646185071 1.9248053601 0.5569291824 0.3661089032 1.5213638521 1.6829212856 1.0242087463 
3.8375 0.0 0.194599698 0.2960966184 1.2174214874 0.2577814181 1.2282526394 0.4350061431 1.5040137699 1.2661616715 1.9079025935 0.5725114863 0.3670406642 1.532465659 1.7052565745 1.1777072633 
3.8625 0.0 0.1646475165 0.3206082728 1.2615848666 0.227014 1.0926607912 0.4881959235 1.4777649174 1.1999311429 1.8708704089 0.5820663907 0.3997246119 1.5049943787 1.6665749915 0.9828957802 
3.8875 0.0 0.1477606182 0.3510633973 1.2762295678 0.2930585594 0.8717876472 0.4998794484 1.4795059611 1.2732039932 1.8236751193 0.5856296092 0.4005368185 1.501694178 1.7193003357 0.9259665405 
3.9125 0.0 0.1896418458 0.3850146265 1.2787278745 0.316069743 0.8995831147 0.5325862002 1.4896262788 1.2448285262 1.7867678106 0.593910925 0.3951740111 1.5050000699 1.6846864631 1.1718893548 
3.9375 0.0 0.1920424086 0.4074042525 1.2849694731 0.3192705043 0.7585675139 0.5552940537 1.4816757687 1.1258486203 1.7615604326 0.5912873082 0.4143486431 1.5040800632 1.680851181 1.2050661138 
3.9625 0.0 0.1730344667 0.4311047073 1.2972505714 0.3176249115 0.7585072514 0.6001180698 1.473806679 1.2657589757 1.7235390238 0.600981549 0.424628613 1.4968985808 1.6568642772 1.1756862396 
3.9875 0.0 0.182575096 0.4400109972 1.2982895015 0.3440838348 0.6741234315 0.6334954568 1.4796608057 1.1680124733 1.686477439 0.6171152892 0.4544314203 1.5023666127 1.6357524812 1.1282204652 
4.0125 0.0 0.1733722228 0.4869282716 1.287313522 0.2982002233 0.6611260764 0.6860586532 1.4686113322 1.1211403744 1.6465805726 0.6284070818 0.4595602278 1.4899198399 1.6758654409 1.0078705221 
4.0375 0.0 0.1735149437 0.4968169888 1.2528300788 0.3196327911 0.643831765 0.7208860985 1.4191695925 1.3150606263 1.5878041373 0.6354099534 0.4661175639 1.492392526 1.6755281372 0.8310452569 
4.0625 0.0225507833 0.1691308746 0.5224935947 1.2650989419 0.3653226891 0.5592594253 0.7349944578 1.3963445005 1.2267626103 1.5495408306 0.6481578345 0.4645058663 1.4762350224 1.6783581531 0.8163383546 
4.0875 0.0178206217 0.1759786395 0.5563375344 1.2695283626 0.3697779008 0.4945222528 0.7541941694 1.4203671964 1.2474435206 1.5332397526 0.6568751631 0.5019209931 1.463927706 1.6708742218 0.9400377959 
4.1125 0.0088023084 0.1782467456 0.5386305427 1.2879034697 0.3102813719 0.580952356 0.7827767134 1.3829684007 1.3225468407 1.5232568753 0.6681322599 0.5125772816 1.4459893362 1.647792137 0.8802308424 
4.1375 0.0130443867 0.1826214139 0.5772141119 1.2817041683 0.3978537946 0.5087310816 0.7906994765 1.3541936888 1.4218381513 1.4755297787 0.6808071738 0.5262012424 1.4374488214 1.6344616546 1.0261584211 
4.1625 0.0085921123 0.2083587223 0.5913597977 1.2488635167 0.3952371639 0.4639740619 0.8432544459 1.3293225108 1.2243759968 1.4350745353 0.7016325446 0.5476320835 1.4433696498 1.5869017619 1.0783100884 
4.1875 0.0084898264 0.1910210945 0.6157019207 1.2318131723 0.3311032305 0.4244913211 0.8912043683 1.3495185515 1.2161676351 1.3979138108 0.710832375 0.5644218531 1.4345138423 1.6218600548 1.3413925748 
4.2125 0.0419467814 0.2013445508 0.6633583861 1.2283815319 0.4005917625 0.3984944235 0.9125672108 1.2713470208 1.2772794942 1.3767359015 0.7247440765 0.5710005621 1.4360591906 1.5879253726 1.4345799245 
4.2375 0.0455986252 0.2051938132 0.674319279 1.195986797 0.4622042459 0.3855156491 0.9343646852 1.2265437977 1.1752009302 1.351973592 0.7334346395 0.600258525 1.4138044077 1.5772386785 1.3596680956 
4.2625 0.1351959421 0.1659222925 0.7241542383 1.1556619359 0.3851035925 0.4178783664 0.9374829002 1.2106182084 1.1081970402 1.3118231253 0.7407903624 0.5934575119 1.4030178361 1.5823192595 0.9094999739 
4.2875 0.2024604758 0.1963866615 0.7367753637 1.132853131 0.4251669992 0.4373146278 0.9937193997 1.1547188623 1.1337786646 1.2868312953 0.7556413745 0.6060798958 1.3908687613 1.574679735 0.9718102839 
4.3125 0.1681007315 0.184110325 0.7379064638 1.1146107689 0.5403237799 0.3281966663 0.9697954193 1.1345084065 1.0866511574 1.2655683195 0.7726538161 0.6479597075 1.3625568975 1.5379501622 0.7764652838 
4.3375 0.1463865891 0.1938633207 0.7916321096 1.095356022 0.486636499 0.3798138528 0.9838704826 1.0936604245 1.0682264611 1.2319916636 0.7846196025 0.657361978 1.3432330067 1.5009429577 0.9139270834 
4.3625 0.1290689024 0.2170704268 0.7752515241 1.0861902436 0.4458743901 0.3011607723 1.0244844128 1.1011085972 1.0794853655 1.1977523801 0.8022775705 0.691650076 1.324088895 1.4742350605 0.8330810973 
4.3875 0.0850681508 0.2455376171 0.8192642932 1.0796474074 0.4408076905 0.3596062738 1.050025462 1.066224316 1.0826855556 1.1560326686 0.8076581723 0.673640324 1.3007472648 1.4644426921 0.7733468254 
4.4125 0.1070451951 0.3230471068 0.870015285 1.038775312 0.4148001312 0.3670120976 1.0795316778 1.0489336826 1.0341330459 1.1273245877 0.8166575074 0.7180493383 1.2831566838 1.4493700963 0.7110859392 
4.4375 0.1058424529 0.2929567892 0.8626699921 1.0254837653 0.4989715635 0.4309299867 1.1283561493 1.0057193072 1.0792150105 1.0901731662 0.8341428667 0.7293206518 1.2627405779 1.4084606406 0.8089387469 
4.4625 0.130824835 0.3214553089 0.8997878511 1.0005696972 0.470969406 0.392474505 1.1335704963 0.9877542032 0.9568902217 1.0667611518 0.8486631838 0.7606195955 1.2444027792 1.3930442022 0.680289142 
4.4875 0.0961043503 0.4102916493 0.9472153013 0.9832742344 0.4638883062 0.4657364667 1.1364207409 0.9699674782 1.0423625684 1.0452232098 0.8620707318 0.7738512381 1.2190889637 1.3539624426 0.5507518535 
4.5125 0.1900848692 0.3765142602 0.9937352359 0.9954389499 0.4989727818 0.4423128688 1.1701773381 0.9764826841 0.818827129 1.0110451377 0.8770098471 0.7878208403 1.1985820826 1.3153455183 0.6397086946 
4.5375 0.2386103656 0.4464906084 1.0260052046 0.9414263517 0.5061431999 0.4157604856 1.1751366831 0.9225234526 0.7031775169 0.9846931565 0.8850607398 0.8083119814 1.1712006081 1.3027506197 0.5712187541 
4.5625 0.2467300204 0.4290956876 1.0162288495 0.923781716 0.6007339627 0.3897619162 1.1901658514 0.8909865456 0.7366142637 0.968769717 0.8975132881 0.8375986134 1.1561151383 1.2307383811 0.5327938121 
4.5875 0.3536930419 0.4403478371 1.0259308795 0.9184397745 0.5146233759 0.4067469981 1.2179672534 0.8987340193 0.6755537099 0.9465461906 0.9160902422 0.8596635701 1.130166204 1.2132681887 0.6331105449 
4.6125 0.3743602267 0.454830182 1.0532629976 0.9157081059 0.4740729973 0.4758223442 1.2343203969 0.8767226617 0.7487204534 0.9239530186 0.9276661412 0.8760479136 1.1103911322 1.1989523522 0.4758223442 
4.6375 0.3599516658 0.4447479716 1.0833778759 0.8935503439 0.4482090454 0.4084066977 1.2242930198 0.8518691277 0.8029691006 0.905575147 0.9387014631 0.9445022933 1.0866782569 1.1716723384 0.5191610564 
4.6625 0.4006146963 0.4245830969 1.0575751059 0.8832600208 0.4006146963 0.3834944101 1.2480688614 0.8377689747 0.7823970777 0.8810025014 0.9544157734 0.9595308957 1.0780749016 1.1651577613 0.3492538378 
4.6875 0.4776560327 0.4861251113 1.1235442623 0.871250411 0.3540074852 0.4912065584 1.2647359012 0.8407617281 0.7520541791 0.8609747397 0.9717412137 0.9824433636 1.0455253819 1.1738142931 0.3116620923 
4.7125 0.3619926528 0.4742774108 1.1371525149 0.8841526897 0.3938345991 0.5262300601 1.2848404896 0.8488153116 0.7424201166 0.8379064096 0.9842521744 0.9693538373 1.029118024 1.0930167044 0.4323801131 
4.7375 0.4311452879 0.6168694119 1.1227840578 0.8668863003 0.3797395036 0.4974753322 1.2868620825 0.8259511873 0.7760615182 0.8293719647 0.9977781517 0.9698103931 1.0062484307 1.0562111982 0.3349667237 
4.7625 0.4200671695 0.6481505154 1.1011819404 0.8673730695 0.495547989 0.5546199347 1.3490731411 0.8243349377 0.7269131097 0.8098658271 1.0118632497 0.9819831928 0.9885027062 1.0270079704 0.3970947462 
4.7875 0.4286818693 0.6170420846 1.1399910505 0.8126861801 0.5131192072 0.4286818693 1.3444152373 0.7873549787 0.759936041 0.7956698859 1.0301413215 0.998807878 0.9653215807 1.0071240279 0.2922830927 
4.8125 0.4563789745 0.6202897329 1.1555536295 0.8187273514 0.5495831312 0.3985281185 1.3749908791 0.785256499 0.7167078261 0.7782840197 1.0401347768 1.0091186504 0.953004304 0.9750624025 0.4113838643 
4.8375 0.58526782 0.6297990672 1.1641740332 0.8368693665 0.4723493004 0.4294084549 1.3384082178 0.7982907657 0.6870535278 0.7708630309 1.0528248181 1.0402079019 0.9268445567 0.9320208273 0.3212611403 
4.8625 0.5100051653 0.6406546366 1.1881568748 0.8262623366 0.4643565548 0.4722270049 1.3524244115 0.8165479525 0.7177850474 0.7565329597 1.0668619956 1.0703531024 0.9118337248 0.9101838214 0.3305589034 
4.8875 0.5640061408 0.6512557096 1.2105877664 0.7783017653 0.5250554405 0.4487120679 1.3816926286 0.8147596208 0.6730681018 0.7343260272 1.0676156437 1.1137674541 0.9058489337 0.8590966466 0.2087757538 
4.9125 0.5120139214 0.6770304563 1.2135820501 0.8067523999 0.4102280214 0.4472410759 1.38410648 0.7919471781 0.6569817184 0.7194264947 1.0795017878 1.1436042438 0.8939559118 0.8630651186 0.2405848546 
4.9375 0.5312682335 0.746523466 1.2446692188 0.8075015441 0.4793627164 0.3969245423 1.3778134128 0.8092026492 0.6991978475 0.7078309174 1.0950958071 1.1399040392 0.8733735708 0.8327564133 0.262580851 
4.9625 0.6317191953 0.7843594793 1.2454378479 0.8131171679 0.5062821302 0.4503644024 1.3982130685 0.793427219 0.7057724024 0.6974207906 1.1151376677 1.1643949248 0.8589999305 0.8189464291 0.25691929 
4.9875 0.6523332453 0.7810044817 1.2663269506 0.8275569656 0.5476008435 0.4697996308 1.4178148889 0.7774136565 0.6732797256 0.6923531219 1.1232985202 1.1677395622 0.8424075927 0.8311477908 0.1885183232 
