# Radial distribution function (200 data points):
"Pair separation distance" Cs-Cs Cs-Gd Cs-I Cs-Sr Gd-Gd Gd-I Gd-Sr I-I I-Sr Sr-Sr
0.0125 0.0 0.0 0.0 0.0 0.0 0.0 0.0 0.0 0.0 0.0 
0.0375 0.0 0.0 0.0 0.0 0.0 0.0 0.0 0.0 0.0 0.0 
0.0625 0.0 0.0 0.0 0.0 0.0 0.0 0.0 0.0 0.0 0.0 
0.0875 0.0 0.0 0.0 0.0 0.0 0.0 0.0 0.0 0.0 0.0 
0.1125 0.0 0.0 0.0 0.0 0.0 0.0 0.0 0.0 0.0 0.0 
0.1375 0.0 0.0 0.0 0.0 0.0 0.0 0.0 0.0 0.0 0.0 
0.1625 0.0 0.0 0.0 0.0 0.0 0.0 0.0 0.0 0.0 0.0 
0.1875 0.0 0.0 0.0 0.0 0.0 0.0 0.0 0.0 0.0 0.0 
0.2125 0.0 0.0 0.0 0.0 0.0 0.0 0.0 0.0 0.0 0.0 
0.2375 0.0 0.0 0.0 0.0 0.0 0.0 0.0 0.0 0.0 0.0 
0.2625 0.0 0.0 0.0 0.0 0.0 0.0 0.0 0.0 0.0 0.0 
0.2875 0.0 0.0 0.0 0.0 0.0 0.0 0.0 0.0 0.0 0.0 
0.3125 0.0 0.0 0.0 0.0 0.0 0.0 0.0 0.0 0.0 0.0 
0.3375 0.0 0.0 0.0 0.0 0.0 0.0 0.0 0.0 0.0 0.0 
0.3625 0.0 0.0 0.0 0.0 0.0 0.0 0.0 0.0 0.0 0.0 
0.3875 0.0 0.0 0.0 0.0 0.0 0.0 0.0 0.0 0.0 0.0 
0.4125 0.0 0.0 0.0 0.0 0.0 0.0 0.0 0.0 0.0 0.0 
0.4375 0.0 0.0 0.0 0.0 0.0 0.0 0.0 0.0 0.0 0.0 
0.4625 0.0 0.0 0.0 0.0 0.0 0.0 0.0 0.0 0.0 0.0 
0.4875 0.0 0.0 0.0 0.0 0.0 0.0 0.0 0.0 0.0 0.0 
0.5125 0.0 0.0 0.0 0.0 0.0 0.0 0.0 0.0 0.0 0.0 
0.5375 0.0 0.0 0.0 0.0 0.0 0.0 0.0 0.0 0.0 0.0 
0.5625 0.0 0.0 0.0 0.0 0.0 0.0 0.0 0.0 0.0 0.0 
0.5875 0.0 0.0 0.0 0.0 0.0 0.0 0.0 0.0 0.0 0.0 
0.6125 0.0 0.0 0.0 0.0 0.0 0.0 0.0 0.0 0.0 0.0 
0.6375 0.0 0.0 0.0 0.0 0.0 0.0 0.0 0.0 0.0 0.0 
0.6625 0.0 0.0 0.0 0.0 0.0 0.0 0.0 0.0 0.0 0.0 
0.6875 0.0 0.0 0.0 0.0 0.0 0.0 0.0 0.0 0.0 0.0 
0.7125 0.0 0.0 0.0 0.0 0.0 0.0 0.0 0.0 0.0 0.0 
0.7375 0.0 0.0 0.0 0.0 0.0 0.0 0.0 0.0 0.0 0.0 
0.7625 0.0 0.0 0.0 0.0 0.0 0.0 0.0 0.0 0.0 0.0 
0.7875 0.0 0.0 0.0 0.0 0.0 0.0 0.0 0.0 0.0 0.0 
0.8125 0.0 0.0 0.0 0.0 0.0 0.0 0.0 0.0 0.0 0.0 
0.8375 0.0 0.0 0.0 0.0 0.0 0.0 0.0 0.0 0.0 0.0 
0.8625 0.0 0.0 0.0 0.0 0.0 0.0 0.0 0.0 0.0 0.0 
0.8875 0.0 0.0 0.0 0.0 0.0 0.0 0.0 0.0 0.0 0.0 
0.9125 0.0 0.0 0.0 0.0 0.0 0.0 0.0 0.0 0.0 0.0 
0.9375 0.0 0.0 0.0 0.0 0.0 0.0 0.0 0.0 0.0 0.0 
0.9625 0.0 0.0 0.0 0.0 0.0 0.0 0.0 0.0 0.0 0.0 
0.9875 0.0 0.0 0.0 0.0 0.0 0.0 0.0 0.0 0.0 0.0 
1.0125 0.0 0.0 0.0 0.0 0.0 0.0 0.0 0.0 0.0 0.0 
1.0375 0.0 0.0 0.0 0.0 0.0 0.0 0.0 0.0 0.0 0.0 
1.0625 0.0 0.0 0.0 0.0 0.0 0.0 0.0 0.0 0.0 0.0 
1.0875 0.0 0.0 0.0 0.0 0.0 0.0 0.0 0.0 0.0 0.0 
1.1125 0.0 0.0 0.0 0.0 0.0 0.0 0.0 0.0 0.0 0.0 
1.1375 0.0 0.0 0.0 0.0 0.0 0.0 0.0 0.0 0.0 0.0 
1.1625 0.0 0.0 0.0 0.0 0.0 0.0 0.0 0.0 0.0 0.0 
1.1875 0.0 0.0 0.0 0.0 0.0 0.0 0.0 0.0 0.0 0.0 
1.2125 0.0 0.0 0.0 0.0 0.0 0.0 0.0 0.0 0.0 0.0 
1.2375 0.0 0.0 0.0 0.0 0.0 0.0 0.0 0.0 0.0 0.0 
1.2625 0.0 0.0 0.0 0.0 0.0 0.0 0.0 0.0 0.0 0.0 
1.2875 0.0 0.0 0.0 0.0 0.0 0.0 0.0 0.0 0.0 0.0 
1.3125 0.0 0.0 0.0 0.0 0.0 0.0 0.0 0.0 0.0 0.0 
1.3375 0.0 0.0 0.0 0.0 0.0 0.0 0.0 0.0 0.0 0.0 
1.3625 0.0 0.0 0.0 0.0 0.0 0.0 0.0 0.0 0.0 0.0 
1.3875 0.0 0.0 0.0 0.0 0.0 0.0 0.0 0.0 0.0 0.0 
1.4125 0.0 0.0 0.0 0.0 0.0 0.0 0.0 0.0 0.0 0.0 
1.4375 0.0 0.0 0.0 0.0 0.0 0.0 0.0 0.0 0.0 0.0 
1.4625 0.0 0.0 0.0 0.0 0.0 0.0 0.0 0.0 0.0 0.0 
1.4875 0.0 0.0 0.0 0.0 0.0 0.0 0.0 0.0 0.0 0.0 
1.5125 0.0 0.0 0.0 0.0 0.0 0.0 0.0 0.0 0.0 0.0 
1.5375 0.0 0.0 0.0 0.0 0.0 0.0 0.0 0.0 0.0 0.0 
1.5625 0.0 0.0 0.0 0.0 0.0 0.0 0.0 0.0 0.0 0.0 
1.5875 0.0 0.0 0.0 0.0 0.0 0.0 0.0 0.0 0.0 0.0 
1.6125 0.0 0.0 0.0 0.0 0.0 0.0 0.0 0.0 0.0 0.0 
1.6375 0.0 0.0 0.0 0.0 0.0 0.0 0.0 0.0 0.0 0.0 
1.6625 0.0 0.0 0.0 0.0 0.0 0.0 0.0 0.0 0.0 0.0 
1.6875 0.0 0.0 0.0 0.0 0.0 0.0 0.0 0.0 0.0 0.0 
1.7125 0.0 0.0 0.0 0.0 0.0 0.0 0.0 0.0 0.0 0.0 
1.7375 0.0 0.0 0.0 0.0 0.0 0.0 0.0 0.0 0.0 0.0 
1.7625 0.0 0.0 0.0 0.0 0.0 0.0 0.0 0.0 0.0 0.0 
1.7875 0.0 0.0 0.0 0.0 0.0 0.0 0.0 0.0 0.0 0.0 
1.8125 0.0 0.0 0.0 0.0 0.0 0.0 0.0 0.0 0.0 0.0 
1.8375 0.0 0.0 0.0 0.0 0.0 0.0 0.0 0.0 0.0 0.0 
1.8625 0.0 0.0 0.0 0.0 0.0 0.0 0.0 0.0 0.0 0.0 
1.8875 0.0 0.0 0.0 0.0 0.0 0.0 0.0 0.0 0.0 0.0 
1.9125 0.0 0.0 0.0 0.0 0.0 0.0 0.0 0.0 0.0 0.0 
1.9375 0.0 0.0 0.0 0.0 0.0 0.0 0.0 0.0 0.0 0.0 
1.9625 0.0 0.0 0.0 0.0 0.0 0.0 0.0 0.0 0.0 0.0 
1.9875 0.0 0.0 0.0 0.0 0.0 0.0 0.0 0.0 0.0 0.0 
2.0125 0.0 0.0 0.0 0.0 0.0 0.0 0.0 0.0 0.0 0.0 
2.0375 0.0 0.0 0.0 0.0 0.0 0.0 0.0 0.0 0.0 0.0 
2.0625 0.0 0.0 0.0 0.0 0.0 0.0 0.0 0.0 0.0 0.0 
2.0875 0.0 0.0 0.0 0.0 0.0 0.0 0.0 0.0 0.0 0.0 
2.1125 0.0 0.0 0.0 0.0 0.0 0.0 0.0 0.0 0.0 0.0 
2.1375 0.0 0.0 0.0 0.0 0.0 0.0 0.0 0.0 0.0 0.0 
2.1625 0.0 0.0 0.0 0.0 0.0 0.0 0.0 0.0 0.0 0.0 
2.1875 0.0 0.0 0.0 0.0 0.0 0.0 0.0 0.0 0.0 0.0 
2.2125 0.0 0.0 0.0 0.0 0.0 0.0 0.0 0.0 0.0 0.0 
2.2375 0.0 0.0 0.0 0.0 0.0 0.0 0.0 0.0 0.0 0.0 
2.2625 0.0 0.0 0.0 0.0 0.0 0.0 0.0 0.0 0.0 0.0 
2.2875 0.0 0.0 0.0 0.0 0.0 0.0 0.0 0.0 0.0 0.0 
2.3125 0.0 0.0 0.0 0.0 0.0 0.0 0.0 0.0 0.0 0.0 
2.3375 0.0 0.0 0.0 0.0 0.0 0.0 0.0 0.0 0.0 0.0 
2.3625 0.0 0.0 0.0 0.0 0.0 0.0 0.0 0.0 0.0 0.0 
2.3875 0.0 0.0 0.0 0.0 0.0 0.0 0.0 0.0 0.0 0.0 
2.4125 0.0 0.0 0.0 0.0 0.0 0.0 0.0 0.0 0.0 0.0 
2.4375 0.0 0.0 0.0 0.0 0.0 0.0 0.0 0.0 0.0 0.0 
2.4625 0.0 0.0 0.0 0.0 0.0 0.0 0.0 0.0 0.0 0.0 
2.4875 0.0 0.0 0.0 0.0 0.0 0.0 0.0 0.0 0.0 0.0 
2.5125 0.0 0.0 0.0 0.0 0.0 0.0 0.0 0.0 0.0 0.0 
2.5375 0.0 0.0 0.0 0.0 0.0 0.0041416474 0.0 0.0 0.0 0.0 
2.5625 0.0 0.0 0.0 0.0 0.0 0.0155447066 0.0 0.0 0.0 0.0 
2.5875 0.0 0.0 0.0 0.0 0.0 0.0429903504 0.0 0.0 0.0 0.0 
2.6125 0.0 0.0 0.0 0.0 0.0 0.1209904709 0.0 0.0 0.0 0.0 
2.6375 0.0 0.0 0.0 0.0 0.0 0.3181842252 0.0 0.0 0.0 0.0 
2.6625 0.0 0.0 0.0 0.0 0.0 0.6732489375 0.0 0.0 0.0 0.0 
2.6875 0.0 0.0 0.0 0.0 0.0 1.2646521901 0.0 0.0 0.0 0.0 
2.7125 0.0 0.0 0.0 0.0 0.0 2.264302567 0.0 0.0 0.0037494661 0.0 
2.7375 0.0 0.0 0.0 0.0 0.0 3.4692532248 0.0 0.0 0.0202471273 0.0 
2.7625 0.0 0.0 0.0 0.0 0.0 5.1827796534 0.0 0.0 0.0536220257 0.0 
2.7875 0.0 0.0 0.0 0.0 0.0 7.1495925619 0.0 0.0 0.0976364607 0.0 
2.8125 0.0 0.0 0.0 0.0 0.0 9.0120208358 0.0 0.0 0.2115798032 0.0 
2.8375 0.0 0.0 0.0 0.0 0.0 10.9898198257 0.0 0.0 0.3306471326 0.0 
2.8625 0.0 0.0 0.0 0.0 0.0 12.8470628787 0.0 0.0 0.6430601734 0.0 
2.8875 0.0 0.0 0.0 0.0 0.0 14.2571170042 0.0 0.0 0.9689152907 0.0 
2.9125 0.0 0.0 0.0 0.0 0.0 15.4734333048 0.0 0.0 1.2754050711 0.0 
2.9375 0.0 0.0 0.0 0.0 0.0 16.0167358716 0.0 0.0 1.9784602277 0.0 
2.9625 0.0 0.0 0.0 0.0 0.0 16.6211950887 0.0 0.0 2.9337930713 0.0 
2.9875 0.0 0.0 0.0 0.0 0.0 16.4466985358 0.0 0.0 3.8492777368 0.0 
3.0125 0.0 0.0 0.0 0.0 0.0 16.1191275205 0.0 0.0 4.8288377452 0.0 
3.0375 0.0 0.0 0.0 0.0 0.0 15.5296688304 0.0 0.0 5.9701128457 0.0 
3.0625 0.0 0.0 0.0053926077 0.0 0.0 14.8857542293 0.0 0.0 6.8285120292 0.0 
3.0875 0.0 0.0 0.0072349528 0.0 0.0 13.8074732709 0.0 0.0 7.8518530799 0.0 
3.1125 0.0 0.0 0.0256291057 0.0 0.0 12.7773431687 0.0 0.0 9.0304628429 0.0 
3.1375 0.0 0.0 0.0294260203 0.0 0.0 11.6784868193 0.0 0.0 9.6554712808 0.0 
3.1625 0.0 0.0 0.057925256 0.0 0.0 10.6796702591 0.0 3.0648283612e-04 10.2739176324 0.0 
3.1875 0.0 0.0 0.0868879123 0.0 0.0 9.451775712 0.0 0.0011564942 10.9582854 0.0 
3.2125 0.0 0.0 0.1425680668 0.0 0.0 8.3952097202 0.0 0.0029206653 11.0637275111 0.0 
3.2375 0.0 0.0 0.18950592 0.0 0.0 7.3959071988 0.0 0.0054590183 11.0606533951 0.0 
3.2625 0.0 0.0 0.2790551868 0.0 0.0 6.4977525065 0.0 0.0073915547 10.8555059492 0.0 
3.2875 0.0 0.0 0.3718249803 0.0 0.0 5.7302739016 0.0 0.0122429024 10.681672318 0.0 
3.3125 0.0 0.0 0.4982287288 0.0 0.0 5.0149717635 0.0 0.0152713787 10.3911488796 0.0 
3.3375 0.0 0.0 0.734331428 0.0 0.0 4.3826253531 0.0 0.0260967199 10.0482461781 0.0 
3.3625 0.0 0.0 0.8645645429 0.0 0.0187390095 3.7416206238 0.0 0.0332107734 9.4024444007 0.0 
3.3875 0.0 0.0 0.9347918272 0.0 0.021925336 3.264599182 0.0158670194 0.0441195743 8.6335017153 0.0 
3.4125 0.0 0.0 1.0072190774 0.0 0.038662051 2.9011541894 0.0142139893 0.0641823037 7.9637823567 0.0 
3.4375 0.0 0.0 1.3113038003 0.0 0.0526700541 2.5777042005 0.0070039966 0.0822753423 7.5351329654 0.0 
3.4625 0.0 0.0 1.5451710527 0.0 0.0469419054 2.2440071639 0.0082838657 0.1193149375 6.9454077348 0.0 
3.4875 0.0 0.0 1.7011514057 0.0 0.0615136348 1.9207133471 0.0299402647 0.1497853312 6.4685337118 0.0 
3.5125 0.0 0.0 1.8577677111 0.0 0.1223555256 1.711978598 0.0214658817 0.1863771864 5.8472167275 0.0 
3.5375 0.0 0.0476179883 2.0425030623 0.0 0.1613720714 1.4950431661 0.0476179883 0.2554812849 5.2581869624 0.0 
3.5625 0.0 0.0182591163 2.2733324373 0.0 0.222761219 1.3053819025 0.0730364652 0.3077804306 4.9553212872 0.0 
3.5875 0.0 0.0115749782 2.4228858597 0.0 0.2680250498 1.1649286658 0.1337553031 0.3868646677 4.5692583524 0.0 
3.6125 0.0 0.0101469563 2.4736729222 0.0 0.293247037 1.0038440236 0.1458624968 0.4566521806 4.0594871684 0.0 
3.6375 0.0 0.0087569642 2.6941564854 0.0 0.3843056288 0.9176047485 0.2114181356 0.5362289188 3.7356097275 0.0 
3.6625 0.0 0.0061698741 2.8432836276 0.0 0.6387053623 0.7998213402 0.3060257532 0.6459324938 3.4102264992 0.0 
3.6875 0.0 0.0048691989 2.8846622248 0.0 0.7907579056 0.7022466895 0.3250190283 0.7760285788 3.0787539042 0.0 
3.7125 0.0 0.0072057623 3.1678666149 0.0 0.995836351 0.6295701217 0.4071255704 0.8975325542 2.8472769121 0.0 
3.7375 0.0 0.0047397913 3.1378076536 0.0 1.0218989986 0.5993202744 0.5474458921 0.999818008 2.4814782231 0.0 
3.7625 0.0 0.0233850675 3.1738733314 0.0 1.1715918831 0.5407796865 0.7366296271 1.1217253918 2.2245045484 0.0 
3.7875 0.0 0.0300005859 3.1923700337 0.0 1.3740268323 0.4616756824 0.7684765455 1.2918699573 1.9618972868 0.0576934343 
3.8125 0.0 0.0250532843 3.0032308285 0.0 1.6521502243 0.4401406546 0.818786884 1.4580674074 1.8473633915 0.1252664217 
3.8375 0.0 0.0303479038 2.9639161613 0.0 1.7853559412 0.3715432668 0.9958608436 1.5998909784 1.6713202582 0.35967886 
3.8625 0.0 0.055474673 2.9540263376 0.0 2.2145489464 0.3526340047 1.0251719572 1.7972081873 1.5606874672 0.2108037574 
3.8875 0.0 0.0909073586 3.0944402431 0.0 2.394258867 0.3183583001 1.2234158987 1.9243612589 1.4679652121 0.3833442834 
3.9125 0.0 0.0746108795 2.8955268871 0.0 2.548448129 0.2865490301 1.5041120788 2.0965203264 1.3645621004 0.4757795217 
3.9375 0.0 0.091816156 2.8232874832 0.0 2.6767612353 0.2610947794 1.6921931071 2.2568835552 1.3039910781 0.4590807798 
3.9625 0.0 0.0759024428 2.6416509886 0.0 3.133927526 0.2447502379 1.8037372164 2.3638496099 1.1988603423 0.8433604753 
3.9875 0.0 0.0811998142 2.5643872954 0.0 3.2217587829 0.2407077114 2.0341594487 2.4675785584 1.0387098743 0.7599469793 
4.0125 0.0 0.1089776948 2.5439552033 0.0 3.2878364913 0.2308065329 2.300868689 2.6020550633 0.9378478769 1.0589342045 
4.0375 0.0 0.1502790721 2.5136769715 0.0 3.3410693162 0.2223159997 2.4095421491 2.7238395211 0.8554737718 1.2286329542 
4.0625 0.0 0.2076086644 2.4028780606 0.0 3.3273550972 0.197189228 2.4602128206 2.8345448503 0.8483204283 1.52446942 
4.0875 0.0 0.247677395 2.3702726697 0.0 3.326802769 0.190821673 2.5312629764 2.9278525829 0.7680751215 1.1591302084 
4.1125 0.0 0.2074846389 2.2947822809 0.0 3.5053159557 0.199111307 2.6150894108 3.0151546411 0.7824171786 1.096145262 
4.1375 0.0 0.2736354424 2.1943478252 0.0 3.4503205394 0.1962826672 2.8156410186 3.0923204359 0.7861512955 1.8371284118 
4.1625 0.0 0.3229015646 2.1505541419 0.0 3.2733429618 0.1711633047 3.0150217101 3.1302097491 0.7536492797 1.7769139356 
4.1875 0.0 0.3048981856 2.1328189213 0.0943957231 3.3914495394 0.1754187188 3.1150588622 3.1894100614 0.6712584754 1.585848148 
4.2125 0.0 0.3908374474 2.0567937267 0.0373114508 3.3953420251 0.1760374979 3.1136405713 3.2329681187 0.6332582348 2.2107034614 
4.2375 0.0 0.4913260315 1.9995648217 0.0322634355 3.3730960871 0.1785755547 3.1913146736 3.2777545057 0.6406596471 3.2539979196 
4.2625 0.0 0.416341228 1.9382187363 0.027330934 3.5012748518 0.1760820729 3.1913420602 3.273722894 0.6255747116 3.0428439855 
4.2875 0.0 0.430409301 1.8371433727 0.027013136 3.3258573098 0.177536333 3.4270665262 3.2636148201 0.5930383848 3.4756901711 
4.3125 0.0 0.4743850831 1.795384862 0.0222507075 3.1382397803 0.1724182598 3.6464459387 3.2087992459 0.5599761378 3.4622100809 
4.3375 0.0 0.6281759158 1.700698801 0.017595964 3.3580137751 0.1778658697 3.787531257 3.2446631816 0.5635596257 3.765536302 
4.3625 0.0 0.6523076062 1.5691621859 0.0173948695 3.2799765924 0.1881545051 3.8373082111 3.1857844479 0.5518039157 3.4789738995 
4.3875 0.0 0.6689711837 1.5668562428 0.0214965033 3.013637795 0.1866374189 3.5632603922 3.1533512665 0.5166326301 4.4282796863 
4.4125 0.0 0.8450434377 1.4943647646 0.0850144304 3.222386968 0.1884014237 3.9276666822 3.1038663565 0.5263810146 4.2847272897 
4.4375 0.0 0.8716941336 1.388845148 0.0672473777 3.1723950435 0.1896936446 4.1844680781 3.0626614367 0.5083247961 5.0435533283 
4.4625 0.0 0.9483994599 1.4956986321 0.0581840159 3.1173333343 0.1754294259 4.1177659284 3.0067642067 0.540741926 4.6879692847 
4.4875 0.0 1.0192363089 1.4621839879 0.1027455957 3.168838563 0.1785946776 4.0736573765 2.967698711 0.4797077699 3.8878933396 
4.5125 0.0 1.0315477333 1.3378689081 0.0812882375 3.0398549279 0.1796921649 3.8059152777 2.8814422172 0.4929228399 3.771774218 
4.5375 0.0 0.9727791269 1.2715804289 0.0683357238 2.8582019436 0.1791021257 3.8581545701 2.8361558565 0.4785733859 3.931313992 
4.5625 0.198790861 1.1275417638 1.1602759922 0.1789117749 2.8587716143 0.198790861 3.7587376004 2.8151976392 0.522378207 4.8345937403 
4.5875 0.1337084763 1.1436007325 1.1511600679 0.2162931234 2.6773156076 0.2009122791 3.7257473658 2.716335761 0.5593034302 4.9157528048 
4.6125 0.093362113 1.3039575114 1.1186164279 0.1439332575 2.6698452245 0.1880641452 3.8208444742 2.6144753442 0.4864771212 4.893730756 
4.6375 0.0769651909 1.2506843514 1.1531951097 0.2078060153 2.6045020586 0.191429533 3.7982321688 2.5865767706 0.4675635345 4.9642548102 
4.6625 0.0685278375 1.3469527163 1.1080782113 0.1560911853 2.5038548968 0.2018187114 3.8390817387 2.521617613 0.4716576467 6.472073538 
4.6875 0.0527324193 1.2738645865 1.0634371227 0.2297626841 2.482340973 0.1954866116 3.4057609671 2.4427572476 0.4890304124 6.4484215612 
4.7125 0.0596278966 1.2328067622 1.1122259046 0.2385115864 2.4167186492 0.2063373672 3.3190377945 2.3956289615 0.5064230385 6.4398128328 
4.7375 0.2581260516 1.327505408 0.9401114687 0.2655010816 2.1387587129 0.2182599169 3.6292522849 2.3023751202 0.4853179493 6.460526319 
4.7625 0.1459561062 1.5106456988 0.923780522 0.1933918407 2.0133185285 0.2083523416 3.5744650401 2.2451562887 0.4415172212 6.5753225829 
4.7875 0.1372139567 1.5859044678 0.9430450444 0.187766467 1.9045297188 0.2004447157 3.3068563562 2.127930802 0.4541701724 6.0085269455 
4.8125 0.1286451125 1.6809628033 0.9763528754 0.4252435663 1.6952567047 0.2241760201 3.2354245793 2.0860493216 0.4127364026 5.8390587172 
4.8375 0.1556119718 1.5483391196 1.0240525216 0.3748833866 1.6110083046 0.2212755084 3.1193127077 2.0206852008 0.4210561308 6.040573815 
4.8625 0.2590268513 1.490454504 0.9904082236 0.339535197 1.5533210209 0.2303627688 3.1594275136 1.9462017478 0.47527149 5.9506168548 
4.8875 0.1801615493 1.5708701241 0.9779923419 0.4885149702 1.5053190374 0.2419862177 3.0849200673 1.8746510689 0.4398174574 5.8413917717 
4.9125 0.2537808851 1.393737185 0.9230993905 0.6070164413 1.4609548249 0.2570960408 2.765525753 1.8486756215 0.4467839155 6.1387538416 
4.9375 0.339483059 1.6661828538 0.8939720555 0.4379331462 1.289220865 0.2514060654 2.9025801548 1.7362672453 0.4549072991 6.531654056 
4.9625 0.2218069906 1.6924545525 0.87005099 0.480581813 1.192649467 0.2568330777 2.6502574664 1.6930105221 0.5061605652 5.9686244742 
4.9875 0.1929720981 1.7434030936 0.8709621901 0.5888976098 1.1455888419 0.2689409988 2.4939980132 1.6680913988 0.465055363 5.6960040003 
