# Radial distribution function (200 data points):
# "Pair separation distance" g(r)
0.0125 0.0 
0.0375 0.0 
0.0625 0.0 
0.0875 0.0 
0.1125 0.0 
0.1375 0.0 
0.1625 0.0 
0.1875 0.0 
0.2125 0.0 
0.2375 0.0 
0.2625 0.0 
0.2875 0.0 
0.3125 0.0 
0.3375 0.0 
0.3625 0.0 
0.3875 0.0 
0.4125 0.0 
0.4375 0.0 
0.4625 0.0 
0.4875 0.0 
0.5125 0.0 
0.5375 0.0 
0.5625 0.0 
0.5875 0.0 
0.6125 0.0 
0.6375 0.0 
0.6625 0.0 
0.6875 0.0 
0.7125 0.0 
0.7375 0.0 
0.7625 0.0 
0.7875 0.0 
0.8125 0.0 
0.8375 0.0 
0.8625 0.0 
0.8875 0.0 
0.9125 0.0 
0.9375 0.0 
0.9625 0.0 
0.9875 0.0 
1.0125 0.0 
1.0375 0.0 
1.0625 0.0 
1.0875 0.0 
1.1125 0.0 
1.1375 0.0 
1.1625 0.0 
1.1875 0.0 
1.2125 0.0 
1.2375 0.0 
1.2625 0.0 
1.2875 0.0 
1.3125 0.0 
1.3375 0.0 
1.3625 0.0 
1.3875 0.0 
1.4125 0.0 
1.4375 0.0 
1.4625 0.0 
1.4875 0.0 
1.5125 0.0 
1.5375 0.0 
1.5625 0.0 
1.5875 0.0 
1.6125 0.0 
1.6375 0.0 
1.6625 0.0 
1.6875 0.0 
1.7125 0.0 
1.7375 0.0 
1.7625 0.0 
1.7875 0.0 
1.8125 0.0 
1.8375 0.0 
1.8625 0.0 
1.8875 0.0 
1.9125 0.0 
1.9375 0.0 
1.9625 0.0 
1.9875 0.0 
2.0125 0.0 
2.0375 0.0 
2.0625 0.0 
2.0875 0.0 
2.1125 0.0 
2.1375 0.0 
2.1625 0.0 
2.1875 0.0 
2.2125 0.0 
2.2375 0.0 
2.2625 0.0 
2.2875 0.0 
2.3125 0.0 
2.3375 0.0 
2.3625 0.0 
2.3875 0.0 
2.4125 0.0 
2.4375 0.0 
2.4625 0.0 
2.4875 0.0 
2.5125 0.0 
2.5375 0.0011927945 
2.5625 0.0044768755 
2.5875 0.0123812209 
2.6125 0.0348452556 
2.6375 0.0916370569 
2.6625 0.193895694 
2.6875 0.3642198307 
2.7125 0.6523351085 
2.7375 1.0003111633 
2.7625 1.4957291689 
2.7875 2.064706518 
2.8125 2.6076489974 
2.8375 3.1841133846 
2.8625 3.7369943751 
2.8875 4.161859218 
2.9125 4.5298121239 
2.9375 4.7267792401 
2.9625 4.9558906664 
2.9875 4.9583675759 
3.0125 4.92044978 
3.0375 4.8164231231 
3.0625 4.6807301251 
3.0875 4.4292357727 
3.1125 4.2015057288 
3.1375 3.9212542885 
3.1625 3.6710180657 
3.1875 3.3589129144 
3.2125 3.0648170976 
3.2375 2.7808604049 
3.2625 2.5165352252 
3.2875 2.2933470486 
3.3125 2.0794567008 
3.3375 1.8968011114 
3.3625 1.6869324801 
3.3875 1.5153407455 
3.4125 1.3873081013 
3.4375 1.296803971 
3.4625 1.199194483 
3.4875 1.1043276121 
3.5125 1.0387125484 
3.5375 0.9915123338 
3.5625 0.9622449957 
3.5875 0.9518438926 
3.6125 0.9163716232 
3.6375 0.9315007997 
3.6625 0.9559454786 
3.6875 0.9849415587 
3.7125 1.0395320937 
3.7375 1.0642916918 
3.7625 1.1072174692 
3.7875 1.1673827969 
3.8125 1.2418047575 
3.8375 1.2917866256 
3.8625 1.3994884228 
3.8875 1.4694834989 
3.9125 1.5427021233 
3.9375 1.6192441035 
3.9625 1.6739018713 
3.9875 1.7199869572 
4.0125 1.7876947802 
4.0375 1.8466942234 
4.0625 1.8917060798 
4.0875 1.9329140186 
4.1125 1.9847745667 
4.1375 2.0216457219 
4.1625 2.0264614359 
4.1875 2.0586423425 
4.2125 2.0771583166 
4.2375 2.1018503593 
4.2625 2.0982140239 
4.2875 2.0833683078 
4.3125 2.0458404075 
4.3375 2.0747330801 
4.3625 2.0365217413 
4.3875 2.0038730856 
4.4125 1.9920853366 
4.4375 1.9676717213 
4.4625 1.9399681348 
4.4875 1.9165325009 
4.5125 1.85623316 
4.5375 1.8207852616 
4.5625 1.8147283735 
4.5875 1.7583073623 
4.6125 1.6991904564 
4.6375 1.6830624792 
4.6625 1.6504183461 
4.6875 1.597352366 
4.7125 1.5752139956 
4.7375 1.5149727717 
4.7625 1.4758030572 
4.7875 1.4062264024 
4.8125 1.3833637764 
4.8375 1.3447250984 
4.8625 1.3072315107 
4.8875 1.269080127 
4.9125 1.2484592885 
4.9375 1.1872455858 
4.9625 1.1595262897 
4.9875 1.1440770054 
